# Local nodes
23
30
31
36
37
39
40
41
45
46
59
65
68
74
77
79
80
81
86
89
94
96
104
105
106
107
110
113
114
115
118
122
123
132
141
150
151
154
166
167
172
173
174
182
183
184
186
189
195
196
198
203
204
209
210
211
212
218
219
221
223
224
225
230
231
235
237
247
249
251
256
268
272
274
279
280
284
288
290
292
299
306
307
309
311
316
319
321
329
332
334
335
336
344
347
349
351
354
355
359
363
364
366
370
376
378
379
386
388
403
407
408
409
415
416
425
429
457
460
461
471
475
477
485
494
499
513
516
518
523
526
527
529
542
549
550
552
561
576
581
584
589
590
592
597
599
600
603
609
610
612
613
622
640
651
653
655
658
659
666
670
678
679
681
683
688
695
696
699
702
706
719
723
726
730
739
744
745
747
752
753
756
767
770
773
777
786
793
794
805
811
814
815
817
821
824
832
837
843
844
846
850
856
863
866
877
879
880
883
884
910
912
917
921
923
925
926
930
932
935
936
938
941
947
957
958
960
964
969
976
983
984
985
991
992
995
997
1003
1014
1016
1017
1022
1023
1027
1031
1041
1042
1043
1045
1053
1057
1062
1064
1065
1077
1078
1082
1086
1092
1100
1102
1104
1109
1125
1127
1131
1134
1140
1141
1147
1155
1158
1165
1180
1181
1187
1188
1190
1191
1192
1193
1194
1195
1196
1197
1200
1204
1205
1211
1213
1217
1222
1225
1230
1237
1241
1242
1246
1268
1271
1272
1274
1276
1277
1289
1290
1296
1305
1312
1314
1321
1322
1325
1336
1339
1341
1346
1347
1358
1362
1363
1366
1371
1378
1384
1400
1404
1410
1411
1414
1421
1422
1431
1434
1438
1440
1441
1453
1462
1469
1470
1474
1477
1480
1481
1482
1484
1489
1494
1496
1499
1508
1510
1514
1518
1526
1528
1530
1543
1553
1559
1566
1575
1587
1588
1589
1595
1599
1614
1620
1624
1627
1633
1641
1643
1644
1645
1647
1651
1653
1654
1665
1671
1674
1678
1682
1686
1691
1692
1693
1695
1703
1709
1711
1723
1730
1731
1732
1741
1745
1746
1752
1753
1754
1755
1756
1758
1766
1767
1769
1772
1773
1774
1775
1782
1783
1786
1794
1800
1802
1805
1809
1811
1814
1820
1825
1838
1843
1846
1847
1850
1852
1853
1855
1859
1869
1876
1878
1891
1892
1894
1902
1915
1916
1917
1922
1942
1947
1955
1956
1957
1958
1962
1968
1969
1970
1973
1974
1984
1987
1989
1990
2001
2002
2026
2036
2041
2059
2066
2067
2071
2077
2082
2083
2089
2105
2109
2114
2120
2125
2133
2146
2153
2158
2161
2172
2173
2174
2176
2181
2188
2196
2199
2203
2207
2208
2211
2215
2216
2220
2223
2224
2232
2236
2239
2242
2248
2253
2255
2257
2259
2275
2280
2281
2282
2283
2287
2294
2295
2298
2300
2310
2313
2320
2328
2342
2349
2352
2356
2358
2361
2362
2367
2369
2371
2373
2374
2375
2388
2392
2393
2401
2423
2427
2429
2434
2438
2445
2451
2453
2465
2466
2467
2470
2472
2474
2475
2479
2480
2485
2488
2491
2496
2498
2500
2505
2508
2512
2515
2516
2526
2529
2534
2535
2537
2547
2550
2551
2552
2561
2562
2568
2572
2580
2581
2592
2593
2595
2599
2609
2613
2617
2619
2626
2628
2629
2631
2632
2637
2642
2645
2648
2657
2662
2666
2678
2680
2685
2690
2691
2692
2695
2697
2699
2703
2707
2714
2715
2719
2720
2723
2728
2731
2738
2744
2749
2753
2758
2761
2763
2768
2770
2786
2791
2793
2795
2796
2801
2804
2810
2816
2818
2819
2822
2823
2829
2830
2837
2839
2841
2843
2847
2849
2850
2858
2859
2860
2872
2873
2874
2882
2883
2884
2894
2898
2900
2904
2906
2909
2929
2932
2934
2936
2955
2960
2966
2969
2970
2976
2977
2985
2986
2988
2993
3004
3007
3024
3028
3030
3031
3032
3041
3043
3050
3055
3060
3061
3063
3069
3070
3073
3076
3082
3083
3090
3091
3092
3094
3100
3101
3107
3110
3111
3114
3116
3118
3123
3127
3131
3144
3151
3156
3158
3163
3165
3172
3176
3177
3178
3189
3191
3201
3204
3205
3210
3213
3219
3223
3225
3231
3233
3241
3243
3244
3248
3252
3254
3255
3262
3263
3269
3271
3281
3284
3292
3293
3294
3298
3299
3306
3324
3335
3336
3344
3352
3359
3363
3364
3365
3376
3379
3380
3398
3400
3404
3408
3409
3411
3414
3417
3420
3424
3425
3426
3428
3434
3435
3437
3438
3439
3440
3441
3443
3451
3457
3459
3462
3464
3466
3470
3476
3478
3486
3487
3488
3497
3501
3508
3509
3513
3514
3517
3527
3533
3534
3536
3539
3543
3545
3549
3554
3565
3569
3582
3587
3594
3605
3606
3613
3616
3625
3627
3631
3642
3646
3647
3649
3652
3655
3675
3678
3682
3686
3690
3691
3705
3707
3709
3714
3724
3725
3730
3731
3734
3735
3754
3757
3766
3777
3781
3782
3788
3793
3794
3801
3806
3807
3809
3813
3815
3829
3848
3850
3856
3860
3862
3863
3865
3867
3868
3872
3875
3879
3891
3892
3895
3899
3903
3909
3913
3916
3926
3931
3932
3933
3937
3943
3952
3964
3973
3974
3977
3981
3988
3996
3997
3999
4002
4008
4010
4011
4012
4023
4026
4032
4034
4038
4041
4044
4050
4057
4061
4062
4065
4068
4072
4080
4081
4086
4090
4092
4093
4095
4096
4099
4102
4111
4112
4113
4115
4117
4118
4119
4123
4125
4134
4135
4139
4142
4145
4147
4152
4153
4160
4163
4166
4170
4180
4181
4188
4191
4194
4199
4203
4204
4206
4207
4208
4211
4212
4216
4231
4232
4234
4239
4242
4245
4246
4255
4256
4257
4260
4263
4264
4265
4266
4273
4275
4284
4285
4286
4290
4292
4301
4315
4316
4317
4324
4326
4334
4341
4346
4348
4356
4360
4364
4369
4373
4378
4386
4399
4401
4406
4410
4411
4415
4418
4421
4427
4433
4442
4455
4456
4463
4470
4476
4483
4485
4489
4491
4494
4512
4514
4517
4518
4525
4526
4528
4532
4535
4538
4544
4547
4550
4552
4558
4564
4567
4570
4571
4576
4577
4579
4585
4587
4592
4595
4596
4597
4602
4603
4604
4610
4612
4618
4620
4621
4622
4625
4629
4643
4648
4649
4651
4660
4664
4666
4667
4668
4671
4677
4678
4679
4684
4686
4691
4695
4699
4703
4704
4705
4707
4709
4714
4730
4731
4733
4751
4755
4756
4763
4767
4772
4778
4782
4785
4792
4793
4798
4799
4802
4807
4813
4820
4823
4831
4838
4844
4846
4857
4871
4878
4885
4887
4888
4897
4898
4899
4901
4903
4906
4928
4941
4952
4953
4960
4964
4965
4966
4972
4985
4989
4997
4998
5011
5015
5020
5025
5026
5038
5042
5051
5059
5069
5070
5072
5076
5079
5080
5081
5101
5104
5105
5114
5117
5124
5130
5132
5137
5144
5147
5148
5151
5152
5156
5159
5160
5163
5167
5169
5174
5176
5180
5195
5201
5205
5206
5209
5211
5212
5213
5224
5225
5232
5235
5238
5241
5250
5255
5257
5258
5268
5269
5271
5275
5277
5280
5287
5290
5293
5295
5299
5303
5310
5317
5326
5327
5328
5332
5335
5341
5349
5358
5359
5364
5374
5378
5389
5403
5404
5411
5414
5415
5416
5421
5423
5424
5425
5434
5441
5445
5454
5456
5461
5476
5486
5489
5495
5503
5505
5508
5510
5518
5520
5522
5523
5524
5525
5539
5540
5547
5549
5551
5556
5559
5562
5577
5578
5580
5582
5583
5585
5597
5602
5606
5608
5610
5614
5636
5638
5640
5646
5649
5654
5656
5657
5661
5663
5671
5677
5682
5686
5691
5693
5696
5697
5701
5709
5712
5715
5726
5735
5736
5745
5750
5753
5757
5759
5764
5765
5770
5773
5776
5778
5781
5783
5788
5793
5795
5797
5802
5805
5807
5808
5815
5816
5821
5822
5824
5826
5833
5837
5838
5841
5856
5865
5868
5871
5873
5880
5889
5891
5895
5901
5902
5905
# Ghost nodes
11
12
18
61
69
82
91
97
98
108
112
116
128
131
133
135
136
137
143
147
175
179
190
191
202
205
222
232
234
246
252
261
277
282
302
320
333
362
380
383
387
389
418
420
434
442
450
464
479
482
484
488
505
506
510
531
539
541
553
557
563
568
570
571
577
587
598
626
628
632
633
648
654
660
682
684
690
691
697
704
705
707
711
724
741
769
775
781
784
787
869
878
885
895
907
918
940
962
965
973
996
1001
1036
1061
1066
1075
1091
1095
1106
1111
1113
1118
1145
1149
1150
1159
1163
1172
1179
1215
1234
1258
1270
1282
1288
1294
1300
1323
1324
1333
1340
1342
1356
1359
1374
1385
1387
1390
1394
1397
1398
1408
1437
1443
1456
1458
1466
1468
1485
1511
1513
1517
1544
1571
1581
1590
1592
1594
1655
1680
1684
1717
1744
1791
1792
1796
1798
1799
1817
1822
1824
1836
1864
1866
1871
1881
1904
1907
1908
1921
1928
1932
1938
1946
1948
1951
1952
1960
1961
1964
1965
1972
1986
1988
1991
2009
2034
2064
2068
2076
2086
2094
2095
2123
2143
2157
2186
2209
2218
2245
2256
2278
2288
2296
2306
2330
2344
2346
2355
2357
2359
2364
2376
2386
2397
2398
2403
2406
2408
2418
2428
2437
2463
2486
2493
2509
2511
2527
2528
2558
2565
2586
2589
2607
2630
2634
2635
2641
2646
2650
2654
2661
2684
2689
2693
2698
2705
2722
2725
2727
2736
2743
2745
2751
2757
2764
2774
2777
2778
2780
2788
2815
2826
2831
2835
2854
2861
2863
2875
2890
2905
2937
2948
2951
2959
2964
2965
2978
2979
3006
3008
3009
3011
3013
3014
3026
3033
3036
3048
3058
3072
3074
3078
3081
3087
3095
3104
3105
3117
3147
3148
3162
3166
3175
3203
3208
3211
3215
3224
3230
3234
3256
3257
3270
3278
3280
3305
3313
3317
3334
3345
3367
3370
3387
3394
3396
3402
3403
3445
3455
3460
3469
3472
3484
3491
3499
3503
3525
3526
3537
3541
3546
3550
3553
3561
3574
3576
3580
3595
3597
3598
3603
3608
3609
3615
3617
3636
3641
3656
3668
3673
3680
3696
3699
3718
3719
3720
3736
3744
3756
3759
3763
3768
3779
3784
3799
3803
3811
3841
3846
3852
3870
3885
3888
3898
3904
3907
3925
3947
3961
3987
4003
4009
4014
4056
4074
4076
4107
4121
4132
4156
4169
4172
4175
4184
4193
4195
4196
4217
4220
4230
4243
4248
4253
4271
4293
4294
4298
4304
4322
4328
4344
4362
4366
4367
4391
4394
4408
4424
4447
4459
4471
4478
4479
4482
4484
4496
4508
4521
4549
4554
4555
4613
4665
4673
4674
4687
4692
4693
4700
4711
4726
4740
4744
4749
4750
4759
4789
4791
4796
4804
4806
4815
4829
4845
4873
4874
4910
4914
4921
4938
4940
4942
4945
4954
4955
4959
4962
4970
4974
4975
4982
4993
5001
5016
5018
5027
5041
5052
5065
5066
5075
5085
5086
5088
5091
5099
5118
5125
5128
5141
5142
5150
5178
5189
5191
5214
5215
5227
5229
5262
5294
5307
5313
5325
5333
5343
5354
5355
5365
5369
5379
5388
5396
5402
5412
5418
5419
5432
5444
5446
5459
5475
5480
5482
5497
5537
5560
5566
5584
5598
5599
5619
5621
5627
5631
5643
5666
5667
5678
5705
5729
5751
5763
5779
5785
5791
5800
5801
5813
5830
5876
5877
5882
5884
5886
5896
5899
