# Local nodes
1
3
5
6
9
10
12
16
17
19
28
35
43
44
47
50
51
58
60
61
71
76
78
85
93
112
129
133
142
148
149
155
156
159
162
164
168
171
179
185
190
192
201
205
207
214
216
226
232
234
236
238
240
242
244
250
257
260
262
265
269
270
273
287
293
302
310
315
317
318
320
323
326
331
338
339
340
343
346
353
357
368
369
372
384
390
392
395
397
402
417
418
423
426
430
435
437
438
443
450
452
458
459
466
472
474
476
478
482
483
486
491
493
495
497
507
508
509
512
519
521
522
530
531
533
541
548
556
559
562
566
568
569
575
579
583
585
587
591
593
594
618
621
624
625
627
629
631
637
639
646
650
652
654
657
667
669
672
675
680
684
689
693
697
700
704
705
709
710
712
713
716
720
721
725
728
738
740
741
749
751
757
758
760
763
772
776
778
779
781
782
790
796
798
807
808
813
819
826
829
831
833
835
836
838
839
853
857
861
862
869
870
872
878
882
886
887
888
892
898
901
908
909
911
914
919
929
931
937
942
943
944
950
955
963
967
973
979
989
994
996
999
1002
1006
1009
1019
1025
1030
1032
1034
1039
1040
1044
1052
1059
1068
1069
1071
1072
1075
1076
1081
1089
1097
1098
1103
1107
1108
1112
1120
1122
1129
1133
1145
1149
1150
1151
1153
1156
1159
1161
1163
1164
1167
1169
1171
1172
1173
1175
1177
1182
1186
1189
1199
1201
1208
1215
1216
1223
1226
1235
1236
1238
1240
1243
1245
1247
1250
1255
1256
1260
1262
1264
1275
1280
1286
1287
1295
1303
1308
1309
1311
1315
1316
1317
1320
1326
1328
1333
1351
1365
1367
1369
1370
1374
1375
1377
1380
1382
1383
1385
1391
1392
1394
1395
1396
1397
1401
1402
1403
1412
1413
1415
1419
1420
1425
1432
1433
1435
1436
1444
1445
1450
1451
1458
1460
1461
1465
1467
1468
1471
1486
1491
1503
1504
1506
1507
1511
1515
1522
1531
1532
1539
1540
1546
1549
1557
1560
1567
1571
1573
1574
1577
1582
1590
1592
1593
1594
1596
1608
1618
1619
1625
1631
1635
1638
1639
1649
1657
1659
1667
1669
1677
1679
1681
1690
1697
1698
1700
1701
1705
1708
1712
1718
1721
1724
1733
1734
1735
1743
1744
1748
1761
1762
1763
1770
1778
1785
1810
1815
1816
1822
1823
1826
1830
1833
1834
1835
1836
1837
1848
1862
1870
1871
1872
1874
1877
1882
1888
1889
1890
1896
1898
1904
1905
1906
1907
1914
1919
1920
1924
1929
1933
1935
1937
1938
1940
1943
1945
1950
1954
1965
1971
1978
1982
1983
1992
1994
1995
1998
2007
2010
2011
2012
2019
2027
2031
2034
2035
2037
2038
2040
2053
2054
2057
2064
2065
2069
2072
2078
2079
2081
2092
2093
2095
2096
2100
2101
2104
2106
2118
2123
2129
2138
2141
2142
2143
2148
2156
2159
2163
2167
2168
2175
2179
2185
2192
2193
2202
2209
2218
2225
2228
2234
2237
2238
2241
2243
2245
2266
2268
2271
2272
2273
2274
2285
2291
2303
2308
2316
2323
2326
2336
2339
2350
2360
2366
2372
2378
2379
2381
2383
2395
2396
2399
2400
2411
2415
2416
2421
2425
2432
2437
2440
2446
2448
2449
2457
2459
2460
2469
2476
2482
2487
2497
2499
2511
2513
2522
2533
2539
2541
2553
2556
2557
2559
2560
2565
2573
2576
2583
2589
2590
2594
2596
2601
2604
2605
2612
2620
2624
2627
2634
2636
2638
2640
2643
2649
2655
2656
2661
2665
2672
2673
2677
2679
2682
2686
2687
2694
2701
2705
2710
2711
2724
2726
2733
2735
2736
2737
2746
2747
2750
2754
2756
2760
2762
2765
2769
2782
2783
2787
2790
2794
2798
2803
2808
2809
2811
2814
2817
2835
2840
2842
2844
2845
2851
2861
2865
2866
2868
2876
2877
2880
2887
2897
2903
2911
2912
2915
2919
2924
2925
2933
2942
2945
2947
2948
2952
2965
2967
2971
2980
2981
2987
2990
2994
2995
3002
3008
3009
3013
3016
3017
3026
3027
3038
3039
3040
3044
3046
3048
3066
3068
3071
3075
3080
3098
3102
3104
3105
3108
3113
3117
3119
3122
3125
3126
3133
3141
3145
3146
3149
3152
3154
3155
3160
3167
3168
3182
3185
3186
3188
3198
3200
3202
3206
3209
3211
3214
3216
3221
3226
3229
3236
3240
3245
3251
3253
3259
3275
3279
3283
3286
3288
3289
3291
3295
3296
3302
3303
3305
3310
3311
3312
3314
3315
3316
3317
3321
3329
3341
3342
3348
3349
3356
3367
3381
3382
3384
3399
3403
3416
3419
3430
3433
3449
3450
3452
3463
3477
3483
3485
3493
3506
3507
3510
3515
3520
3521
3522
3528
3529
3531
3532
3540
3542
3544
3550
3551
3556
3563
3564
3566
3570
3572
3575
3580
3581
3584
3586
3589
3591
3600
3601
3603
3608
3609
3611
3618
3621
3623
3637
3638
3640
3643
3644
3645
3648
3653
3654
3666
3667
3668
3671
3679
3683
3687
3696
3697
3699
3702
3706
3708
3710
3716
3727
3728
3729
3738
3742
3745
3750
3751
3758
3764
3765
3768
3770
3774
3778
3779
3783
3784
3787
3790
3798
3811
3816
3818
3821
3824
3826
3833
3834
3835
3840
3846
3849
3853
3866
3870
3873
3876
3880
3888
3889
3890
3894
3900
3904
3908
3911
3920
3921
3922
3924
3928
3939
3944
3945
3949
3951
3953
3955
3957
3959
3961
3962
3963
3965
3971
3979
3989
3991
3995
3998
4001
4004
4005
4009
4013
4021
4025
4027
4029
4030
4040
4043
4045
4046
4051
4054
4066
4069
4077
4079
4082
4083
4088
4097
4100
4101
4105
4116
4127
4128
4131
4133
4137
4138
4140
4141
4144
4146
4154
4156
4168
4171
4173
4176
4179
4183
4184
4187
4193
4201
4202
4205
4209
4217
4218
4222
4228
4241
4249
4250
4252
4259
4268
4269
4271
4272
4276
4281
4282
4287
4291
4299
4307
4309
4310
4311
4312
4314
4323
4329
4333
4336
4337
4344
4350
4351
4353
4357
4359
4361
4365
4370
4377
4380
4381
4384
4388
4393
4397
4398
4403
4405
4407
4413
4417
4426
4428
4436
4439
4441
4445
4447
4453
4454
4457
4458
4460
4461
4462
4466
4467
4468
4472
4473
4477
4487
4493
4495
4496
4500
4503
4515
4519
4520
4522
4531
4534
4540
4541
4545
4548
4551
4553
4557
4560
4561
4563
4574
4575
4581
4583
4586
4590
4593
4600
4609
4611
4613
4615
4624
4626
4628
4631
4632
4633
4634
4639
4640
4642
4644
4645
4647
4659
4672
4681
4687
4698
4701
4708
4721
4723
4724
4738
4739
4741
4742
4743
4746
4748
4753
4754
4758
4759
4760
4762
4765
4769
4770
4771
4773
4776
4777
4783
4789
4796
4800
4803
4815
4819
4826
4827
4828
4833
4841
4847
4855
4858
4864
4869
4877
4882
4883
4886
4896
4900
4902
4909
4913
4922
4933
4934
4935
4937
4944
4945
4946
4947
4951
4958
4967
4976
4977
4983
4984
4986
5000
5002
5003
5004
5005
5009
5010
5012
5013
5014
5019
5022
5027
5028
5031
5032
5034
5044
5047
5055
5067
5077
5078
5085
5086
5087
5095
5099
5108
5115
5120
5123
5129
5138
5168
5170
5173
5181
5182
5188
5193
5194
5196
5197
5199
5208
5210
5216
5217
5218
5219
5222
5230
5231
5233
5240
5244
5245
5247
5252
5253
5256
5259
5260
5261
5267
5270
5272
5278
5281
5291
5304
5315
5318
5320
5321
5324
5330
5331
5334
5338
5339
5350
5353
5355
5357
5360
5361
5367
5370
5375
5379
5381
5383
5386
5387
5388
5394
5398
5399
5400
5401
5402
5405
5408
5409
5412
5413
5420
5426
5427
5429
5430
5432
5437
5447
5448
5458
5465
5466
5467
5471
5472
5474
5478
5479
5487
5488
5491
5498
5500
5502
5504
5507
5509
5515
5517
5530
5533
5534
5541
5545
5552
5554
5555
5557
5563
5564
5565
5571
5581
5588
5593
5596
5603
5604
5607
5612
5617
5619
5622
5624
5631
5632
5637
5639
5641
5642
5644
5645
5652
5658
5662
5665
5670
5675
5678
5684
5688
5690
5699
5703
5705
5707
5708
5717
5718
5719
5720
5721
5723
5727
5729
5730
5731
5737
5741
5744
5746
5756
5762
5768
5774
5786
5789
5792
5804
5812
5814
5819
5825
5828
5831
5832
5834
5835
5839
5840
5842
5846
5847
5848
5850
5853
5854
5858
5859
5861
5863
5864
5872
5874
5883
5886
5890
5892
5904
# Ghost nodes
0
11
18
25
77
94
96
116
126
137
146
147
150
180
191
194
227
239
246
253
280
282
336
350
394
399
419
442
462
464
469
505
506
527
529
553
557
561
571
589
626
633
641
660
668
690
694
695
734
735
736
773
775
777
793
821
830
832
873
876
921
923
978
1003
1011
1017
1028
1061
1067
1077
1104
1109
1115
1137
1178
1184
1190
1197
1221
1232
1263
1313
1324
1340
1372
1390
1429
1430
1447
1449
1454
1456
1466
1499
1541
1564
1575
1581
1707
1732
1760
1791
1803
1805
1838
1864
1909
1910
1928
1957
1964
1999
2013
2030
2046
2060
2074
2089
2097
2111
2113
2160
2181
2189
2217
2229
2239
2276
2297
2298
2306
2327
2334
2371
2386
2406
2428
2429
2450
2468
2485
2535
2562
2639
2678
2695
2698
2745
2774
2778
2788
2815
2857
2886
2900
2917
2930
2932
2937
2944
2973
3001
3010
3014
3018
3029
3035
3051
3063
3073
3074
3079
3089
3090
3094
3099
3112
3137
3140
3159
3162
3172
3174
3181
3192
3233
3238
3241
3262
3268
3326
3345
3379
3387
3401
3402
3436
3445
3467
3471
3503
3576
3595
3617
3669
3670
3752
3782
3788
3801
3842
3850
3860
3867
3886
3931
3934
3938
3940
3941
3977
3986
4024
4028
4048
4056
4068
4071
4080
4096
4132
4145
4155
4158
4175
4208
4253
4258
4274
4316
4322
4347
4367
4378
4395
4482
4498
4501
4525
4528
4537
4549
4550
4552
4585
4614
4621
4637
4653
4666
4720
4744
4750
4761
4767
4768
4814
4829
4835
4837
4872
4874
4906
4920
4923
4929
4948
4964
4965
5062
5066
5068
5072
5084
5125
5127
5132
5134
5163
5185
5263
5293
5294
5308
5312
5317
5342
5347
5363
5366
5369
5396
5449
5538
5543
5544
5560
5574
5584
5615
5621
5634
5661
5683
5704
5715
5716
5732
5760
5763
5800
5817
5867
5877
5897
5906
