0 568 9
1 4413 4
1 4896 8
1 5471 8
1 3531 2
1 1965 4
1 2565 10
1 3317 8
1 5565 2
1 2448 7
1 955 1
1 3699 3
1 519 8
1 3849 9
1 5557 7
1 1618 3
1 3779 10
1 3550 7
1 3866 9
1 5729 10
3 1712 7
3 3833 1
3 1172 3
3 5062 7
3 1449 2
3 3940 1
5 4698 8
5 521 9
5 4311 3
5 4398 1
6 5281 4
9 3008 2
10 5708 6
11 4967 5
12 2148 10
12 3867 3
12 5768 5
12 527 4
16 1734 7
16 5612 4
16 2148 2
16 1052 6
16 2677 1
16 3048 9
17 2760 9
17 709 2
17 1333 3
17 2638 9
17 1835 4
17 521 9
17 1159 5
17 192 8
18 155 6
19 2851 5
19 5334 6
25 417 3
28 4976 10
28 684 4
28 450 10
28 1877 3
28 5028 5
35 3008 8
43 3563 10
43 4428 5
44 4541 6
44 4739 9
44 3283 4
44 5789 10
44 1226 9
44 3126 4
44 2175 7
44 4855 3
44 162 5
44 2842 6
44 3618 9
44 5719 2
44 3924 1
44 2273 1
44 5474 2
44 2469 3
44 1890 1
44 4487 6
44 2798 9
44 3027 10
44 4593 6
44 1009 6
44 5825 5
44 3601 3
44 4100 7
44 2395 10
44 1698 9
44 2396 10
44 4144 5
44 1778 1
44 155 8
44 2372 5
44 472 7
44 2326 7
44 1978 2
44 4520 5
5744 4388 7
5744 1333 3
5744 402 5
5744 3341 6
5744 5003 5
47 3008 4
50 1052 4
50 5768 8
50 3774 4
51 4877 10
58 5173 6
60 2736 10
60 1385 9
60 519 4
60 4632 3
60 5168 9
60 5554 9
60 3367 3
60 2565 10
60 1025 8
60 3211 8
60 2948 5
60 3696 9
60 426 4
60 1215 10
60 5557 6
60 3550 5
60 5729 10
61 3403 1
61 3611 3
61 2104 8
61 541 9
61 1785 3
61 3853 9
61 3367 10
61 4439 4
61 1025 9
61 1836 4
61 3671 5
61 3609 2
61 568 1
61 5055 1
61 2202 4
61 3696 9
61 3506 4
61 2522 3
61 2948 1
61 2736 10
61 4815 6
61 3108 1
61 1511 7
61 2612 9
61 3226 1
61 2034 5
61 3329 10
61 1215 8
61 3117 4
61 531 8
61 3094 6
61 5321 7
61 5357 9
61 5108 3
61 5086 5
61 4156 5
61 3140 4
61 3321 7
61 3452 4
61 4519 6
61 1965 8
61 5420 1
61 2168 6
61 1540 2
61 2072 10
61 779 5
61 4314 10
61 4759 8
61 4205 4
71 2851 4
71 2711 10
71 5850 10
71 1199 8
71 559 4
71 967 10
71 5412 3
71 397 5
71 5413 9
71 5612 5
71 621 8
71 4557 7
71 5394 2
71 2306 6
71 4473 10
71 5366 1
71 869 6
71 4027 6
76 790 1
77 684 6
77 1744 7
78 1201 7
78 5762 7
78 5800 10
78 2915 3
85 2437 2
85 1182 4
85 5401 4
85 3160 10
85 430 10
85 1201 10
85 4426 7
85 3105 10
85 507 5
85 4698 3
85 5874 3
85 402 2
85 5644 3
85 3341 4
85 4934 2
85 5491 1
85 5085 7
85 4760 10
85 919 6
93 522 4
93 3611 3
93 3329 5
93 4337 1
93 3506 3
93 700 3
93 757 10
93 1122 3
93 5545 5
93 2168 6
93 1761 6
93 3671 9
93 3644 6
93 3080 3
93 3356 9
93 5108 6
93 2202 1
93 4156 2
93 3853 6
93 5678 3
93 426 3
93 4395 6
93 5533 4
93 4815 9
93 1511 3
93 4217 4
93 4323 9
93 568 2
93 3944 8
93 3957 10
93 5188 3
93 2425 5
93 5019 1
93 2933 4
93 3603 8
93 5357 1
93 4754 1
93 133 9
93 2522 10
93 4201 6
93 3321 10
93 519 2
93 1059 9
93 1965 8
93 5240 8
93 1582 4
93 2612 5
93 5324 8
93 1573 8
93 1540 4
93 4079 5
93 2673 10
93 3185 4
93 4205 3
94 1594 4
96 3580 1
112 4082 5
112 2218 3
112 3172 9
112 2876 4
112 3259 8
112 1724 2
112 3894 8
112 2007 5
112 4359 8
112 4030 5
112 1256 9
112 1546 1
112 192 10
112 5181 6
112 5095 4
112 1639 5
112 4545 7
112 835 5
112 493 5
112 1458 4
112 4841 10
112 639 7
112 741 8
112 657 3
112 1933 4
112 1461 7
112 4397 3
112 646 3
112 4009 6
112 1171 6
112 293 4
112 5194 9
112 749 7
112 4561 6
112 5196 6
112 2138 9
112 1374 4
112 1365 7
112 1467 8
112 2142 9
112 5645 10
112 1275 4
112 116 8
112 1367 1
112 4935 7
112 5115 9
112 5014 5
112 2243 1
112 1370 10
112 4767 6
112 2624 4
112 3921 1
112 2437 8
112 3288 7
112 2724 2
112 4634 7
112 5658 9
112 2336 5
112 672 8
112 4776 1
112 4398 8
112 3840 1
112 1870 1
112 5662 2
112 839 7
112 4116 3
112 4672 3
112 5032 1
112 4307 2
112 5665 9
112 423 4
112 4783 8
112 2924 4
112 4951 7
112 3941 1
112 4913 2
112 3564 3
112 3667 10
112 2835 6
112 2557 2
112 1133 6
112 4316 8
112 3399 3
112 4131 2
112 3221 8
112 1208 7
112 4581 10
112 1594 8
112 5861 4
112 3310 9
112 3311 6
112 2416 9
112 1223 5
112 4241 1
112 5774 10
112 4140 3
112 2971 6
112 2366 3
112 621 4
112 2665 8
112 4886 2
112 2573 9
112 3416 6
112 156 4
112 4249 1
112 346 3
112 5690 7
112 443 1
112 882 9
112 5426 1
112 4021 3
112 4708 6
112 2583 5
112 3783 2
112 452 1
112 710 10
112 5427 3
112 1815 9
112 892 4
112 1068 9
112 5099 7
112 1822 5
112 813 7
112 168 4
112 1625 7
112 1433 10
112 2589 3
112 3833 5
112 5252 6
112 978 10
112 721 4
112 4723 3
112 1243 4
112 4621 1
112 4753 6
112 273 2
112 1833 7
112 5804 10
112 4077 3
112 5892 2
112 4176 6
116 1374 9
116 5099 10
126 1904 2
129 474 4
129 2811 2
137 1938 9
137 5471 10
142 3745 6
142 1681 9
142 2590 1
142 621 1
142 3048 3
146 2634 7
147 2911 3
148 2218 8
148 1625 3
149 5631 5
150 1163 6
155 4541 8
155 185 5
155 2811 5
155 3283 7
155 5789 4
155 2054 2
155 2175 9
155 162 3
155 2842 4
155 4739 6
155 5719 7
155 3835 2
155 1067 10
155 506 4
155 2381 10
155 2273 6
155 508 5
155 5474 7
155 1006 10
155 4487 2
155 2469 8
155 1263 8
155 1928 2
155 171 6
155 2798 7
155 3027 6
155 3576 8
155 315 7
155 1009 3
155 5825 2
155 3601 6
155 4100 1
155 2395 8
155 5848 3
155 2396 8
155 3126 1
155 4144 6
155 179 1
155 1778 2
155 1965 1
155 3924 1
155 2372 3
155 5324 6
155 472 8
155 1698 4
155 2326 6
155 1978 1
156 4581 3
156 1171 8
156 3833 9
156 2541 5
156 4913 8
156 909 8
156 4753 7
156 1374 3
156 346 3
156 1929 1
156 1625 3
156 4672 3
156 3348 10
156 1159 3
156 738 10
156 4634 4
156 4951 10
156 2573 10
156 4783 6
159 3008 4
159 5708 3
162 3618 4
162 4541 10
162 4739 7
162 3027 7
162 4144 2
162 1778 4
162 2372 7
162 1009 7
162 3126 3
162 2469 1
162 4855 2
162 5825 10
162 1698 5
162 2396 1
162 1978 8
164 5400 1
164 430 1
164 5491 5
164 320 5
164 3648 9
168 3580 10
168 3911 9
168 1374 10
168 4146 1
168 3402 6
168 3399 8
168 5426 8
168 3617 2
168 919 5
171 2469 2
171 3027 9
171 1698 6
179 1250 7
179 395 2
179 3305 8
179 4789 7
179 2948 5
179 1590 5
179 1397 1
179 190 6
179 911 7
179 4333 8
179 5718 10
179 2942 1
179 2379 7
179 2141 7
179 384 3
179 2736 4
179 901 4
179 1571 3
179 3768 4
179 1770 5
179 4193 1
179 1982 6
179 1983 8
179 3229 7
179 2634 2
179 2035 6
179 5684 3
179 531 9
179 435 5
179 3094 2
179 5321 7
179 1436 1
179 878 10
179 5055 9
179 5086 2
179 1971 8
179 3995 3
179 5705 5
179 3182 9
179 1965 6
179 999 8
179 3637 5
179 5355 1
179 2612 7
179 4202 7
179 2925 3
179 4883 8
179 1145 10
179 4228 9
180 4447 1
180 4454 2
4965 684 4
185 4487 1
185 5719 9
185 3027 10
185 944 3
185 1778 1
185 315 9
185 1009 7
185 1150 4
185 2326 1
185 2469 8
185 5825 1
190 2104 1
190 5357 3
190 579 9
190 3009 9
190 1112 7
190 3094 4
190 1403 4
190 5554 5
190 5730 5
190 999 8
190 1450 10
190 5557 10
190 2880 3
190 3080 1
190 4183 8
190 1983 6
190 5055 4
190 3696 10
190 2379 10
190 2817 8
190 2726 2
190 1690 10
190 3305 10
190 3506 4
190 5678 6
190 426 2
190 2736 6
190 901 10
190 3108 5
190 1590 5
190 4789 4
190 4193 3
190 3226 1
190 3955 1
190 2034 9
190 3229 8
190 4721 6
190 3367 7
190 937 7
190 5168 9
190 4005 9
190 1215 5
190 5479 7
190 4883 5
190 1025 7
190 2948 2
190 5321 2
190 3603 3
190 2868 10
190 133 1
190 5086 2
190 5817 9
190 3609 5
190 1395 2
190 3117 2
190 5705 10
190 519 3
190 1965 2
190 4583 10
190 3211 4
190 1770 3
190 2612 5
190 4519 5
190 530 8
190 4796 8
190 1145 4
190 5420 4
190 3315 8
190 4759 6
190 3866 7
191 5828 5
191 684 1
191 5253 1
191 2209 1
192 4877 7
192 1163 10
192 1401 8
192 629 7
192 1201 8
192 888 1
192 1919 2
192 1950 9
192 798 6
192 3483 7
192 2624 7
192 3751 7
192 5247 6
192 637 10
192 3648 4
192 5842 4
192 5741 9
192 1303 3
192 310 4
192 5291 2
192 4545 3
192 5002 9
192 2416 5
192 672 1
192 4590 2
192 226 1
192 493 8
192 2446 2
192 709 2
192 3160 4
192 1069 4
192 430 9
192 1333 5
192 1103 10
192 1708 1
192 4672 4
192 2638 8
192 1075 3
192 2760 10
192 4428 5
192 2038 7
192 5800 1
192 2573 1
192 3729 5
192 4698 4
192 4458 4
192 4353 5
192 4307 9
192 4311 3
192 5197 7
192 3894 10
192 5644 7
192 1374 6
192 1324 1
192 270 7
192 1835 7
192 1943 2
192 3939 8
192 5688 9
192 5835 4
192 5085 6
192 4951 1
192 1159 2
192 4030 1
194 2218 6
201 1419 2
201 5768 5
201 4268 8
205 1156 7
205 2900 8
205 5768 10
205 3989 1
205 5800 7
205 390 3
207 3955 3
207 618 10
207 1862 10
207 3609 9
207 3566 7
214 3654 2
214 4133 1
214 1034 3
214 4548 9
214 4902 6
216 1199 1
216 4826 4
216 5412 3
216 853 5
216 273 9
216 5792 2
216 3302 9
1324 4291 7
1324 1965 1
227 3080 4
232 1522 7
232 1732 4
232 4770 9
234 807 3
234 5317 3
236 3039 1
238 2167 9
238 3542 8
238 4370 8
238 559 7
239 2209 1
239 3811 10
240 575 1
240 4312 3
240 4762 1
240 3008 7
240 2440 10
240 5078 5
240 3296 1
240 3291 10
240 2705 5
1006 464 1
1006 3576 8
244 1982 6
244 395 5
244 5705 2
244 955 7
244 384 2
244 4333 8
244 911 8
246 5027 1
246 654 5
250 493 3
250 2760 7
250 3119 10
250 637 2
250 4746 3
250 4249 3
250 3556 3
250 4252 1
250 1700 6
250 2143 2
1515 5402 3
257 2760 8
257 709 5
257 1172 5
257 4466 9
257 4426 8
257 5644 8
257 1835 1
257 1159 3
257 1333 5
260 483 9
260 1392 8
260 973 3
262 3008 4
265 3008 2
265 5708 1
269 3008 10
269 5708 9
270 4877 3
270 1163 3
270 1172 10
270 4515 1
270 1097 7
270 1377 1
270 5644 5
270 625 5
270 5756 10
270 4428 10
270 1236 5
270 5835 9
270 5085 9
270 5828 1
270 4441 4
273 4776 9
273 3778 1
273 4984 8
280 2209 3
287 3008 8
287 2556 10
287 5222 6
287 4462 7
287 369 4
287 1836 10
287 5632 9
287 3811 2
287 2040 10
287 2027 10
287 1382 5
1744 5027 8
1744 830 3
1744 5861 2
1744 2782 6
1744 2661 2
1744 704 6
1744 3816 7
1744 397 1
1744 338 8
1744 466 10
1744 654 6
1744 2900 4
1744 3503 5
1744 450 9
1744 5507 3
1744 4944 10
1744 1280 6
1744 4367 1
1744 5800 8
1744 3071 7
302 541 10
302 579 10
302 2948 10
302 5554 3
302 1025 10
302 2880 6
302 4183 6
302 5055 1
302 3696 3
302 3506 8
302 426 3
302 4815 4
302 2612 6
302 3226 3
302 2034 8
302 3367 10
302 531 2
302 3094 1
302 5321 7
302 5357 1
302 1215 9
302 133 5
302 5086 7
302 519 7
302 4467 9
302 1965 5
302 5730 4
302 2736 9
302 4759 3
302 4205 7
3039 4222 9
3039 2627 3
3039 5412 9
3039 4922 3
3039 5883 2
3039 3048 3
310 2760 5
310 709 9
310 1172 9
310 629 2
310 1333 2
310 5644 4
310 2638 8
310 1919 3
310 4545 8
310 3833 4
310 1159 7
315 4541 5
315 4739 1
315 3027 2
315 4144 7
315 1778 1
315 2469 4
315 5825 6
315 4100 9
315 2326 4
315 5719 6
317 5897 2
317 593 5
318 3729 2
318 3971 5
318 1075 9
318 1069 2
318 3105 4
318 4307 8
318 2366 2
318 4877 6
318 2573 6
320 2437 5
320 5400 5
320 3833 7
320 3654 7
320 430 5
320 4698 1
320 5839 4
320 4030 10
320 4934 4
320 882 4
320 5085 10
320 5487 9
320 5661 4
323 684 3
323 466 3
323 450 4
323 5800 1
323 1280 10
323 1391 7
326 4249 4
326 1333 1
326 5498 6
331 2459 3
331 3289 3
331 5412 3
331 652 5
331 5413 4
331 4309 1
338 3503 1
338 2605 8
339 2590 3
340 2245 10
340 4447 6
340 3013 4
340 4336 9
340 2218 2
343 2440 2
343 1149 1
343 3008 4
346 3667 3
346 2624 1
346 4445 2
346 5181 6
346 5338 4
346 5099 5
346 2511 7
346 738 7
346 3833 6
346 5252 8
346 4140 7
346 721 3
346 4672 8
346 3202 5
346 4783 4
346 1374 4
346 4146 6
346 5853 8
346 1625 7
346 4951 3
346 1933 1
350 2911 1
353 5409 8
369 5670 8
369 3008 2
369 740 9
369 369 6
369 5890 7
369 2027 10
369 2994 2
372 2437 9
372 521 5
372 4723 10
372 4249 1
1030 5412 6
1030 1199 2
384 1250 7
384 395 4
384 3305 4
384 4789 1
384 1590 9
384 911 9
384 5718 8
384 3995 6
384 2379 6
384 4583 7
384 3621 2
384 1571 2
384 3768 1
384 1770 6
384 4193 2
384 1983 3
384 1998 5
384 2634 9
384 530 4
384 435 3
384 901 2
384 878 10
384 5086 1
384 1971 5
384 3182 5
384 1397 9
384 5355 4
384 4333 3
384 2141 6
384 2925 9
384 5684 2
384 4228 7
390 2919 9
390 5768 10
390 5800 7
392 476 3
394 1836 10
395 1250 6
395 1971 6
395 3305 8
395 4789 1
395 1590 6
395 1450 10
395 911 3
395 5718 2
395 1998 6
395 2379 9
395 4583 9
395 3621 6
395 1571 6
395 3768 5
395 1770 10
395 4193 2
395 1982 5
395 1983 9
395 3229 6
395 2634 5
395 2035 5
395 530 1
395 435 8
395 901 3
395 1938 6
395 878 4
395 3995 9
395 5705 5
395 3182 2
395 1397 9
395 5355 5
395 4333 6
395 2141 7
395 2925 10
395 5684 6
395 4228 6
397 2897 4
397 2590 4
397 5260 10
397 559 1
397 5281 2
397 5886 5
397 963 6
397 4350 7
397 869 10
397 1432 8
397 705 4
397 5267 5
399 1068 8
402 4877 1
402 1163 5
402 1201 2
402 5644 1
402 3341 1
402 4934 5
402 4776 3
402 5003 7
402 2573 7
417 4741 10
417 5430 5
417 2339 4
417 5387 9
417 469 8
418 2636 9
418 2218 8
418 3104 3
418 2089 8
418 4611 10
418 3668 3
418 4738 10
419 541 9
423 4563 7
423 2218 8
423 1367 6
423 2557 4
423 5014 7
423 3894 7
423 1830 2
423 1701 7
423 3873 9
423 3667 3
423 3288 8
423 3971 1
423 3311 9
423 1791 5
423 2624 6
423 5099 5
423 4397 1
423 4398 2
423 1574 5
423 5252 1
423 721 5
423 4116 9
423 5181 2
423 819 6
423 5665 9
423 5402 6
423 5194 5
423 3098 8
423 749 6
423 3580 5
423 2138 3
423 1374 7
423 2601 8
423 5853 2
423 443 10
426 3329 3
426 541 6
426 3566 9
426 1025 10
426 2880 7
426 2559 3
426 3696 5
426 2817 9
426 3506 1
426 4815 5
426 1571 8
426 3768 4
426 618 4
426 2612 10
426 3226 2
426 5125 7
426 2034 3
426 4721 8
426 2634 4
426 3957 8
426 1215 7
426 5479 4
426 531 6
426 3367 9
426 133 10
426 5086 5
426 5388 3
426 4156 4
426 3117 5
426 519 2
426 1965 5
426 1396 6
426 3211 1
426 4217 3
426 2736 7
426 4796 3
426 937 5
426 4759 7
426 4205 1
426 1450 6
430 2218 5
430 3668 10
430 3483 4
430 1256 5
430 3648 10
430 1182 10
430 2416 2
430 493 9
430 3833 9
430 4724 4
430 2366 3
430 5498 2
430 1491 7
430 1833 7
430 4249 7
430 5491 5
430 3348 8
430 4934 10
430 1445 8
430 4336 3
435 1250 10
435 3305 10
435 4789 2
435 1590 8
435 911 8
435 5718 10
435 1998 4
435 2379 5
435 4583 2
435 1571 7
435 3768 7
435 1770 2
435 4193 3
435 1983 9
435 3229 9
435 2634 3
435 2035 1
435 530 5
435 901 2
435 1938 8
435 878 3
435 5034 7
435 3995 8
435 5705 7
435 3182 2
435 999 6
435 1397 10
435 5355 5
435 4333 5
435 2141 8
435 2925 9
435 5684 4
435 5621 4
435 4228 1
437 2760 7
437 1333 5
437 5644 2
437 1943 1
437 5291 6
437 3122 7
438 3774 6
438 5612 5
438 5731 1
438 4268 4
438 1419 2
438 3048 2
438 1907 9
442 1836 1
443 4082 2
443 2218 6
443 2656 8
443 4935 3
443 3259 3
443 5014 10
443 3783 4
443 3894 4
443 4269 6
443 1701 5
443 3667 9
443 3288 6
443 1594 1
443 819 8
443 3310 10
443 3311 10
443 2624 6
443 813 5
443 1830 1
443 5099 10
443 4984 4
443 639 10
443 4397 1
443 721 2
443 4116 2
443 5181 1
443 4723 1
443 4291 1
443 5095 9
443 5402 4
443 3098 9
443 749 2
443 3580 5
443 1374 9
443 4146 7
443 4077 7
443 2737 1
443 4407 4
450 4184 3
450 5861 1
450 5720 6
450 3137 3
450 5534 8
450 3643 8
450 5617 2
450 695 2
450 3071 5
452 4397 8
452 1374 10
458 3002 10
458 1898 4
458 3008 6
458 1635 6
462 2202 1
462 1965 7
462 5240 4
462 3853 9
462 779 5
462 1112 1
462 4183 5
466 5027 9
466 4271 6
466 1877 7
466 3152 9
466 1402 9
466 654 9
466 5800 4
466 1280 6
469 1965 4
469 1112 8
469 2339 2
469 2612 4
472 4739 1
472 3027 9
472 2842 6
472 1009 2
472 2273 10
472 4847 6
472 508 9
472 2175 5
472 2395 7
472 4855 1
472 1698 9
472 2469 6
472 5848 8
474 1264 7
474 2811 5
474 3765 5
476 5864 10
478 2040 3
478 4380 3
478 1836 4
478 1507 2
478 3008 3
482 1190 1
482 5471 9
486 4030 9
486 1172 4
486 697 4
486 5208 5
491 2760 4
491 1943 3
491 1835 2
491 4746 2
491 5644 1
493 4013 6
493 4877 10
493 1163 5
493 3667 9
493 2835 6
493 1370 4
493 5447 5
493 3751 7
493 637 10
493 4814 6
493 5099 9
493 835 7
493 5004 8
493 5563 7
493 836 4
493 1069 5
493 4097 5
493 4698 7
493 1075 3
493 2366 8
493 4672 3
493 5727 1
493 3729 7
493 4311 7
493 2952 2
493 2967 10
493 1910 9
493 5644 6
493 1374 8
493 3687 3
493 5853 4
493 1943 6
493 4252 10
493 5085 10
495 4447 9
495 2218 6
495 3202 8
495 4984 4
497 4009 4
497 3098 8
497 3311 2
497 4146 10
497 2366 8
497 1159 1
505 1938 3
507 4249 7
507 5270 10
507 4934 8
508 4487 8
508 3283 5
508 5719 3
508 4739 3
508 3027 2
508 3924 9
508 1778 4
508 4144 8
508 1009 3
508 1698 2
508 3601 8
508 2798 5
508 4100 4
508 2326 3
508 2469 6
508 5789 9
508 2842 10
509 4800 9
509 5412 7
512 760 6
519 3403 1
519 5357 2
519 2880 5
519 4183 6
519 2612 3
519 5272 10
519 4642 1
519 568 5
519 3367 10
519 5086 7
519 5729 7
519 1938 10
519 3452 4
519 3099 8
519 4202 10
519 4759 4
519 4205 1
519 1450 1
519 3009 9
519 5554 10
519 1025 5
519 5557 8
519 1122 9
519 1571 9
519 571 1
519 4217 10
519 1385 5
519 3387 6
519 937 7
519 5479 2
519 133 4
519 5388 9
519 1395 8
519 1965 6
519 3211 3
519 4496 5
519 2925 3
519 2072 4
519 779 2
519 3279 5
519 4500 3
519 1590 4
519 2559 8
519 5678 9
519 2565 7
519 1511 7
519 2276 3
519 1995 7
519 1983 10
519 1998 10
519 4796 7
519 3317 8
519 1215 8
519 530 6
519 531 9
519 2948 8
519 878 8
519 5055 5
519 700 3
519 5420 1
519 1145 7
519 2673 10
519 3329 8
519 541 3
519 4439 7
519 3955 8
519 1904 10
519 2202 5
519 4156 6
519 2379 5
519 5430 7
519 955 7
519 3506 5
519 3699 8
519 2736 6
519 4815 1
519 4721 9
519 2339 9
519 5168 9
519 5800 10
519 3603 8
519 3696 6
519 5705 5
519 2209 10
519 5355 6
519 1540 9
521 3303 9
521 4877 8
521 3105 9
521 2437 2
521 829 2
521 790 5
521 1889 1
521 1069 6
521 4882 1
521 4307 8
521 2366 10
521 4428 7
521 675 8
521 796 2
521 3450 1
521 1075 7
521 2643 9
521 5197 7
521 1173 2
521 3846 5
522 3611 5
522 4337 9
522 4439 7
522 3965 4
522 5545 10
522 3671 3
522 3644 10
522 3356 2
522 2202 4
522 5533 6
522 1573 5
522 4642 1
522 3957 5
522 5188 5
522 2933 6
522 5108 9
522 3321 7
522 3452 3
522 1059 7
522 5240 10
522 3108 9
522 4519 5
522 2673 1
522 3185 5
529 3870 5
531 5357 3
531 579 5
531 3009 5
531 2948 6
531 1025 5
531 2880 2
531 700 3
531 4183 2
531 5718 9
531 1145 10
531 3367 3
531 2726 6
531 1690 2
531 3506 7
531 5678 7
531 3609 1
531 4815 7
531 2612 4
531 3226 8
531 3955 7
531 2034 10
531 1215 6
531 5479 10
531 4883 6
531 3094 7
531 5321 4
531 1436 9
531 5055 6
531 133 4
531 5086 3
531 5729 3
531 3117 8
531 5705 2
531 4789 7
531 3211 6
531 1397 2
531 4205 5
531 2736 1
531 1112 2
531 4759 1
531 1965 10
533 5670 8
533 3008 10
548 5699 1
553 5504 2
556 1075 7
556 3105 8
557 2851 4
557 1199 6
557 3048 6
559 5612 6
559 1994 3
559 621 1
561 2589 2
561 3846 4
562 5705 10
562 2634 2
562 5355 6
562 2925 7
562 530 6
562 1938 6
562 878 2
562 3679 10
566 4698 8
566 1039 10
566 5491 3
568 3611 4
568 3329 6
568 5357 4
568 3853 3
568 1025 3
568 1215 9
568 2202 10
568 2726 2
568 3506 4
568 1511 10
568 2612 3
568 4796 7
568 3367 1
568 5479 7
568 3094 6
568 5321 1
568 3603 2
568 4754 5
568 133 9
568 5086 7
568 3321 1
568 2209 3
568 1965 2
568 3211 4
568 4201 3
568 2736 9
568 5904 1
568 4314 9
568 4759 4
568 4205 10
571 1571 8
575 669 9
575 3008 1
579 541 8
579 4500 9
579 2559 3
579 4759 1
579 3696 10
579 3506 4
579 4815 2
579 3955 8
579 2034 7
579 2634 3
579 1215 3
579 3117 7
579 3603 8
579 3367 4
579 5388 7
579 700 7
579 2209 5
579 1965 6
579 2736 9
579 3609 2
583 5644 3
585 2437 6
585 3381 6
587 2081 8
587 1507 7
587 994 8
587 669 8
587 3209 10
587 3379 4
589 697 7
591 3238 2
591 1430 4
591 2760 8
591 5644 5
593 943 3
593 2323 8
593 5458 4
593 2803 3
593 5800 2
593 5399 3
593 5367 5
594 1120 1
594 4045 7
594 1836 6
594 3008 1
618 5357 2
618 2817 1
618 3566 3
618 5502 6
618 1862 2
621 4021 2
621 1370 7
621 1374 8
621 2624 6
621 869 2
621 3667 4
621 3288 2
621 5095 8
621 3873 1
621 1639 1
621 4958 1
621 3311 7
621 5099 1
621 1432 6
621 5408 4
621 4398 8
621 3529 5
621 5746 9
621 5612 4
621 4116 5
621 4723 10
621 4753 5
621 4945 5
621 4403 1
621 2573 4
621 2897 10
621 5267 1
621 4639 5
621 5645 10
621 1471 9
624 4282 2
624 5708 1
625 4043 10
625 2218 4
625 1383 3
625 2762 2
626 1394 1
627 4466 8
629 2760 3
629 709 8
629 1201 6
629 1333 4
629 5644 9
629 1835 1
629 5291 6
629 3668 8
629 3833 1
629 1159 4
631 1075 4
631 4097 2
633 4864 7
637 4013 4
637 2218 5
637 3833 9
637 2952 8
637 5644 4
637 4877 2
637 4252 10
637 3483 8
639 892 5
639 3288 5
639 2218 2
639 1367 8
639 1374 7
639 835 3
639 3894 10
639 1625 10
639 5099 1
639 1275 5
639 725 8
639 3667 7
641 2911 6
646 1374 2
1068 3035 9
1068 3288 4
1068 2327 7
1068 1367 5
1068 892 9
1068 1374 4
1068 835 1
1068 3894 6
1068 5099 6
1068 1275 10
1068 725 7
1068 3014 6
650 1522 6
650 2655 4
650 5631 1
650 4758 9
650 4350 9
2078 1382 1
2078 1924 9
2078 1836 1
2078 3008 7
652 4350 6
652 2711 3
652 3289 7
652 2643 7
652 3949 10
652 963 2
652 4309 5
652 869 4
654 5027 5
654 4271 7
654 4833 8
654 921 6
654 2782 9
654 4744 1
654 4357 5
654 1369 3
654 4171 4
654 1557 9
654 5534 2
654 3071 3
657 1374 8
660 2209 2
667 1882 5
667 1954 10
667 2457 3
667 5864 8
668 5388 8
669 5012 4
669 994 5
669 3113 2
669 831 6
669 4069 10
669 1836 4
669 5846 5
669 3551 4
669 2040 8
669 5379 1
669 2069 7
672 2218 1
672 1367 7
672 5861 4
672 1201 1
672 1370 10
672 1810 6
672 2624 8
672 1546 8
672 2159 9
672 4398 10
672 1433 4
672 1458 2
672 4753 10
672 4698 6
672 4097 2
672 2573 9
672 2638 10
672 1374 5
672 1625 8
672 1574 8
675 1712 1
675 1107 7
675 4447 4
675 839 7
675 5085 1
680 2167 3
680 5631 2
684 2229 5
684 3152 9
684 3099 7
684 3241 6
684 4004 8
684 2428 6
684 4637 9
684 4258 7
684 5534 10
684 695 2
684 2924 1
684 3850 7
684 869 10
684 5072 2
689 3288 4
689 1625 8
690 1938 3
693 967 3
693 973 10
694 5729 5
697 1815 3
697 5181 2
697 5173 9
697 1367 3
697 5861 4
697 4140 4
697 870 10
697 979 1
697 2535 10
697 1243 2
697 1919 6
697 777 6
697 2237 4
697 1933 3
697 3668 2
697 2967 4
697 5487 9
697 4030 6
700 3329 6
700 541 10
700 3965 10
700 3644 2
700 4183 5
700 2202 5
700 5357 9
700 3506 6
700 5678 6
700 2565 7
700 5729 9
700 2612 8
700 1573 2
700 3955 3
700 1215 9
700 4883 8
700 772 7
700 779 4
700 3603 2
700 3367 4
700 133 10
700 3696 3
700 2209 1
700 1965 4
700 1396 9
700 4217 5
700 4079 10
700 2673 8
700 4205 5
3108 3696 1
3108 4439 5
3108 1785 7
3108 5479 5
3108 2072 1
3108 1511 8
3108 4205 2
704 3073 2
704 3449 9
705 2851 4
705 4271 3
705 4626 1
705 967 3
705 5412 10
705 5413 10
705 5800 7
705 2981 6
705 2679 8
705 3788 3
705 3379 6
2092 1735 8
2092 781 9
710 1815 3
710 3520 4
710 1420 3
710 4140 9
710 2557 2
710 1260 4
710 4447 4
710 5517 9
710 3312 7
710 5644 9
710 4477 6
710 1201 7
712 1382 8
712 3291 3
712 3008 4
713 1149 3
713 1189 3
713 2027 5
713 3008 5
713 2163 3
716 1199 7
720 838 2
720 5588 10
721 2218 5
721 1040 6
721 1367 6
721 5861 9
721 2835 1
721 1201 2
721 3894 5
721 3399 1
721 5427 7
721 1546 2
721 3667 10
721 1594 7
721 1639 6
721 790 2
721 2383 7
721 835 10
721 4398 9
721 1574 8
721 4753 10
721 2573 7
721 749 5
721 5218 9
721 1374 6
721 5690 3
721 5426 7
725 2589 8
725 2437 5
725 2760 2
725 3105 2
725 5644 5
725 1374 7
725 1365 4
725 5762 1
725 3846 2
725 1743 1
725 2762 4
725 2350 4
725 5085 10
725 3240 2
725 2143 6
728 1733 6
728 2193 7
728 3953 7
734 541 9
735 2887 4
736 5729 9
738 4445 9
738 5181 8
738 1171 9
738 5194 5
738 5252 5
738 4753 1
738 2638 9
738 2218 10
738 1625 2
738 4951 3
738 2624 9
740 2994 4
740 4179 5
740 3008 2
740 5890 4
749 1039 1
749 2218 4
749 3667 2
749 2835 1
749 5402 9
749 1724 9
749 1503 10
749 2624 8
749 3873 10
749 3288 9
749 1594 4
749 5099 5
749 3840 9
749 3160 1
749 4753 10
749 5800 8
749 2573 9
749 749 7
749 1374 6
749 4249 3
749 1625 5
749 5085 3
749 5426 9
4561 3288 9
4561 2218 5
4561 1374 5
4561 1625 7
4561 2624 7
757 3356 3
757 4642 5
757 5019 4
757 4519 8
757 4759 8
757 1965 2
757 3957 6
757 5188 10
757 1025 1
757 2168 8
757 4201 10
757 5545 9
757 3321 2
757 4439 6
757 1761 8
757 2673 5
757 5108 10
757 1511 1
757 2522 2
758 1619 6
758 1320 4
760 1724 5
760 4708 1
760 3971 3
760 5278 5
772 3329 7
772 2917 9
772 2334 6
772 3506 3
772 1573 10
772 3321 9
772 4079 8
772 2673 1
772 3644 1
772 4217 6
773 5631 3
775 5120 10
776 1458 3
778 5085 10
779 4519 5
779 133 2
779 2104 8
779 5240 8
779 1122 3
779 1785 9
779 1215 10
779 2736 6
779 4815 9
779 4496 1
779 1511 2
779 4205 1
779 3696 8
781 2268 5
781 5317 7
781 2900 5
781 3818 6
781 5115 10
781 807 6
781 5800 5
782 4299 4
782 3068 1
782 3008 9
133 4217 9
133 1396 5
133 541 8
133 886 8
133 2948 6
133 1403 8
133 5554 9
133 3211 4
133 1025 4
133 2880 10
133 2937 2
133 2202 4
133 3696 6
133 2726 3
133 3506 2
133 1122 5
133 1785 9
133 4815 3
133 4183 4
133 1511 3
133 2612 1
133 3226 4
133 3955 4
133 955 2
133 937 2
133 1215 2
133 3094 4
133 5357 3
133 1690 7
133 5388 10
133 4156 2
133 2620 4
133 3099 5
133 1965 10
133 5240 6
133 5420 6
133 4496 5
133 4519 10
133 2736 4
133 4759 3
133 4205 1
5067 2218 6
5067 4447 1
5067 4466 5
5067 5842 2
5067 4353 10
5067 4398 10
790 2437 9
790 4043 1
790 2499 9
790 293 5
790 3416 10
790 4723 9
790 4249 9
790 2366 9
790 2218 2
790 5498 4
790 5003 5
2106 2040 6
2106 1836 6
2106 4380 9
2106 5261 8
2106 3008 8
796 5644 9
798 4013 3
798 3206 7
798 1401 1
807 5432 6
808 4819 9
813 5181 3
813 2218 10
813 5563 3
813 5861 1
813 5252 4
813 4116 2
813 1374 3
813 3667 3
813 5099 4
813 1701 3
813 4359 3
813 2624 8
813 1367 4
819 2218 8
819 1594 4
819 1367 8
819 5861 1
819 5014 3
819 5645 2
819 1625 7
819 4398 8
821 1374 4
826 5304 3
826 3575 3
826 1089 6
826 4977 5
826 3908 3
826 5699 2
5031 3745 10
5031 2167 4
5031 4777 7
831 5846 7
832 5402 4
833 1175 1
833 2604 3
835 4082 9
835 2218 6
835 3667 3
835 5014 8
835 2243 10
835 3399 3
835 1256 4
835 2624 2
835 1208 8
835 3288 3
835 3310 1
835 4545 2
835 3921 5
835 4116 10
835 1133 6
835 1724 8
835 1833 2
835 2915 6
835 1374 7
835 1467 7
835 5690 10
835 1625 4
838 4441 3
839 4241 4
839 2437 3
839 1810 4
839 4753 4
839 5853 2
839 1929 10
839 3846 5
839 5085 10
839 5338 8
853 3778 3
857 3888 6
861 2218 6
861 3206 1
862 1199 10
862 2627 8
862 2682 7
862 5412 4
862 2947 10
862 4922 10
5084 1965 5
5084 2326 4
5084 3811 6
869 2851 6
869 4347 1
869 2945 7
869 5612 10
869 3436 2
869 5412 7
869 2661 7
869 967 5
869 4687 10
869 3289 5
869 4473 8
869 2900 10
869 3063 10
869 4209 5
869 3048 7
870 1097 10
870 5756 3
870 4030 4
870 5828 10
870 1236 8
872 5644 10
873 541 10
876 1025 4
876 1965 10
5360 5699 9
5360 4453 5
882 5022 4
882 1367 5
886 4323 5
886 3696 9
886 1785 7
886 937 3
886 3317 10
886 5009 7
886 1122 6
886 4496 1
886 4183 1
887 2437 3
887 3668 6
887 1445 5
888 2760 5
888 709 8
888 1333 10
888 5644 9
888 2446 1
888 1943 2
888 3668 2
888 3833 10
888 1159 9
892 4753 4
892 1374 5
892 4269 10
892 2624 6
898 5644 1
901 1250 1
901 5718 1
901 4759 9
901 5705 9
901 3229 4
901 1397 1
901 5355 7
901 4333 9
901 1590 1
901 2736 5
901 3768 6
901 530 9
901 878 5
908 4299 3
908 3068 7
908 3008 10
909 2243 10
909 4634 2
909 4951 6
909 4753 10
5541 4417 2
911 4789 9
911 1590 6
911 2379 2
911 1571 8
911 3768 9
911 5819 2
911 1770 6
911 4193 9
911 1982 9
911 1983 2
911 3229 5
911 530 1
911 1938 6
911 878 7
911 5705 1
911 1397 3
911 5355 8
911 4333 7
911 2925 10
911 4228 8
914 3008 5
919 1039 9
919 1815 1
919 5662 5
919 4140 3
919 2876 7
919 1201 4
919 4426 5
919 4753 2
919 4133 2
919 4146 5
919 1933 9
919 5491 2
919 1625 7
919 3399 5
919 4934 10
919 5270 2
919 4634 8
919 4698 3
919 4545 5
921 5027 4
921 2095 1
923 4945 6
929 3068 10
929 5670 4
929 1848 5
929 3008 10
929 3029 4
929 5350 7
929 4299 6
931 3668 1
931 709 8
931 1159 4
931 2760 1
937 5554 7
937 999 7
937 1862 1
937 2559 2
937 3696 5
937 2817 4
937 1690 5
937 3506 4
937 1122 6
937 1785 2
937 4815 2
937 2612 1
937 3226 1
937 3955 9
937 2034 9
937 4721 5
937 3367 9
937 3572 8
937 2948 9
937 1215 7
937 3609 4
937 3099 6
937 1965 1
937 3211 7
937 4496 6
937 2072 10
937 3009 5
937 4759 7
937 4205 1
942 1937 3
943 2476 9
943 5897 6
943 5458 2
944 4593 6
944 2175 7
944 2396 9
950 2687 9
950 3068 7
950 3008 3
950 2163 3
950 5353 4
950 5120 10
950 1823 7
950 3510 1
950 4250 2
950 4299 9
950 2027 3
950 1649 7
950 3870 9
963 2851 1
963 4350 7
963 1199 1
963 2167 2
967 2897 3
967 1522 9
967 751 3
967 2306 9
967 5883 8
967 2809 6
967 5886 2
967 3048 10
973 1392 5
973 3233 1
973 3382 3
978 1374 7
979 5181 10
979 2218 5
979 1367 3
979 5861 8
979 5252 5
979 1374 5
979 1625 4
989 1920 9
989 3008 2
989 3068 4
989 1308 2
989 3900 4
989 4299 9
989 2027 5
994 4653 8
994 3113 9
996 3089 5
996 2576 5
996 1638 3
996 2967 7
996 3840 9
996 4724 7
996 777 4
996 4403 2
999 3117 3
999 3696 8
999 1965 10
999 1122 5
999 5730 2
999 1025 1
999 2736 5
999 1690 8
999 4183 6
1002 1413 5
242 3989 5
242 5768 10
242 3532 8
1009 4541 7
1009 4739 3
1009 3283 6
1009 1226 1
1009 3126 10
1009 2175 6
1009 4855 6
1009 5719 10
1009 2381 4
1009 2842 7
1009 5474 6
1009 1890 2
1009 4487 1
1009 2798 7
1009 3027 1
1009 4593 10
1009 2469 2
1009 5825 6
1009 4100 8
1009 1698 8
1009 2396 9
1009 4144 8
1009 1778 10
1009 1748 6
1009 2326 6
1009 1978 1
1009 4520 2
1011 3119 4
1017 3026 1
1025 4413 8
1025 541 10
1025 4500 2
1025 1785 9
1025 3506 8
1025 3866 1
1025 5554 5
1025 1245 9
1025 5557 9
1025 3080 8
1025 3696 7
1025 2726 9
1025 3853 3
1025 5678 3
1025 2736 10
1025 4815 3
1025 4217 10
1025 3226 10
1025 3955 7
1025 2034 4
1025 4796 6
1025 3957 9
1025 5168 10
1025 4005 3
1025 1215 4
1025 5479 3
1025 3117 1
1025 3367 3
1025 5388 1
1025 4156 5
1025 3321 3
1025 3099 9
1025 1965 5
1025 5420 4
1025 1540 9
1025 2072 1
1025 4314 6
1025 4759 2
1025 4205 10
357 4218 8
357 5847 3
357 4771 8
357 2167 6
357 4503 9
357 2057 3
357 5515 3
3159 3119 1
1032 1506 5
1039 4551 9
1039 3288 10
1039 3667 9
1039 3764 10
1039 5402 2
1039 1468 3
1039 2915 4
1039 5085 7
1039 3880 4
1039 5099 6
1040 5427 3
1044 293 6
1044 2218 3
1044 5003 5
2148 5768 2
2148 3774 6
2148 4770 2
2148 5612 6
2148 1734 7
2148 1235 10
2148 3048 8
2148 1907 7
1052 5768 9
1059 3356 6
1059 3321 10
1059 2202 5
1059 3452 5
1059 4337 7
1059 1785 2
1059 3957 1
1059 5188 10
1059 2168 3
1059 5545 5
1059 4642 2
1059 5533 5
1059 3611 10
1059 3671 5
1059 5108 2
1059 1511 5
1059 2522 6
1061 541 7
1067 5420 8
1069 4877 9
1069 3105 9
1069 3668 7
1069 1236 2
1069 4551 1
1069 3833 9
1069 1333 6
1069 2638 10
1069 1075 3
1069 2366 10
1069 3341 6
1069 5828 3
1069 1172 7
1069 4307 7
1069 5644 3
1069 5466 5
1069 2123 1
1069 5835 5
1071 2876 10
1072 5129 3
1072 2057 2
1075 3303 2
1075 4877 8
1075 5400 10
1075 3105 5
1075 5552 6
1075 1504 4
1075 1815 9
1075 1172 8
1075 1943 3
1075 4551 7
1075 1333 2
1075 3833 2
1075 4140 10
1075 3026 4
1075 5437 3
1075 4307 4
1075 2366 2
1075 5259 1
1075 2038 8
1075 3341 3
1075 4906 6
1075 2234 9
1075 3729 10
1075 3450 5
1075 5217 6
1075 2123 10
1075 2952 7
1075 5197 8
1075 5644 3
1075 4249 7
1075 3668 5
1075 5466 7
1075 5835 5
1075 1159 2
1075 1933 4
1076 1815 6
1076 2760 9
1076 3833 8
1076 4140 1
1076 1333 3
1076 4746 4
1076 5644 9
1076 1835 1
1076 5800 1
1076 1933 8
1076 1700 2
1076 5859 3
1077 1374 8
1081 2851 8
1081 1677 4
1081 4209 6
3403 2202 9
3403 4439 10
3403 5188 9
3403 3185 8
3403 5545 3
3403 2072 5
3403 3611 6
3403 4874 1
3403 2425 7
3403 4525 1
3403 3671 10
1089 3575 6
1089 4977 8
1089 3908 3
1089 5699 6
1089 4453 9
1089 4769 9
1097 1163 3
1097 5381 6
1097 5756 1
1097 5644 9
1097 1255 1
1097 4515 3
1097 1236 5
1097 5828 7
1097 4377 6
1098 2851 2
1098 5413 1
1098 1199 8
1098 3816 7
1103 2760 9
1103 1333 2
1103 5644 6
1103 3668 8
1103 1943 1
1103 1164 8
1103 1700 4
1103 1159 6
1104 3580 3
1107 4447 4
1107 1712 3
1107 5245 8
1107 5644 4
1108 2316 1
1108 709 10
1108 2746 2
1108 3833 9
1108 4877 4
1109 3608 3
1112 3329 9
1112 541 7
1112 3009 10
1112 5554 7
1112 3211 4
1112 1215 6
1112 5055 10
1112 3696 2
1112 4156 8
1112 3506 8
1112 1122 7
1112 4217 2
1112 3955 3
1112 2034 5
1112 4721 7
1112 3367 2
1112 5387 3
1112 3603 5
1112 5729 7
1112 3609 9
1112 2209 6
1112 3099 7
1112 1965 4
1112 5420 1
1112 4496 8
1112 2736 4
1112 4759 1
1112 4205 4
1115 1904 6
1120 4045 4
1120 1920 6
1120 3008 4
1120 1149 9
1122 1403 5
1122 3962 3
1122 3080 6
1122 4183 10
1122 4741 7
1122 2202 7
1122 3696 8
1122 2726 3
1122 1690 9
1122 955 7
1122 1822 2
1122 1785 8
1122 4815 5
1122 1511 6
1122 2612 4
1122 4323 9
1122 2118 8
1122 3367 4
1122 4883 2
1122 1436 9
1122 3609 5
1122 1465 3
1122 1965 5
1122 1396 3
1122 4796 1
1122 3866 7
1122 4759 8
1122 4205 4
1129 4413 8
1129 1385 4
1129 5471 5
1129 1965 2
1129 3317 10
1129 2448 4
1129 1215 9
1129 1822 8
1129 2565 4
1129 1618 7
1129 3779 1
1129 3550 2
1129 5729 5
1133 1724 2
1133 2218 10
1133 1374 7
1133 2243 2
1133 1625 9
1137 5355 5
1145 5357 9
1145 541 5
1145 3305 1
1145 3009 8
1145 4789 1
1145 5554 1
1145 1590 10
1145 2880 8
1145 530 8
1145 2034 8
1145 5718 9
1145 3696 6
1145 2379 10
1145 2736 1
1145 1571 1
1145 3768 8
1145 2612 9
1145 4193 4
1145 3226 6
1145 3955 8
1145 1983 5
1145 3367 2
1145 2634 3
1145 1215 7
1145 5479 1
1145 4883 10
1145 3094 4
1145 878 7
1145 5055 1
1145 3117 5
1145 5705 10
1145 1965 6
1145 1396 5
1145 3211 6
1145 1397 9
1145 5355 8
1145 4333 1
1145 4202 3
1145 2072 7
1145 4759 8
1149 1920 8
1149 3008 9
1149 5120 1
1149 1286 8
1149 4068 6
1149 3653 9
1149 4647 7
1149 1848 9
1150 1506 5
1150 5719 6
1150 1778 4
1150 4100 4
1150 2326 2
1150 2695 10
1151 3581 2
1151 5318 2
1151 2123 10
1153 3745 3
1153 2095 9
1153 3384 2
1156 5768 7
1156 5800 1
1159 3520 2
1159 4877 3
1159 2987 9
1159 4913 4
1159 4208 1
1159 1201 10
1159 4609 2
1159 3668 10
1159 3991 2
1159 709 8
1159 2378 2
1159 5859 4
1159 5429 8
1159 4581 5
1159 1763 6
1159 1659 10
1159 5842 5
1159 5741 4
1159 5291 2
1159 4388 5
1159 1943 3
1159 5863 1
1159 1223 4
1159 4551 2
1159 1929 7
1159 3833 4
1159 1333 2
1159 1708 1
1159 2638 7
1159 4030 8
1159 1935 4
1159 5002 1
1159 1700 1
1159 3556 10
1159 2760 6
1159 5688 5
1159 5644 6
1159 2980 2
1159 3758 1
1159 1835 3
1159 2865 4
1159 3939 6
1159 1486 3
1159 4252 6
1159 1444 10
1159 2038 4
1161 2193 3
1161 1681 4
1161 2590 3
1164 3708 2
1164 5756 1
1164 2123 10
1167 1734 7
1169 2687 8
1169 3068 7
1169 3008 2
1169 2163 1
1169 3638 4
1169 4299 1
1169 3236 1
1171 4445 4
1171 5181 1
1171 5252 5
1171 4140 5
1171 4753 7
1171 1625 1
1171 4672 4
1171 4634 7
1171 2624 7
1171 1933 7
1172 4013 6
1172 4877 10
1172 5401 4
1172 3105 3
1172 2437 5
1172 5381 2
1172 3312 3
1172 5002 7
1172 2316 8
1172 3833 10
1172 4426 8
1172 4428 2
1172 3556 6
1172 4906 7
1172 3729 10
1172 4311 10
1172 4307 2
1172 2967 9
1172 5197 9
1172 5644 9
1172 4252 6
1172 5835 8
1172 5085 6
1172 4540 5
1172 2903 1
1172 2698 7
1173 4708 3
1173 4249 3
1173 5498 8
1173 836 2
1177 2710 3
1177 3949 8
1177 4473 7
1177 5872 1
1178 2694 5
1182 5491 6
1182 3648 4
1184 2880 3
1186 5631 4
1186 4819 3
1186 2421 6
1189 1920 10
1189 3008 1
1189 5078 7
1189 3638 9
1189 2027 1
1189 1649 9
1189 3236 10
1190 3048 5
1190 4344 7
1190 3846 2
1190 2143 6
1190 3888 7
1197 2064 3
1199 1522 1
1199 5331 1
1199 5405 7
1199 4633 6
1199 5267 4
1199 2590 10
1199 3949 9
1199 4983 8
1199 2065 5
1199 3528 6
1199 3529 1
1199 5412 9
1199 4350 7
1199 5413 2
1199 2167 3
1199 4268 3
1199 4473 2
1199 3342 8
1199 3959 1
1199 2851 3
1199 5721 9
1199 4193 10
1199 3778 1
1199 5854 1
1199 4681 9
1199 1419 8
3186 3961 10
1208 2218 3
1208 1374 7
1208 5690 4
1208 1625 6
1208 5426 8
1208 4398 2
1208 3873 9
1208 3921 3
1596 4958 5
1596 5645 4
1215 4796 3
1215 2104 3
1215 5357 7
1215 3009 5
1215 2948 6
1215 3211 5
1215 3696 1
1215 1385 9
1215 1450 1
1215 3603 10
1215 2880 1
1215 3080 5
1215 4183 8
1215 5163 5
1215 2559 10
1215 541 10
1215 1904 9
1215 3506 4
1215 5678 9
1215 3609 7
1215 3699 6
1215 2072 2
1215 4815 5
1215 1540 2
1215 2565 6
1215 3768 6
1215 1511 10
1215 4217 3
1215 3226 9
1215 1995 2
1215 2034 4
1215 3315 9
1215 3955 8
1215 2634 8
1215 2339 8
1215 5168 4
1215 4005 10
1215 3367 8
1215 5479 1
1215 4883 3
1215 3094 1
1215 5321 4
1215 1436 7
1215 4967 2
1215 5055 4
1215 1690 5
1215 5086 4
1215 5388 4
1215 5729 1
1215 4500 10
1215 4156 3
1215 3117 3
1215 2209 1
1215 3099 5
1215 1965 1
1215 1396 1
1215 5420 5
1215 2942 9
1215 2612 4
1215 3329 5
1215 2736 3
1215 1871 8
1215 4721 4
1215 4759 3
1215 5557 7
1215 3866 3
1215 4205 8
1216 4698 5
1216 4154 10
1221 1965 7
2185 2123 1
2185 5370 9
1226 4739 6
1226 3027 7
1226 4144 6
1226 2396 6
1226 2381 1
1226 2842 5
1226 2469 6
1226 1978 9
3192 5430 10
1235 5768 3
1236 2437 1
1236 4311 9
1236 1810 3
1236 5217 3
1236 1577 9
1236 1201 3
1236 4307 6
1236 5197 2
1236 4877 4
1236 1943 6
1236 4030 8
1236 5002 7
1236 5291 6
1236 5381 10
1238 3356 9
1238 5108 5
1238 3644 1
1238 3611 3
1238 2209 3
1238 3853 8
1238 5188 2
1238 2202 1
1238 3603 10
1238 4314 10
1238 4754 7
1238 3185 6
1240 3008 6
1245 5019 3
1245 1965 5
1245 5188 4
1245 2168 8
1245 4201 8
1245 4575 2
1245 1761 9
1245 4759 1
1250 5705 2
1250 1983 7
1250 3229 8
1250 3305 6
1250 4789 6
1250 3315 3
1250 1397 2
1250 4333 9
1250 2035 7
1250 2736 7
1250 2379 3
1250 530 3
1250 5355 7
1250 4193 10
1255 2576 6
1255 3840 10
1255 5756 4
1877 4976 4
1877 5028 9
1260 1815 3
1260 3520 5
1260 4140 10
1260 2557 2
1260 1933 3
1260 4477 10
1262 2011 4
1262 2583 1
1262 4746 6
1263 541 4
1264 2266 3
1264 2811 2
1264 3765 9
1275 1367 4
1275 5861 10
1275 5564 3
1275 5014 4
1275 1374 3
1275 1625 5
1275 3399 1
1275 4176 7
1275 5426 4
1275 4398 7
1275 2573 5
1280 2965 5
1280 3152 7
1286 5120 4
1287 2238 3
1287 3008 2
1287 2705 8
1295 3008 10
4187 1882 1
4187 1954 6
4187 5864 3
1303 2760 3
1303 709 2
1303 1333 1
1303 5644 2
1303 1950 3
1303 3833 2
1308 4299 1
1308 3623 7
1308 3008 10
1308 3068 10
1309 2886 2
1309 5634 2
1309 2760 3
1311 4453 10
1311 3575 6
1311 2360 1
1313 2919 4
1315 1954 5
1316 1954 7
1317 3008 4
4021 3288 5
4021 2218 5
4021 1374 1
4021 1625 7
4021 5665 8
4021 2624 4
4021 3873 6
1326 3008 1
1328 4413 1
1328 4796 5
1328 5471 3
1328 3317 7
1328 2448 9
1328 3699 10
1328 2948 6
1328 2565 5
1328 1618 3
1328 5729 10
2339 4323 7
2339 5430 7
2339 3211 3
2339 5554 8
2339 5479 3
2339 2948 2
2339 2736 5
2339 2930 2
2339 5387 5
2339 5420 10
2339 3367 3
2339 2612 10
2339 4183 3
2339 3696 8
1340 541 1
1351 2303 7
1351 5644 8
1365 2589 9
1365 2437 9
1365 4043 10
1365 2303 6
1365 5330 5
1365 3430 4
1365 5370 2
1365 4447 3
1365 4869 1
1365 3846 10
1365 4428 7
1365 5085 5
1365 3889 2
1365 4398 8
1367 2218 10
1367 1367 8
1367 5861 8
1367 1401 4
1367 5402 10
1367 1370 8
1367 3399 1
1367 2624 9
1367 3667 5
1367 3288 5
1367 1594 9
1367 4447 9
1367 4398 1
1367 1943 10
1367 5252 8
1367 4116 10
1367 5181 9
1367 4753 1
1367 2638 8
1367 4269 3
1367 5194 9
1367 2783 2
1367 4407 7
1367 1374 7
1367 3758 9
1367 1625 9
1367 5085 2
1367 5426 7
2560 1581 10
2560 5729 7
1369 4744 1
1370 5861 4
1370 1458 5
1370 5014 3
1370 3783 4
1370 2624 6
1370 1546 2
1370 3667 9
1370 3288 9
1370 1467 8
1370 5252 8
1370 2383 5
1370 5099 10
1370 2915 3
1370 4398 6
1370 3840 8
1370 5774 3
1370 3833 8
1370 3160 6
1370 5181 3
1370 5665 6
1370 4886 6
1370 1374 6
1370 4146 6
1370 2924 7
1370 1625 7
1370 3584 2
1372 541 4
4201 2168 9
4201 5361 4
4201 3853 6
4201 2415 1
4201 2522 1
4201 4395 8
4201 3979 10
4201 3944 9
4201 3957 10
4201 4645 5
4201 3603 2
4201 4754 3
4201 4405 9
4201 3321 6
4201 2209 2
4201 5324 10
4201 2072 10
4201 4079 3
4201 5904 1
4201 4314 8
1375 4241 7
1375 836 10
1375 3764 9
1375 5853 4
1375 5338 5
1375 2915 1
1375 5085 4
1377 1163 6
1380 3008 2
1382 5379 3
1382 5261 7
1382 3008 5
1382 1826 1
1382 3638 1
1382 3286 7
1382 2027 2
1382 5034 4
1382 3870 3
1382 3236 5
1383 1163 8
1383 3387 5
1383 5644 9
1383 4441 3
1383 4428 9
1383 5835 9
1383 5085 3
1383 1864 8
1385 5163 8
1385 1983 8
1385 5471 4
1385 3317 8
1385 1822 1
1385 2448 3
1385 2736 7
1385 5554 9
1385 2565 6
1385 5729 5
1390 2209 9
1391 3152 4
1395 5357 5
1395 1965 5
1395 4632 7
1395 2448 1
1395 2072 4
1395 1822 5
1395 4759 9
1395 3696 10
1396 4323 8
1396 2276 1
1396 3367 10
1396 5357 6
1396 1965 7
1396 4496 5
1396 2612 4
1396 3211 3
1396 2736 5
1396 3696 10
1396 1995 6
1396 2942 8
1396 4183 1
1396 5272 5
1397 3305 5
1397 3009 8
1397 4789 4
1397 3094 3
1397 1590 9
1397 530 8
1397 1983 4
1397 5718 6
1397 1998 4
1397 2736 5
1397 1571 10
1397 3768 4
1397 1770 5
1397 4193 2
1397 2034 5
1397 3229 2
1397 3315 3
1397 2634 2
1397 5479 1
1397 4883 8
1397 5321 10
1397 878 5
1397 5055 8
1397 5086 2
1397 3995 5
1397 3117 3
1397 5705 3
1397 3211 10
1397 5355 3
1397 4333 7
1397 2141 3
1397 5684 4
1397 4228 1
1397 4759 3
1401 4013 4
1401 2724 3
1401 5861 8
1401 2971 3
1401 1374 8
1401 4249 4
1401 4359 4
1401 2624 3
1401 3206 6
1402 4976 7
1402 5066 7
1402 5028 10
1403 1982 6
1403 3696 1
1403 1785 7
1403 4496 10
1403 1690 3
1412 4698 10
1412 5182 6
1412 5727 5
1413 3251 3
1413 3146 8
1413 5699 4
1413 3544 2
1413 3908 8
1415 3959 7
1415 1718 9
2209 5357 5
2209 3853 5
2209 4645 4
2209 3955 10
2209 5557 3
2209 2880 10
2209 4183 3
2209 3696 6
2209 1964 8
2209 3506 6
2209 2415 3
2209 4549 6
2209 2612 2
2209 4642 7
2209 5188 8
2209 4005 7
2209 5479 3
2209 3094 7
2209 5321 5
2209 4754 6
2209 4156 5
2209 4519 4
2209 1965 3
2209 3211 7
2209 4217 9
2209 5904 2
2209 3609 8
2209 4205 6
1419 2851 6
1419 5412 8
1419 3493 8
1419 1734 1
1419 5848 4
1419 4933 1
1419 1907 7
1419 5244 3
1419 2677 4
1419 3048 2
1419 5768 1
1419 3774 7
1420 4140 1
1429 541 7
1432 2851 5
2933 3356 6
2933 3644 5
2933 2202 4
2933 3452 10
2933 1785 2
2933 3957 8
2933 2168 6
2933 2522 2
2933 5545 4
2933 5533 10
2933 3611 10
2933 3671 9
2933 5108 5
2933 3185 4
2933 4205 7
1445 1638 3
1445 5835 8
1447 5825 1
1450 3955 8
1450 3611 7
1450 3367 1
1450 2559 6
1450 1965 7
1450 4796 6
1450 3211 10
1450 2612 10
1450 2736 3
1450 1862 6
1450 3696 4
1450 4759 3
1450 4217 10
1450 5729 10
1451 4013 5
1451 4551 10
1451 2366 8
1451 5762 1
1451 4466 6
1454 2911 10
1456 5872 6
1456 541 10
1458 5774 2
1458 3758 7
1458 4528 7
1458 1374 5
1458 4146 5
1458 1467 8
1458 4753 9
1458 4398 3
1458 1546 1
1458 5099 7
1460 3008 4
1461 4776 8
1461 4984 6
1465 4496 7
1466 5355 5
1467 5774 9
1467 1374 9
1467 1724 5
1467 5645 8
1467 2573 5
1468 2967 3
1468 777 4
1468 2915 8
1468 3764 8
1471 2851 9
1471 3745 5
1471 3949 1
1471 2167 4
1471 5394 7
1471 3888 8
1471 3349 9
1471 5642 7
1471 1907 9
1491 1201 10
1499 2095 1
1503 2218 3
1504 2760 9
1504 3105 10
1504 5644 7
1504 4307 2
1504 3450 9
1504 2123 8
1506 5800 2
1506 1928 4
1507 3068 10
1507 5670 8
1507 3008 9
1507 1836 6
1507 3113 3
1507 4299 8
1507 2027 6
1507 3870 3
1511 4217 8
1511 3611 7
1511 5357 9
1511 1785 3
1511 5675 6
1511 5557 1
1511 2880 7
1511 3644 6
1511 3080 3
1511 3696 10
1511 1690 3
1511 5678 6
1511 4815 9
1511 5533 9
1511 2612 4
1511 2034 10
1511 3094 6
1511 1436 1
1511 5055 4
1511 2522 8
1511 5388 2
1511 1965 9
1511 2168 7
1511 4496 2
1511 1540 5
1511 4759 1
1511 4205 9
253 5729 6
1522 1907 2
1522 2268 8
1522 5612 6
1522 5267 9
1522 3048 8
1522 4933 4
1522 2765 6
1522 3938 1
1522 3112 2
1522 5394 2
1522 5854 5
1522 5405 10
1522 5244 4
1522 3349 8
1531 2273 8
1531 5848 2
1531 2396 1
1531 1698 9
1539 3288 7
1539 709 2
1539 5644 4
1540 2104 3
1540 5357 8
1540 1761 6
1540 1904 1
1540 2559 1
1540 2726 9
1540 5678 1
1540 2612 6
1540 4796 7
1540 3367 4
1540 2948 1
1540 5055 4
1540 5086 3
1540 3321 8
1540 1965 7
1540 3211 5
1540 2072 5
1540 4205 3
1541 5828 8
1546 2218 8
1546 3288 3
1546 1374 10
1546 3894 2
1546 1625 10
1546 4269 5
1549 2366 4
1549 4720 4
1201 2218 5
1201 1201 2
1201 5014 1
1201 2243 8
1201 3783 3
1201 3668 3
1201 4154 8
1201 1256 1
1201 3221 8
1201 2573 6
1201 1870 4
1201 4877 2
1201 3570 1
1201 2624 3
1201 3154 5
1201 5099 2
1201 3833 1
1201 5563 4
1201 4140 6
1201 4753 8
1201 4724 10
1201 2638 10
1201 2366 10
1201 5498 6
1201 4097 2
1201 3341 9
1201 5828 9
1201 4698 6
1201 1833 9
1201 2760 4
1201 4611 5
1201 5270 4
1201 3483 10
1201 5804 5
1201 4146 1
1201 1835 1
1201 4934 4
1201 5491 1
1201 1933 10
1557 5027 8
1557 4271 4
1557 2189 6
1560 2040 1
1560 2037 8
1560 1920 9
1560 3008 7
1564 4613 5
1564 4276 2
1564 5409 2
1567 4698 7
1567 5491 2
1567 4398 6
1571 1971 9
1571 3305 9
1571 4789 1
1571 1590 6
1571 2880 3
1571 4183 2
1571 5718 8
1571 3679 2
1571 2379 4
1571 2736 3
1571 3768 9
1571 2612 6
1571 4193 8
1571 3226 8
1571 3955 1
1571 1983 6
1571 3229 5
1571 2634 1
1571 5684 2
1571 3094 10
1571 5321 10
1571 1938 10
1571 878 3
1571 5055 2
1571 5086 1
1571 3117 2
1571 5705 7
1571 1965 3
1571 3211 6
1571 5355 7
1571 4333 4
1571 2925 4
1571 530 5
1571 4759 7
1573 3356 3
1573 4642 2
1573 3611 9
1573 3329 8
1573 3644 7
1573 3957 1
1573 3506 6
1573 2168 1
1573 2522 3
1573 5545 5
1573 3671 2
1573 5108 6
1573 3185 7
1573 3321 1
1574 5774 3
1574 1594 3
1574 4753 8
1574 1374 1
1574 3783 9
1574 3894 4
1574 1625 9
1574 5099 10
1574 4886 8
1574 2573 2
1575 5379 9
1577 4013 8
1577 4877 7
1577 5756 8
1577 5828 1
1577 5315 10
1582 3356 4
1582 3321 9
1582 3644 5
1582 2168 5
1582 5545 6
1582 5108 10
1582 2522 2
1590 1971 6
1590 4789 4
1590 5718 5
1590 3995 1
1590 2379 7
1590 4583 8
1590 2911 8
1590 3768 10
1590 2612 3
1590 4193 7
1590 1983 3
1590 3229 6
1590 2035 1
1590 530 4
1590 3094 9
1590 5321 9
1590 1938 2
1590 878 5
1590 5055 3
1590 1770 5
1590 5705 5
1590 3182 10
1590 1965 9
1590 5355 2
1590 4333 8
1590 2141 1
1590 2925 1
1590 5684 8
1590 4228 3
1590 4759 9
1592 2181 4
1592 3580 9
1593 5645 3
1594 4563 8
1594 2218 10
1594 2557 2
1594 5014 6
1594 3894 5
1594 1830 9
1594 1701 2
1594 3873 1
1594 3667 8
1594 3288 3
1594 3971 7
1594 3311 2
1594 1791 10
1594 2624 9
1594 5099 7
1594 4397 3
1594 4398 3
1594 4116 10
1594 5181 2
1594 5665 9
1594 5402 2
1594 5194 8
1594 3098 3
1594 3580 4
1594 2138 1
1594 1374 6
1594 2601 2
1594 5853 9
1608 5762 5
1618 4413 7
1618 3779 8
1618 3018 2
1618 3200 9
1618 4632 5
1618 3317 6
1618 2448 3
1618 3699 8
1618 2565 7
1618 4128 8
1618 3531 5
1618 3279 8
1618 2010 4
1618 3550 9
1618 5729 5
1619 368 5
1619 2291 6
1619 3008 2
1625 4082 5
1625 2835 2
1625 2243 5
1625 3667 4
1625 3399 4
1625 4269 10
1625 2007 8
1625 4359 10
1625 5426 6
1625 4634 3
1625 2624 1
1625 4581 9
1625 3288 2
1625 3017 9
1625 5095 2
1625 1639 7
1625 3311 8
1625 2808 10
1625 1791 6
1625 2416 3
1625 2383 2
1625 3873 2
1625 4398 9
1625 5099 8
1625 5774 9
1625 4841 9
1625 3160 5
1625 4116 6
1625 5181 3
1625 4672 1
1625 5032 4
1625 2336 3
1625 4753 2
1625 2783 9
1625 5665 4
1625 4403 10
1625 2573 9
1625 1223 4
1625 5194 5
1625 3783 1
1625 3580 2
1625 1374 3
1625 3758 6
1625 5690 1
1625 4077 8
1625 4951 8
1631 4708 2
1631 3833 6
1635 3008 2
1638 4426 6
1638 4724 4
1638 5491 1
1638 5270 8
1639 3288 6
1639 2218 5
1639 4082 1
1639 1374 5
1639 2624 9
1639 5774 6
1639 5665 9
1639 4398 10
1639 3921 5
1649 1920 7
1649 3008 3
1649 3638 9
1649 3068 10
1649 3463 7
1649 5350 7
1649 4299 9
1649 2027 6
1649 3870 9
1649 3236 10
1657 5762 3
1659 4913 3
1659 2449 9
1659 4272 7
1659 5863 5
1667 4137 7
1667 3653 5
1667 1920 4
1667 3008 7
1669 5013 7
1669 3202 1
1669 2366 2
1669 1835 5
1669 4428 3
1669 2990 10
1669 5398 8
282 2432 1
1679 5253 8
1679 4249 7
1679 3876 3
1681 3745 4
1681 2590 10
1690 541 6
1690 1785 3
1690 4183 6
1690 3696 2
1690 2817 1
1690 4796 7
1690 4815 9
1690 1982 8
1690 955 9
1690 4883 7
1690 1436 5
1690 5729 2
1690 5705 9
1690 3099 3
1690 1965 6
1690 3211 3
1690 4496 5
1690 2736 7
1690 1394 4
1690 4205 2
1697 5732 3
1697 5768 10
1697 4395 4
1701 5181 3
1701 3667 6
1701 5252 8
1701 5099 8
1701 2624 2
1705 3728 9
1705 4750 2
1705 5652 9
1707 2911 5
1708 2760 1
1708 709 5
1708 1333 7
1708 5644 9
1708 3833 4
1712 4563 10
1712 4877 2
1712 3013 6
1712 3991 2
1712 5603 3
1712 3154 1
1712 4138 1
1712 4986 9
1712 5315 10
1712 5563 3
1712 4351 6
1712 4672 7
1712 4310 3
1712 5465 7
1712 5644 1
1712 2400 3
1712 2762 6
1712 2350 4
1712 4336 7
1712 1743 1
1718 1836 7
1718 5120 6
1718 3291 9
1718 2192 3
1721 2366 6
1724 3288 2
1724 2218 2
1724 5426 2
1724 3310 4
1724 4082 3
1724 2243 5
1724 5690 1
1724 3399 9
1724 1374 6
1724 4951 9
1724 5645 9
1724 3921 4
1734 3922 4
1734 3774 3
1734 5768 10
1734 4560 6
1734 4268 5
1734 3048 10
1743 2218 2
1743 4447 5
1743 3105 5
1743 5099 5
1743 4310 6
293 2218 3
293 2783 2
293 3259 4
293 2733 9
293 5003 9
1748 3027 8
1748 5825 9
1748 5474 7
1748 2326 4
1748 2469 4
1748 2175 7
1760 4168 1
1760 2167 2
1761 3356 8
1761 3321 7
1761 3611 9
1761 2104 2
1761 5188 6
1761 2168 7
1761 2522 6
1761 5545 4
1761 5533 1
1761 3671 8
1761 5108 9
1761 3185 4
1762 5138 8
1762 3765 9
1763 2760 9
1763 709 5
1763 5644 9
1763 1333 10
4837 2919 2
1770 4789 4
1770 1983 5
1770 2379 6
1770 2911 8
1770 3768 2
1770 2034 2
1770 3229 5
1770 2634 3
1770 530 2
1770 1938 8
1770 878 7
1770 5705 6
1770 3182 9
1770 5355 1
1770 4333 2
1770 2925 9
1770 2736 3
1770 4228 1
1243 4447 2
1243 2218 1
1778 4541 3
1778 4739 2
1778 3283 10
1778 5789 6
1778 1698 9
1778 2175 4
1778 2842 5
1778 3618 8
1778 5719 9
1778 3924 8
1778 4487 9
1778 2798 2
1778 3027 9
1778 2469 6
1778 4100 5
1778 5825 9
1778 4144 5
1778 2372 10
1778 5324 2
1778 2326 8
1785 2046 7
1785 3080 7
1785 2202 2
1785 3696 1
1785 2726 9
1785 4323 4
1785 2034 10
1785 3603 1
1785 5108 1
1785 3117 3
1785 1965 1
1785 5420 7
1785 4496 8
1785 4519 10
1785 2072 8
1785 4205 8
1791 3288 6
1791 2624 2
1791 4082 4
1803 5247 6
1805 4687 10
1810 4311 6
1810 1929 2
1810 3540 9
1810 4097 3
1810 4698 1
1810 5085 5
1810 4398 10
1815 4009 7
1815 3963 10
1815 4140 1
1815 4426 3
1815 3311 5
1815 5517 2
1815 1933 4
1815 2511 1
1815 2011 4
1815 3770 3
1815 2038 2
5231 1872 4
5231 2497 9
5231 2705 9
1822 5163 7
1822 4413 3
1822 3611 9
1822 3531 2
1822 3317 2
1822 2448 4
1822 1374 10
1822 3849 9
1822 4672 1
1822 2511 3
1822 4496 4
1822 4951 9
1822 5729 8
1823 3068 6
1823 3008 6
1823 4173 7
1823 3638 10
1823 4299 5
1823 3236 4
1826 3653 8
1826 3008 5
1830 4082 8
1830 2218 6
1830 3311 2
1830 1374 3
1830 4146 8
1833 2638 10
1833 3798 10
1833 4426 4
1833 4724 7
1833 4698 6
1834 3141 1
1834 4958 6
1834 2711 9
1835 3668 5
1835 3991 6
1835 709 5
1835 1700 8
1835 3154 10
1835 5863 3
1835 1929 10
1835 3833 10
1835 3160 2
1835 1333 5
1835 3202 6
1835 2760 6
1835 2449 7
1835 4458 7
1835 4353 3
1835 1943 6
1836 1920 6
1836 3008 10
1836 2705 10
1836 4299 3
1836 2027 3
1836 5379 4
1836 4395 8
1836 3188 9
1836 5890 6
1836 4750 6
1836 2612 10
1836 3236 10
1836 4640 9
1836 2594 4
1836 3295 7
1836 5350 8
1836 2069 1
1836 3068 9
1836 5705 2
1836 2429 3
1836 3638 9
1836 2101 8
1837 3214 4
1838 5412 6
1848 3068 10
1848 4762 8
1848 3008 8
1848 2093 7
1848 4299 5
1848 5890 9
1848 2225 4
1862 3955 6
1862 1965 9
1862 5502 9
1862 2612 2
1864 5571 8
1256 2638 4
1256 3798 8
1256 4426 9
1256 4724 6
1256 4698 2
1870 4551 4
1870 2437 5
1870 4869 1
1870 2967 5
1870 4272 7
1870 4466 1
1870 5085 3
1870 5426 3
1870 2012 9
1871 2485 3
1871 5134 3
1871 4205 1
1872 763 2
1872 5120 2
1872 3008 7
1874 2897 6
1874 1954 3
1874 1882 6
1874 5872 10
1874 3784 3
1874 1874 4
1874 4473 2
1874 4947 1
1874 2457 2
1882 2539 4
1882 4127 5
1882 2604 7
1882 1954 1
1882 2306 2
1882 4947 4
1882 5864 5
1888 4307 6
1888 2123 9
1889 4249 10
1889 3928 9
1889 4723 7
1890 4739 10
1890 3027 5
1890 2396 4
1890 2469 3
1890 2842 8
1890 5825 5
1890 1978 7
1896 3008 9
1898 3008 3
1904 5357 1
1904 3094 10
1904 5675 1
1904 2880 8
1904 4205 3
2291 3008 10
2291 1320 7
2291 3419 10
2291 5708 2
2291 368 3
1906 5281 6
1906 2167 8
1906 5383 8
1907 3922 5
1907 5604 2
1907 1732 6
1907 4770 10
1907 5612 5
1907 5768 8
1907 4268 8
1907 2677 10
1907 3048 7
1909 5729 8
1910 2366 2
3302 5631 2
3302 3778 1
1914 4447 6
1914 4454 2
1919 3833 4
1919 5644 9
1919 3668 8
1919 1943 9
1919 4030 4
1919 5291 9
4647 3510 3
4647 5353 3
4647 3008 9
1924 5670 9
1924 3008 7
1924 2440 3
1924 5120 6
1924 5708 3
1924 3638 7
1924 5840 4
1924 5350 6
1924 3870 5
1924 3236 2
1019 1247 6
1929 3833 2
1929 2840 7
1929 5853 10
1929 5491 7
1933 3520 1
1933 2327 1
1933 3963 2
1933 2557 9
1933 3014 2
1933 3311 2
1933 3312 5
1933 5099 8
1933 2511 4
1933 3770 5
1933 4426 3
1933 5127 5
1933 5800 2
1933 2038 9
1933 2011 8
1933 4009 3
1933 2760 9
1933 5517 3
1933 4477 5
1933 4829 8
1935 4913 8
1935 2449 5
1935 5863 4
1937 5412 6
1938 1971 2
1938 4789 3
1938 2937 3
1938 2379 7
1938 3621 3
1938 3679 2
1938 4193 7
1938 2298 10
1938 3315 7
1938 5718 6
1938 2141 2
1938 530 6
1938 5321 6
1938 5705 9
1938 3182 8
1938 4883 6
1938 3637 3
1938 5355 2
1938 4333 9
1938 4202 5
1938 5684 6
1938 4759 7
1940 2679 3
1940 3345 4
1940 2945 9
1940 4613 4
1943 5861 5
1943 3668 2
1943 709 3
1943 4466 5
1943 4545 10
1943 3833 1
1943 1333 1
1943 2638 6
1943 2366 8
1943 3341 7
1943 5828 4
1943 4458 2
1943 2760 4
1943 5644 8
1943 4909 10
1943 4249 7
1945 2167 8
1945 3959 8
1945 5413 3
1950 1333 3
1950 709 5
1950 2760 6
1954 4281 1
1954 5872 1
1954 2457 4
1954 3784 4
1954 5193 10
1954 4947 6
1954 3738 7
1954 5864 9
1957 3580 1
1964 5253 1
1965 5357 3
1965 2948 8
1965 2880 5
1965 4183 10
1965 3305 7
1965 2513 3
1965 2612 5
1965 4467 1
1965 2034 3
1965 3531 2
1965 4005 6
1965 3367 1
1965 3094 4
1965 4754 7
1965 5086 6
1965 5729 10
1965 3099 8
1965 5730 9
1965 2733 4
1965 4759 8
1965 4205 3
1965 3009 2
1965 5737 10
1965 5554 8
1965 2817 2
1965 2118 4
1965 4395 6
1965 4217 10
1965 2634 8
1965 2639 2
1965 5387 6
1965 5388 8
1965 3117 7
1965 5479 3
1965 3211 8
1965 4496 2
1965 2736 3
1965 4413 9
1965 4500 10
1965 4789 7
1965 3849 7
1965 2868 9
1965 2565 2
1965 2942 2
1965 3226 8
1965 4323 2
1965 1995 5
1965 3229 1
1965 3315 4
1965 3576 8
1965 3957 1
1965 4883 10
1965 5321 7
1965 4967 6
1965 5055 9
1965 4519 2
1965 3866 6
1965 5420 2
1965 3329 1
1965 541 3
1965 5557 9
1965 3955 10
1965 5163 2
1965 3696 10
1965 4796 7
1965 3506 9
1965 3699 4
1965 1003 10
1965 2072 8
1965 4815 1
1965 4721 10
1965 4900 9
1965 4175 10
1965 5168 6
1965 5800 5
1965 3603 6
1965 4156 8
1965 3321 5
1965 5705 8
1965 5355 10
1965 4079 3
1965 3609 2
1971 4789 1
1971 5718 1
1971 2379 7
1971 2141 9
1971 4193 7
1971 3229 1
1971 2634 9
1971 530 10
1971 878 9
1971 5705 5
1971 3182 8
1971 3211 8
1971 5355 10
1971 4333 9
1971 4202 1
1971 2925 6
1971 2736 6
1978 2798 4
1978 4739 5
1978 3027 3
1978 4144 7
1978 2842 1
1978 5474 1
1978 4100 9
1978 2175 6
1978 2469 9
1978 4487 5
1982 5705 10
1982 3229 6
1982 955 10
1982 5355 7
1982 4333 10
1982 1394 6
1982 878 3
1983 4789 6
1983 4541 7
1983 5718 4
1983 3995 9
1983 2379 9
1983 2141 4
1983 2736 3
1983 3768 4
1983 2612 1
1983 4193 5
1983 2034 10
1983 3229 9
1983 2634 9
1983 5479 4
1983 5684 3
1983 878 10
1983 5055 4
1983 3117 7
1983 5705 6
1983 2035 4
1983 3182 6
1983 4883 5
1983 5355 1
1983 4333 9
1983 4202 10
1983 2925 3
1983 530 6
1983 4228 3
1983 4759 7
1992 4814 8
1992 5170 2
1992 4877 10
1992 5315 7
1992 2143 10
1995 3211 9
1995 5554 7
1995 3367 2
1995 3226 9
1995 5675 1
1995 4759 1
1995 4183 4
1995 5729 4
1998 4583 8
1998 4789 4
1998 4333 8
1998 5479 1
1998 2736 5
1998 3768 4
1998 878 7
1998 5355 3
1998 2612 7
1999 5467 3
2007 5181 5
2007 5252 3
2007 1374 4
2007 2624 4
2010 3699 10
2010 5471 1
2011 4140 2
2011 4141 6
2011 4746 3
2011 3570 6
2011 3381 9
2012 2589 10
2012 4869 9
2012 3154 8
2012 3846 8
2012 2915 7
2012 5278 8
2013 2218 10
2013 541 1
2019 5261 2
2019 3295 10
2019 3008 10
2027 3075 10
2027 1920 5
2027 4762 9
2027 3008 6
2027 3419 10
2027 3589 8
2027 2129 8
2027 4299 1
2027 5379 4
2027 2994 9
2027 3998 10
2027 5120 7
2027 5509 10
2027 3900 3
2027 3291 4
2027 5222 6
2027 3155 10
2027 3236 5
2027 2163 1
2027 5078 3
2027 569 2
2027 3068 8
2027 2040 2
2027 3600 2
2027 4457 4
2027 4534 2
2027 4380 1
2027 3638 1
2027 5846 6
2027 3870 2
2027 5840 4
2030 4946 2
2031 3008 10
2034 3329 3
2034 541 8
2034 2948 5
2034 5557 7
2034 4183 9
2034 5357 4
2034 3367 1
2034 3305 8
2034 3506 7
2034 5678 4
2034 3609 3
2034 2072 2
2034 4815 7
2034 2565 4
2034 3768 4
2034 4789 4
2034 4193 7
2034 3226 5
2034 3955 6
2034 4900 7
2034 2634 1
2034 4005 2
2034 5479 10
2034 4883 2
2034 3094 9
2034 5321 8
2034 3696 5
2034 5055 3
2034 5729 3
2034 3117 2
2034 5705 9
2034 3211 1
2034 2612 1
2034 2736 4
2034 4759 9
2035 3305 1
2035 4333 10
2037 5078 3
2037 3008 10
2038 4551 3
2038 2760 5
2038 3833 3
2038 3826 10
2038 4140 2
2038 4466 4
2038 1333 2
2038 4746 2
2038 5832 5
2038 5644 4
2038 3608 8
2038 4353 5
2038 5842 4
2038 1700 4
2040 5670 3
2040 3008 9
2040 3102 2
2040 3870 6
2053 3542 5
2053 4370 6
2054 4144 4
2054 4739 3
2054 3027 9
2054 3924 6
2054 3283 3
2054 2469 3
2054 5324 5
2054 1698 2
2054 2798 10
2054 4855 6
2054 5789 10
2054 5825 5
2057 4503 10
2057 5515 9
2057 5721 9
2060 541 9
2064 5402 6
2065 2851 1
2065 2710 2
2065 4218 5
2069 5012 1
2069 3008 4
2072 3329 3
2072 3506 9
2072 3944 8
2072 5420 9
2072 4183 10
2072 3696 6
2072 3853 6
2072 4815 4
2072 2612 6
2072 3226 1
2072 3955 10
2072 2118 10
2072 3367 10
2072 3609 9
2072 3957 6
2072 3603 9
2072 5055 10
2072 5729 2
2072 3321 9
2072 3452 9
2072 3099 5
2072 5240 4
2072 3211 6
2072 4217 1
2072 4519 9
2072 4314 7
2072 4759 2
2074 5644 1
2079 2965 6
2081 3008 10
2081 3113 5
2089 3668 2
709 4388 7
709 3668 2
709 3991 9
709 1700 3
709 5859 2
709 3751 10
709 5842 5
709 5741 4
709 3312 5
709 5291 9
709 4545 8
709 5002 9
709 3198 9
709 3833 4
709 3245 10
709 1333 10
709 4902 10
709 2638 9
709 4307 1
709 3556 10
709 4698 7
709 4458 2
709 2760 8
709 5688 10
709 5644 3
709 4909 7
709 5517 4
709 3939 10
2093 2440 10
2093 3008 1
2095 3745 1
2095 4777 3
2095 3316 4
2095 4495 1
2095 3521 8
2095 5219 10
2316 2437 10
2316 2218 10
2316 3833 3
2316 5230 8
2316 3253 4
2316 4877 5
2316 2746 4
2097 4967 10
2100 2238 9
2101 3811 8
2104 3609 2
2104 3696 10
2104 4337 4
2104 4519 4
2104 4156 8
2104 3367 4
2104 2726 10
2104 2736 5
2104 5533 1
2104 2425 5
2104 4205 4
2104 3329 4
793 3580 7
2111 2911 8
2113 3696 9
2113 2448 2
2113 3550 4
2118 3696 2
2118 4796 2
2118 4496 1
2118 3609 3
2123 4877 1
2123 5318 2
2123 5466 4
2123 3751 2
2123 2437 3
2123 3105 7
2123 2760 1
2123 4906 5
2123 3729 2
2123 3450 8
2123 4307 3
2123 3581 6
2123 5197 6
2123 5465 9
2123 5644 7
2123 5835 9
2129 4101 7
2129 3008 2
2129 5708 7
2138 2218 7
2138 2583 8
2138 1374 10
2138 4146 5
2138 2511 4
2141 3305 5
2141 4789 1
2141 5718 2
2141 3995 8
2141 2379 10
2141 3768 5
2141 4193 3
2141 3229 10
2141 2634 6
2141 530 10
2141 878 1
2141 5705 10
2141 3211 2
2141 5355 4
2141 4333 9
2141 2925 3
2141 2736 2
2142 3288 9
2142 1374 4
2142 3399 2
2142 5426 6
2142 4398 10
2143 4013 3
2143 4877 9
2143 1163 10
2143 4574 9
2143 3971 9
2143 5315 4
2143 4447 5
2143 4814 7
2143 4395 6
2143 4397 10
2143 4986 6
2143 3044 5
2143 4698 1
2143 4307 10
2143 5170 10
2143 3556 2
2143 2449 5
2143 4311 4
2143 2952 8
2143 5644 9
2143 1374 4
2143 2924 10
2143 3846 7
2143 4252 4
2143 5800 2
2143 5085 1
2143 2903 2
2143 2698 9
2143 5704 8
2156 4299 8
2156 3068 4
2156 5120 6
2159 4698 1
2159 2218 1
2159 4097 4
2160 541 2
2163 3068 1
2163 3008 10
2163 5353 2
2163 3510 10
2163 4299 8
2163 3870 6
2167 4553 4
2167 3145 1
2167 5413 7
2167 4350 7
2167 5703 10
2167 5339 2
2167 5334 8
2167 5010 1
2167 5405 7
2167 5267 5
2168 3611 2
2168 4439 4
2168 5545 10
2168 3644 5
2168 3356 6
2168 2425 8
2168 2202 7
2168 5533 3
2168 5188 10
2168 5019 4
2168 5108 2
2168 3321 1
2168 5240 7
2168 2673 5
2168 3185 7
2175 4739 9
2175 3283 9
2175 5789 3
2175 1698 9
2175 5719 9
2175 3924 2
2175 2842 6
2175 4487 2
2175 2798 2
2175 3027 6
2175 2469 7
2175 4100 8
2175 4144 2
2175 2372 10
2175 2326 1
2175 4520 4
2179 3068 7
2179 5593 7
2179 2440 10
2179 3638 9
2179 4299 3
2179 3236 1
1223 4581 6
1223 4913 10
1223 1374 3
1223 3758 10
1223 5402 6
2189 5401 6
1425 2590 1
2192 3959 3
2193 2590 8
2193 3316 2
2193 5872 8
2193 4473 1
2193 3048 3
2202 3611 2
2202 4337 9
2202 4439 3
2202 3965 9
2202 5545 4
2202 3671 6
2202 3644 7
2202 3080 9
2202 3356 7
2202 2425 3
2202 3853 4
2202 5533 4
2202 4642 8
2202 3957 9
2202 5188 6
2202 3321 1
2202 5108 10
2202 2522 1
2202 3452 10
2202 5240 2
2202 4496 7
2202 5904 9
2202 2673 10
2202 4314 8
2202 3185 5
5324 4487 2
5324 5719 3
5324 4144 8
5324 3853 1
5324 5789 1
5324 5825 4
5324 2842 3
5324 4645 7
5324 2798 3
5324 1698 2
5324 2326 4
5324 3979 6
5324 5904 1
5324 4100 10
5324 4314 1
5324 4754 9
1444 4913 8
2217 541 5
2225 5261 1
2225 3008 7
2225 4282 9
2225 5210 1
2225 2272 9
2225 5120 8
2225 5632 8
2225 3149 3
2225 5622 3
2225 4083 7
2228 1333 8
2228 4902 3
2228 2760 9
2229 5861 10
2234 3105 8
2234 3846 6
2239 1374 4
2241 5010 1
2243 3288 3
2243 2218 3
2243 3667 5
2243 4783 5
2243 3894 1
2243 5690 3
2243 1374 4
2243 4398 4
2243 2573 6
2245 4447 8
2245 4909 4
2245 4964 1
2245 3154 1
2245 4024 2
3356 3611 10
3356 4337 1
3356 5545 2
3356 3671 4
3356 3644 4
3356 2425 6
3356 5533 4
3356 3957 9
3356 5188 3
3356 5019 8
3356 5108 8
3356 2522 3
3356 3321 3
3356 3452 8
3356 5240 8
3356 2673 2
3356 3185 1
2266 2811 9
2268 5405 9
2268 5432 7
2271 5014 7
2272 5708 8
2272 3008 7
2273 2798 9
2273 4593 8
2273 2842 6
2273 2326 3
2274 1333 9
2274 4746 4
2276 2612 6
2276 2942 8
2285 3214 3
1905 5498 7
2297 2565 2
3367 5357 4
3367 3009 3
3367 3572 8
3367 2948 5
3367 5678 3
3367 3603 4
3367 2880 9
3367 4183 5
3367 2559 8
3367 3696 2
3367 2817 10
3367 4500 4
3367 3506 5
3367 4815 3
3367 5729 10
3367 4217 7
3367 3226 9
3367 3955 4
3367 4721 9
3367 4900 10
3367 3329 6
3367 4005 9
3367 5479 4
3367 4883 5
3367 3094 3
3367 5321 3
3367 1436 4
3367 5055 8
3367 5086 4
3367 4156 9
3367 3609 3
3367 5420 6
3367 4496 1
3367 2612 8
3367 3211 8
3367 2736 6
3367 4796 5
3367 4759 4
3367 5557 10
3367 3866 10
2303 829 4
2303 4447 6
2303 5085 1
2306 5413 6
2306 4473 5
2306 3048 4
2308 1163 8
2096 2735 1
2096 5699 2
2096 4453 3
2323 5624 9
2326 4541 4
2326 4739 5
2326 3283 6
2326 5789 3
2326 1698 10
2326 3924 9
2326 2842 2
2326 2798 9
2326 4593 8
2326 2469 1
2326 5825 6
2326 4100 8
2326 5848 6
2326 2396 5
2326 4144 10
2326 2372 8
2334 4079 6
2336 2218 9
2336 1374 3
2336 5099 10
2336 2624 10
1333 1163 9
1333 4388 3
1333 3668 2
1333 1700 2
1333 5859 10
1333 3751 2
1333 2437 7
1333 4461 1
1333 2562 7
1333 3312 3
1333 5291 5
1333 3556 7
1333 4551 2
1333 3198 3
1333 3833 8
1333 2760 6
1333 4428 10
1333 1532 8
1333 4311 2
1333 4353 4
1333 3683 6
1333 5688 4
1333 4545 9
1333 5644 1
1333 3939 6
1333 5835 7
1333 5571 4
2350 4447 6
2350 2218 10
2360 5699 9
2360 3575 1
2366 4563 6
2366 4877 2
2366 1163 7
2366 3963 1
2366 3105 4
2366 5447 8
2366 2990 9
2366 2746 4
2366 2437 9
2366 2924 9
2366 4548 6
2366 2511 9
2366 3312 7
2366 3687 4
2366 5563 8
2366 4140 5
2366 3202 8
2366 5233 9
2366 4698 4
2366 4428 8
2366 2778 6
2366 5727 2
2366 4141 9
2366 3729 7
2366 4311 6
2366 5194 9
2366 4307 2
2366 5644 5
2366 4249 2
2366 5517 4
2366 5874 4
2366 5085 3
2371 3779 6
2372 4541 7
2372 3027 3
2372 2842 2
2372 5825 9
2372 2396 9
2449 4551 8
2449 2987 10
2449 2378 8
2378 4551 7
2378 2437 4
2378 3833 7
2378 4913 5
2378 5085 9
2378 5863 9
2379 5357 4
2379 3305 1
2379 3009 7
2379 4789 1
2379 5718 4
2379 3768 2
2379 2612 4
2379 4193 5
2379 3229 10
2379 2634 2
2379 530 6
2379 878 6
2379 5705 3
2379 3211 7
2379 5355 3
2379 4333 6
2379 4202 10
2379 2925 9
2379 2736 7
2381 3027 10
2381 2469 7
2383 2218 3
2383 4287 2
2383 5774 6
2383 2624 7
2386 2911 6
2395 3027 2
2395 3283 7
2395 4593 7
2395 2469 1
2396 4739 5
2396 5789 1
2396 1698 3
2396 5719 8
2396 3924 7
2396 2842 7
2396 4487 4
2396 2798 2
2396 3027 4
2396 4593 1
2396 2469 7
2396 5825 8
2396 3601 4
2396 4100 8
2396 4144 4
2399 2553 7
2400 4447 6
2400 2218 4
2406 5571 6
2411 3953 7
2415 3979 3
2415 3853 7
2415 4645 5
2415 3603 4
2415 4314 2
2416 4951 2
2421 4553 10
2421 5413 4
2421 4819 5
2421 4644 4
2421 5334 6
2425 4156 9
2425 3644 5
2425 3965 10
2425 2522 1
2425 5545 3
2425 3321 8
2425 5533 6
2425 3611 8
2425 3671 10
2425 5108 2
2425 3185 5
2425 3452 2
2432 4923 1
2432 4659 7
2432 3904 2
2437 4563 3
2437 2499 2
2437 4708 8
2437 5447 4
2437 2678 9
2437 2746 8
2437 2589 10
2437 4249 5
2437 3240 5
2437 5564 6
2437 3154 9
2437 3564 5
2437 4869 7
2437 3904 10
2437 3833 8
2437 3654 1
2437 2576 2
2437 5639 3
2437 2638 7
2437 3683 9
2437 3971 2
2437 4672 9
2437 5278 6
2437 5828 2
2437 2522 4
2437 4458 4
2437 5619 2
2437 3430 7
2437 5832 5
2437 5644 5
2437 3216 3
2437 2924 1
2437 4466 4
2437 3846 3
2437 4659 10
2437 5085 8
2437 3889 7
2437 4336 8
3387 3119 10
3387 4314 6
2440 3008 7
2440 5120 10
2440 5078 4
2440 4748 5
2440 4624 3
2446 4466 2
2446 4586 7
2446 5644 10
2448 4413 9
2448 4632 2
2448 2877 7
2448 3962 7
2448 3849 5
2448 4128 3
2448 3550 8
2448 4741 7
2448 955 6
2448 3699 5
2448 2565 9
2448 4896 3
2448 4796 4
2448 3531 3
2448 3317 1
2448 5565 6
2448 5737 5
2448 5729 2
2448 2620 10
2448 5009 3
2448 5471 4
2448 4759 8
2448 3279 8
2450 4417 8
2459 2643 2
2460 4299 2
2460 3068 1
2460 5120 8
2460 3008 5
2468 4473 6
4193 3009 7
4193 4789 6
4193 5718 3
4193 3768 9
4193 2612 6
4193 3229 3
4193 2634 5
4193 530 8
4193 3094 8
4193 5321 7
4193 878 4
4193 5055 5
4193 5705 3
4193 3211 6
4193 3637 1
4193 5355 6
4193 4333 3
4193 2925 1
4193 2736 2
4193 4228 3
4193 4253 2
2476 5624 3
2482 3008 10
2485 4496 7
2487 4783 4
2497 763 9
2497 5120 2
2497 3008 10
2497 5858 5
2499 4551 10
2499 3934 6
2499 4540 8
2511 4551 2
2511 4140 6
2511 2967 6
2511 777 2
2513 4815 3
2513 5388 6
2522 3611 10
2522 4439 3
2522 5545 4
2522 3644 10
2522 5533 4
2522 5188 1
2522 5019 4
2522 5108 3
2522 3321 3
2522 5240 3
2522 2673 3
2522 3185 6
2533 5639 8
2539 4929 4
2539 5864 6
2541 2218 3
2541 4753 8
2541 4783 6
2553 5652 1
2556 5261 1
2556 3008 2
2557 5181 2
2557 2218 4
2557 5252 4
2557 4140 1
2557 4407 2
2557 1374 9
2559 4500 6
2559 5357 3
2559 4721 8
2559 2817 6
2559 5420 10
2559 3955 10
2559 3609 9
2559 2612 2
2565 5357 9
2565 3094 3
2565 3849 8
2565 5557 7
2565 3550 1
2565 5163 2
2565 4156 10
2565 4796 1
2565 5678 8
2565 3699 8
2565 3779 10
2565 2612 1
2565 3226 4
2565 3531 10
2565 5168 5
2565 2948 1
2565 5055 9
2565 5729 2
2565 3609 3
2565 5420 7
2565 4217 8
2565 4632 10
2565 5471 2
2565 4759 10
2565 4205 9
2573 2218 3
2573 5014 7
2573 3783 3
2573 3399 3
2573 3742 7
2573 4154 3
2573 2624 10
2573 3873 10
2573 3288 2
2573 3160 10
2573 4398 3
2573 5252 1
2573 5181 8
2573 4097 3
2573 4307 7
2573 4269 4
2573 4753 7
2573 1435 7
2573 5665 6
2573 1374 7
2573 2924 2
2573 4951 4
2576 3840 2
2576 4724 7
2583 4009 5
2583 3971 10
2583 2840 4
2583 1374 10
2583 3381 2
2590 2851 2
2590 3521 2
2590 3640 8
2590 3745 5
2590 3949 8
2590 4473 4
2590 3048 1
2590 5412 2
2594 5120 7
2594 3291 7
2596 3008 10
2601 2218 1
2601 4447 2
2601 4249 5
2601 3971 10
2604 2790 8
2604 5872 5
2604 4473 8
2604 3048 6
2605 2774 4
2612 5357 4
2612 4967 9
2612 5272 1
2612 4754 8
2612 5729 3
2612 3099 8
2612 4759 9
2612 4205 8
2612 3009 7
2612 5554 8
2612 4217 9
2612 2634 10
2612 5387 5
2612 5388 9
2612 3117 9
2612 3211 7
2612 4496 6
2612 4500 3
2612 4789 3
2612 3768 5
2612 2942 4
2612 3226 6
2612 3955 6
2612 4796 5
2612 3957 5
2612 4883 10
2612 2948 10
2612 878 8
2612 5055 4
2612 4519 8
2612 3866 9
2612 5420 8
2612 2673 5
2612 3329 1
2612 541 7
2612 4156 7
2612 3315 2
2612 3506 1
2612 2736 5
2612 4815 4
2612 4721 6
2612 5168 1
2612 3603 5
2612 3696 8
2612 5705 10
2612 5355 8
2612 530 3
2612 4175 10
2612 3609 3
2620 5471 6
3860 3961 1
2624 4082 7
2624 2218 1
2624 5861 9
2624 2835 10
2624 5402 4
2624 3894 6
2624 3667 5
2624 3399 3
2624 4359 3
2624 5426 4
2624 3873 2
2624 3288 4
2624 3311 4
2624 5099 10
2624 3840 4
2624 3160 5
2624 3770 5
2624 4116 1
2624 5181 1
2624 4753 7
2624 5665 8
2624 5252 2
2624 3783 9
2624 1374 6
2624 4249 9
2624 4077 4
2624 4951 6
2627 5412 7
2627 5413 6
2627 5394 2
2627 4473 10
2634 3009 1
2634 4789 1
2634 4333 5
2634 5718 3
2634 3995 10
2634 5819 6
2634 3226 5
2634 3955 7
2634 3229 5
2634 4883 9
2634 5479 5
2634 5684 4
2634 3094 1
2634 5321 8
2634 878 10
2634 5055 9
2634 5086 2
2634 4253 8
2634 5705 2
2634 3182 10
2634 3211 4
2634 5355 10
2634 2925 9
2634 530 6
2634 4759 4
2636 3668 3
2638 4082 2
2638 4877 7
2638 1163 6
2638 3668 7
2638 3833 1
2638 3751 4
2638 3570 6
2638 4545 7
2638 4590 9
2638 4753 7
2638 2638 5
2638 4097 5
2638 5278 4
2638 4698 9
2638 2760 10
2638 5644 8
2638 3939 3
2638 5835 3
2638 5085 7
2639 5388 8
2640 3668 10
2640 2760 7
2643 2218 3
2643 3289 9
2643 5412 9
2643 5413 1
2649 2750 5
2649 5703 3
2655 2851 9
2655 4758 9
2655 4743 4
2655 4819 6
2656 2218 6
2656 4398 10
2656 4753 1
2661 4184 8
2661 4145 1
2665 4877 9
2665 3564 10
2665 1374 2
2665 5853 8
2665 3971 3
2665 4252 2
2665 5812 3
2665 3873 9
2672 3240 9
2673 3611 3
2673 3329 6
2673 5545 6
2673 3671 2
2673 3644 1
2673 4642 5
2673 3957 2
2673 3321 6
2673 5108 7
2673 4217 10
2673 3185 5
2677 5612 10
2677 5768 10
2677 4268 6
2679 4271 7
2679 4626 1
2679 5886 3
2679 5800 2
2679 2981 7
2686 4271 6
2687 3008 4
2694 4557 10
2701 5768 2
2705 4380 9
2705 5120 10
2705 4068 7
2710 5267 2
2711 4350 6
2711 4958 7
3172 2835 5
3172 1374 1
2726 2851 6
2726 541 7
2726 5554 1
2726 3211 8
2726 3099 10
2726 4496 4
2726 4205 6
2726 3696 1
2733 4815 6
2733 5388 2
2735 5699 8
2735 3575 4
2736 541 7
2736 3009 5
2736 4632 9
2736 2877 2
2736 3995 7
2736 5730 5
2736 4299 2
2736 5557 5
2736 2880 1
2736 4183 3
2736 4759 6
2736 5357 6
2736 2817 3
2736 4417 7
2736 3305 8
2736 3506 6
2736 4815 2
2736 4721 6
2736 3768 9
2736 4789 1
2736 3226 9
2736 3566 2
2736 3955 6
2736 3315 5
2736 3094 5
2736 4005 9
2736 5479 8
2736 3068 10
2736 2948 1
2736 5321 5
2736 878 1
2736 5055 3
2736 3696 6
2736 3117 5
2736 4156 6
2736 3211 8
2736 4333 7
2736 4883 7
2736 5471 3
2736 5272 5
2736 3866 5
2736 4217 7
2737 2218 10
2745 5355 4
2746 2589 2
2746 4877 4
2746 2967 5
2746 5644 2
2746 4428 4
2746 5085 1
2747 4428 2
2750 5412 9
2750 5703 7
2754 3727 8
2754 5708 8
2754 3168 9
2754 3821 10
2754 4101 7
2754 5379 2
2756 5129 2
2760 5400 7
2760 5401 4
2760 4877 8
2760 3991 2
2760 1700 2
2760 5859 4
2760 3751 7
2760 4393 8
2760 5842 1
2760 5741 8
2760 3312 3
2760 5291 9
2760 5002 4
2760 4590 3
2760 3880 3
2760 4545 1
2760 2865 2
2760 4140 2
2760 4428 6
2760 4030 8
2760 4458 1
2760 4311 6
2760 5688 4
2760 2967 7
2760 3833 7
2760 5644 3
2760 4909 9
2760 5517 8
2760 3668 10
2760 3939 1
2760 4252 9
2760 5716 7
2762 2589 5
2765 5768 1
2765 5848 5
2769 3880 9
2782 4184 10
2782 2814 7
2783 2218 6
2783 3833 5
2783 5861 2
2783 4882 2
2783 5003 8
2787 4137 7
2787 3008 2
2788 5355 5
2790 4370 1
2790 3542 1
2794 5612 2
2794 5412 1
2794 3048 2
4896 4413 4
4896 4796 4
4896 5737 3
4896 5471 3
4896 3317 5
4896 5729 2
2803 5624 1
2803 5897 1
2809 3048 1
2811 3765 7
2811 4395 2
2815 541 5
2817 3955 7
2817 3696 5
2817 4500 9
2817 4721 1
2817 4796 7
2817 3609 2
2835 2218 1
2835 1374 9
2835 3894 9
2835 3667 7
2840 4746 5
2842 4541 5
2842 4739 10
2842 3283 5
2842 5789 3
2842 1698 2
2842 5719 6
2842 3924 4
2842 5474 5
2842 5825 4
2842 4487 8
2842 2798 9
2842 3027 5
2842 2469 8
2842 3601 3
2842 4100 9
2842 5848 9
2842 4520 4
2844 4600 8
2844 4633 2
2844 5412 4
2845 1920 1
2845 4066 8
2845 3008 2
2845 5077 9
2851 4633 9
2851 5267 3
2851 5886 5
2851 3949 5
2851 5721 1
2851 3528 6
2851 5612 2
2851 5413 10
2851 4309 6
2851 4268 3
2851 3342 7
2851 3048 6
2851 4028 6
2851 4758 1
2851 4350 5
5383 3529 6
2857 4819 7
2861 4184 9
2861 4132 3
2861 5317 1
2865 5644 10
2866 4633 9
2868 3315 2
2868 4156 7
2868 3696 9
2457 5864 6
2876 2218 5
2876 4447 7
2876 3580 5
2876 3911 6
2876 1374 8
2876 4146 1
2876 5564 3
2876 5233 9
2876 3399 5
2876 5014 3
2876 4269 6
2876 4176 5
2876 5426 1
2876 4634 4
2876 4131 6
2877 3866 10
2877 3849 8
2880 3125 2
2880 541 8
2880 5554 8
2880 5420 5
2880 3696 4
2880 3506 10
2880 5678 1
2880 4815 6
2880 4217 4
2880 4467 4
2880 3955 4
2880 5479 4
2880 3603 7
2880 4156 4
2880 4519 9
2880 5730 10
2880 3099 10
2880 3211 6
2880 4205 6
2887 4708 3
2887 3986 1
2897 5872 8
2897 3048 9
2900 2965 9
2900 5432 6
2903 4013 6
2903 4551 9
2903 3934 6
2903 5853 2
2903 4252 9
2903 4540 4
2903 3044 3
2911 3182 6
2911 4789 9
2911 4333 8
2911 5867 10
2911 530 7
2911 3768 5
2912 5624 6
2915 4241 2
2915 4353 2
2915 3667 7
2915 3764 8
2915 4466 5
2915 5832 1
2915 5402 1
2915 5466 5
2915 5099 1
2915 3341 5
2915 5085 7
2915 3904 10
2919 4029 7
2919 3275 9
2919 3167 1
2919 3670 3
2919 3445 2
2925 4789 1
2925 5554 1
2925 5718 8
2925 3621 8
2925 3768 10
2925 3679 7
2925 3229 2
2925 3315 9
2925 5684 9
2925 5321 7
2925 878 8
2925 5705 4
2925 3182 7
2925 4883 2
2925 3637 5
2925 5355 1
2925 4333 1
2925 4202 4
2925 530 7
2925 4759 10
2930 5387 4
2932 5379 9
2942 3226 9
2942 4467 8
2942 4789 1
2942 4333 3
2942 4900 1
2942 5055 7
2942 4183 8
2942 5272 2
2944 4043 1
2948 3329 4
2948 541 9
2948 3211 9
2948 3849 5
2948 3696 9
2948 4156 7
2948 4796 7
2948 4815 3
2948 3226 5
2948 3955 2
2948 5479 2
2948 3609 10
2948 3094 4
2948 5357 4
2948 5729 5
2948 3117 7
2948 5705 6
2948 5420 5
2948 4217 10
2948 4759 7
2952 3119 3
2952 3105 9
2952 3556 1
5786 3008 8
2965 4976 9
2965 1247 5
2965 3503 7
2965 5617 3
2965 3071 4
2469 4541 3
2469 4739 2
2469 3283 10
2469 5789 4
2469 4855 5
2469 3618 9
2469 5719 1
2469 3924 10
2469 5474 6
2469 4487 1
2469 2798 7
2469 3027 1
2469 4593 9
2469 5825 10
2469 4100 2
2469 3126 9
2469 4144 2
2469 1698 7
2469 4520 6
2973 3696 9
2980 3833 8
5892 4447 5
5892 2218 2
2987 4551 6
2987 4913 7
2987 3833 3
2987 5863 6
2990 4935 1
2994 4179 10
2994 5379 1
2995 5530 5
2995 5027 10
2995 4271 8
2995 5581 10
3001 5571 3
3002 3008 7
3008 3075 9
3008 4179 1
3008 569 5
3008 4462 3
3008 3522 5
3008 3168 5
3008 4088 10
3008 4742 2
3008 3998 9
3008 3900 1
3008 4001 10
3008 3236 6
3008 3155 8
3008 5641 6
3008 3727 5
3008 3750 5
3008 4101 10
3008 4380 7
3008 4381 2
3008 3102 5
3008 4105 5
3008 3638 2
3008 5846 1
3008 5199 7
3008 5012 1
3008 4762 2
3008 3188 4
3008 5840 3
3008 4299 9
3008 763 10
3008 3645 1
3008 3016 4
3008 4457 2
3008 3291 9
3008 3653 2
3008 5210 5
3008 4493 9
3008 3029 1
3008 5814 4
3008 3296 5
3008 5034 8
3008 4312 7
3008 3209 2
3008 3463 6
3008 5488 4
3008 3477 2
3008 1920 2
3008 5670 10
3008 4365 7
3008 3945 10
3008 5047 6
3008 4137 7
3008 3485 7
3008 5723 6
3008 3133 8
3008 368 2
3008 5632 10
3008 3314 3
3008 4045 7
3008 5593 7
3008 4054 10
3008 4436 1
3008 1320 1
3008 3419 10
3008 3589 7
3008 3149 8
3008 5607 7
3008 4468 9
3008 5379 10
3008 3697 7
3008 5509 3
3008 5077 7
3008 3507 1
3008 5078 8
3008 3510 4
3008 5890 2
3008 5831 4
3008 3702 10
3008 3295 5
3008 4068 6
3008 3433 1
3008 3066 6
3008 5350 5
3008 5256 2
3008 4534 6
3008 5707 7
3008 5353 7
3008 4827 1
3008 4460 9
3008 4173 6
3008 4066 7
3008 5622 4
3008 3710 1
3009 4217 6
3009 5357 1
3009 541 4
3009 3696 4
3009 5819 2
3009 3226 9
3009 530 1
3009 3094 4
3009 5321 5
3009 878 8
3009 3117 1
3009 4789 6
3009 3211 6
3009 5355 2
3009 4202 10
3009 4883 4
3010 3904 4
3013 4447 9
3013 4909 6
3013 4964 10
3013 3154 4
3016 4299 5
3016 3068 7
3016 5670 4
3016 3295 1
3017 2218 1
3026 3105 8
3027 4541 3
3027 4739 7
3027 3283 2
3027 5789 5
3027 4855 1
3027 5719 4
3027 3924 9
3027 5474 6
3027 4487 4
3027 2798 10
3027 4593 4
3027 5825 3
3027 4100 6
3027 3126 10
3027 4144 6
3027 1698 7
3027 4520 4
3038 3145 3
3038 3949 10
3040 4945 9
3040 5334 3
3040 4958 7
3040 4639 5
336 4271 9
3046 3253 6
3046 3880 5
3046 4882 3
3048 5768 4
3048 5267 7
3048 5244 4
3048 5467 5
3048 4633 2
3048 3949 3
3048 4639 6
3048 4370 9
3048 3529 2
3048 5612 4
3048 5412 3
3048 4268 6
3048 4945 2
3048 4473 2
3048 3774 3
3048 751 9
3048 5872 5
3048 4933 5
3048 3938 4
3048 3542 1
3051 4043 10
459 4800 3
3068 5670 6
3068 4762 7
3068 3419 5
3068 4299 2
3068 5379 7
3068 569 2
3068 5120 3
3068 3998 10
3068 5509 3
3068 3507 3
3068 5222 3
3068 3653 2
3068 3623 7
3068 3600 1
3068 3068 5
3068 4045 5
3068 4380 3
3068 3209 10
3068 4250 4
3068 4457 5
3068 5846 1
3068 5840 4
3071 4184 10
3071 4271 7
3071 4613 9
3074 3506 5
3075 1920 1
3079 3835 2
3080 3696 7
3080 4496 5
3080 3211 7
3080 3842 1
3080 5321 5
3080 5055 6
3080 4205 4
3089 3840 2
3089 2218 9
3090 5412 3
3094 5086 1
3094 5729 6
3094 4759 3
3094 4217 1
3094 5388 3
3094 3211 9
3094 3305 10
3094 4789 2
3094 5678 2
3094 3768 8
3094 3117 5
3094 878 5
3094 541 3
3094 3696 2
3094 4796 9
3094 3699 8
3094 4815 8
3094 3603 2
3094 4156 10
3094 5705 9
3094 5355 3
3094 3609 7
3098 5181 10
3098 3667 1
3098 5252 4
3098 4287 5
3098 5402 6
3098 5099 4
3099 5357 4
3099 4183 7
3099 4005 2
3099 4759 7
3099 4205 5
3099 5479 8
3099 3853 9
3099 5678 8
3099 3226 5
3099 3603 5
3102 3510 4
3102 3870 8
3104 3399 1
3104 3782 3
3105 3303 8
3105 4877 4
3105 5756 6
3105 5466 1
3105 2589 6
3105 3833 10
3105 4307 7
3105 4906 8
3105 3729 10
3105 3450 3
3105 2967 6
3105 5197 3
3105 5465 2
3105 5644 7
3105 5835 10
3112 3818 4
3112 5581 6
3117 5357 5
3117 4789 1
3117 3211 3
3117 4183 5
3117 3696 6
3117 3506 9
3117 4815 10
3117 3226 1
3117 3315 6
3117 5479 10
3117 4883 10
3117 5321 10
3117 5055 2
3117 5705 9
3117 4759 1
3119 4013 4
3119 3181 6
3119 4877 6
3119 3326 1
3119 5644 2
3119 4252 10
3119 5294 4
3125 4900 5
3125 4395 8
3125 5730 3
3125 4467 2
3126 4739 10
3126 4144 7
3126 5825 7
5846 4299 3
3133 3133 7
3133 5222 7
3133 4462 10
3141 4958 10
3146 3544 3
3146 3908 9
3149 5210 2
3154 2218 3
3154 4447 5
3154 5644 9
3155 5708 2
1028 5828 2
3160 3288 3
3160 4858 10
3160 4426 7
3160 4082 1
3160 4097 8
3160 3894 4
3160 4934 8
3160 5491 4
3160 4398 5
3160 3873 3
3162 5355 10
530 4789 1
530 5718 1
530 3679 10
530 3305 6
530 3621 1
530 3768 9
530 4883 6
530 878 10
530 5705 7
530 3182 2
530 3637 6
530 5355 6
530 4333 1
530 4202 5
530 5684 1
530 4228 1
3167 3275 1
3167 4029 3
3168 5708 7
3174 5828 2
3182 3229 5
3182 3211 6
3182 4333 4
3182 4228 8
3182 5705 5
3182 878 8
3182 5355 1
3182 4789 8
3185 3611 6
3185 4337 1
3185 3965 3
3185 5545 9
3185 3671 6
3185 3644 4
3185 3853 2
3185 5533 5
3185 3957 6
3185 5188 2
3185 5019 3
3185 5108 1
3185 3321 2
3185 3452 3
3185 5240 3
3185 4314 10
2967 4551 3
2967 5619 5
2967 5085 7
2967 2589 8
2967 3904 10
1232 4946 3
3200 5471 2
3200 5737 1
3200 4005 6
3200 5729 10
3202 1486 9
3202 4773 2
3202 3991 10
3202 5853 7
3202 5398 10
3202 4336 3
3206 5835 3
3209 3638 10
3209 3113 9
3209 4299 5
3209 3236 1
3211 4217 9
3211 3329 5
3211 541 6
3211 4500 7
3211 5554 4
3211 5557 3
3211 4183 8
3211 3696 4
3211 4721 5
3211 3506 1
3211 4815 3
3211 3768 4
3211 4789 4
3211 3226 6
3211 4796 6
3211 5168 3
3211 4005 3
3211 5479 2
3211 3609 10
3211 5321 5
3211 3603 6
3211 878 10
3211 5055 8
3211 5086 9
3211 4156 7
3211 5357 9
3211 5420 3
3211 4759 7
3211 4205 1
3214 4056 2
3216 5085 7
3221 4426 2
3221 5491 1
3221 5466 8
3221 4934 5
3221 4398 6
541 5357 3
541 4835 5
541 4183 7
541 4920 2
541 5718 2
541 5055 3
541 3752 3
541 4158 8
541 3506 2
541 5678 2
541 4815 5
541 3595 7
541 4789 7
541 3226 6
541 3955 10
541 5584 9
541 5560 5
541 5538 1
541 5479 2
541 4883 7
541 5396 4
541 5321 9
541 1436 6
541 5086 3
541 3609 7
541 4071 6
541 5543 4
541 4872 9
541 5615 7
541 4759 2
541 4205 4
3226 4500 6
3226 4183 1
3226 3696 9
3226 4156 9
3226 3506 4
3226 4815 3
3226 3768 3
3226 3955 3
3226 4796 5
3226 3609 2
3226 4967 1
3226 5388 7
3226 5729 1
3226 5705 9
3226 5420 4
3226 4217 9
3226 4759 1
3226 4205 6
3229 4789 7
3229 5718 9
3229 3995 9
3229 3768 3
3229 4467 5
3229 878 9
3229 5729 8
3229 5705 6
3229 5355 3
3229 4333 7
3229 4228 8
3236 4380 6
3236 5670 1
3236 569 7
3236 5078 3
3236 5353 3
3236 3811 10
3236 5708 7
3236 4282 7
3236 5199 5
1486 4913 6
3240 2589 8
3240 4869 5
3240 3846 10
3240 3991 5
3240 5085 7
3251 4259 1
3251 4769 6
3253 5338 10
3253 4882 9
3259 2218 6
3259 1374 4
3259 5774 5
3259 5690 6
3262 5402 9
3268 4967 2
3275 5386 1
3275 4029 8
3279 3550 5
3279 5471 8
3283 4541 9
3283 2798 2
3283 4739 8
3283 3924 7
3283 1698 7
3283 4100 1
3283 5825 1
3283 4487 8
3286 5708 8
3288 4082 3
3288 5861 5
3288 5402 10
3288 3894 10
3288 3399 2
3288 4269 3
3288 3873 3
3288 3667 6
3288 4397 6
3288 4398 10
3288 5099 7
3288 4116 4
3288 4753 10
3288 5170 7
3288 5665 3
3288 1374 6
3288 4176 8
3288 5426 5
3289 4309 2
3291 4640 8
3291 4173 6
3291 5379 3
1320 368 1
1320 5708 8
3303 3846 2
3303 4307 4
1920 5670 9
1920 4762 8
1920 3419 7
1920 5840 6
1920 5379 4
1920 4088 6
1920 4457 4
1920 4748 10
1920 5210 10
1920 569 9
3305 4789 6
3305 5718 4
3305 5321 8
3305 878 1
3305 5055 8
3305 5705 5
3305 5355 4
3305 4333 2
3310 2218 10
3310 1374 5
3310 4398 4
3311 2218 10
3311 3667 5
3311 5014 4
3311 5665 6
3311 5181 5
3311 5099 3
3311 5252 10
3311 4140 3
3311 4097 9
3311 4009 8
3311 1374 8
3311 5645 1
3312 4140 7
3312 5644 8
3312 3833 1
3315 3696 8
3315 4789 6
3315 4333 10
3315 5321 6
3315 878 7
3315 4183 4
3316 5555 3
3317 4413 4
3317 5737 8
3317 5554 6
3317 4128 2
3317 3550 3
3317 5163 7
3317 4741 10
3317 3699 9
3317 5471 3
3317 5565 2
3317 5729 1
3317 5705 1
3317 3779 9
3321 3611 9
3321 4337 2
3321 4439 6
3321 3671 7
3321 3644 6
3321 3401 9
3321 3506 5
3321 5678 2
3321 4815 10
3321 5533 10
3321 4642 7
3321 3957 2
3321 5188 2
3321 5108 6
3321 5240 7
3321 5545 6
3321 4217 3
3321 4079 2
3329 5557 10
3329 3401 6
3329 3644 9
3329 3696 9
3329 3506 9
3329 5678 6
3329 4323 7
3329 3955 10
3329 3957 10
3329 5479 2
3329 5086 8
3329 4217 4
3329 4079 9
3329 4759 6
3329 4205 9
3341 3729 1
3341 4311 10
3341 4877 10
3341 3833 7
3341 5644 3
3341 4428 2
3341 3668 10
3341 4934 7
3341 5278 1
3341 1163 5
3341 5085 8
3341 5003 10
3341 3846 3
3342 5281 8
3342 4765 4
3342 4344 6
3342 3542 6
3342 4370 6
3342 3349 4
3348 4698 4
3348 4753 6
3348 3648 10
3349 3745 7
3349 5612 7
3349 5413 6
3349 4344 4
3349 3542 3
3349 4370 8
2218 3894 1
2218 4359 6
2218 4634 4
2218 5181 2
2218 5095 6
2218 5099 7
2218 5637 6
2218 4269 7
2218 4472 6
2218 4291 8
2218 4753 3
2218 5194 9
2218 5196 7
2218 1374 8
2218 5861 2
2218 5014 9
2218 5874 2
2218 4403 10
2218 5658 7
2218 4397 4
2218 4398 6
2218 3840 1
2218 5563 1
2218 4116 8
2218 4407 7
2218 4783 10
2218 3758 7
2218 4951 8
2218 3667 6
2218 5402 5
2218 4025 7
2218 4043 9
2218 5774 6
2218 1816 7
2218 4882 1
2218 3416 3
2218 4146 4
2218 5216 7
2218 5068 2
2218 3591 10
2218 3783 7
2218 5245 5
2218 4984 6
2218 4723 6
2218 4531 5
2218 5704 6
2218 4454 5
2218 4964 9
2218 4077 7
2218 4176 6
3521 4777 3
4519 5545 1
4519 3603 7
4519 4759 1
4519 4183 7
4519 3696 1
3399 5861 1
3399 5014 7
3399 4131 9
3399 4634 1
3399 5099 3
3399 5662 8
3399 5233 8
3399 4307 4
3399 4269 5
3399 3580 9
3399 3911 10
3399 1374 9
3399 4176 2
3399 5426 9
3416 5498 8
3419 5120 10
3419 5708 7
3419 4001 7
3419 4299 2
3430 2589 3
3433 4827 2
3445 3589 4
3445 4743 7
3452 3957 1
3452 4439 1
3452 5188 1
3452 5545 1
3452 3611 1
3452 3671 5
3463 763 1
3463 5858 9
3471 5662 5
3483 3648 8
3483 5644 4
3483 4698 6
3483 5491 4
3483 4760 9
3493 3922 3
3493 5768 3
3493 3774 5
3493 4268 7
3503 4944 5
3506 5554 4
3506 3644 7
3506 4183 1
3506 3696 4
3506 4721 2
3506 3853 10
3506 4815 7
3506 3955 10
3506 4796 6
3506 4005 5
3506 3957 10
3506 3603 1
3506 5357 6
3506 4156 10
3506 4217 8
3506 4079 8
3506 4314 5
3506 3609 7
3507 4299 4
3507 5708 2
3510 4827 4
3510 3870 2
3515 4013 7
3515 5762 5
3520 4140 5
3520 3668 5
3529 3542 1
3529 4370 1
3529 5367 4
3531 4413 1
3531 5471 9
3531 5729 3
3542 4027 1
3542 4803 4
3542 4687 7
3542 5339 6
3542 4473 6
3542 5334 1
3544 4259 4
3544 5699 5
3544 3908 9
3550 5163 10
3550 4413 6
3550 5471 4
3550 5009 6
3550 3699 3
3550 3962 8
3550 3849 9
3550 4128 7
3550 3779 3
3550 5729 10
3556 4013 9
3556 4877 9
3556 5644 5
3556 4384 10
3556 4252 10
3556 3833 10
3563 4428 8
3564 3971 10
3564 5644 7
3564 1374 6
3564 5812 6
3566 3696 5
3570 5400 2
3570 5644 1
3570 4698 6
3570 4531 10
3570 3991 5
3570 5603 1
3575 5699 10
3575 4453 10
3576 4043 8
3580 5181 7
3580 5252 10
3580 5662 1
3580 5014 10
3580 4146 3
3580 5099 10
3581 5318 4
3584 3894 2
3584 4398 9
3584 3873 4
3584 4858 10
3586 4698 5
3589 5708 7
3595 5717 5
3595 4013 5
3595 4398 7
3595 5872 8
2589 3683 8
2589 777 10
2589 3846 8
2589 4046 10
2589 5571 4
3600 5261 3
3600 3697 7
3600 5120 3
3600 5708 1
3600 4493 7
3600 4299 1
3601 4739 3
3601 4144 8
3601 4855 5
3603 3611 2
3603 5357 1
3603 3853 7
3603 4645 3
3603 3955 7
3603 5557 1
3603 4183 2
3603 3696 2
3603 4156 5
3603 4642 8
3603 5188 6
3603 4005 2
3603 5479 6
3603 5321 8
3603 4754 7
3603 5729 5
3603 4217 1
3603 5904 9
3603 4314 4
3603 3609 5
3603 4205 1
3608 4353 10
3609 4500 3
3609 5554 10
3609 4183 10
3609 3696 9
3609 3955 3
3609 5321 1
3609 5729 2
3609 5420 7
3609 4496 7
3609 4759 10
3611 5357 10
3611 4439 10
3611 3965 5
3611 5545 1
3611 3671 5
3611 3644 6
3611 4754 10
3611 4337 7
3611 3853 3
3611 5533 8
3611 4642 10
3611 3979 8
3611 3957 8
3611 5188 1
3611 5108 4
3611 5240 1
3611 4217 7
3611 4314 10
3908 5699 4
3908 4769 4
3618 4541 6
3618 4083 9
3621 4333 10
3621 3768 2
3621 5355 1
3621 5705 10
3623 4299 10
3637 4333 6
3638 4380 5
3638 5670 7
3638 569 5
3638 5078 2
3638 5353 3
3638 3811 2
3638 5708 3
3638 4282 8
3638 5199 10
3643 5800 8
3643 5861 10
3644 4337 5
3644 5545 1
3644 3671 2
3644 5108 6
3644 3853 10
3644 5533 1
3644 4642 6
3644 3957 3
3644 5188 1
3644 4754 8
3644 5240 6
3644 4217 7
3644 4079 4
3644 4314 2
3644 4205 7
3645 763 5
3645 5858 3
3648 4698 7
3648 5491 6
3648 4760 5
3653 4299 4
3654 4133 3
3654 3654 6
3654 4466 4
3654 4548 9
3654 5085 6
3654 3880 7
3666 4171 3
3667 4082 8
3667 5861 5
3667 5014 2
3667 3894 5
3667 5427 5
3667 3971 8
3667 5099 10
3667 3833 1
3667 5252 9
3667 5181 6
3667 4753 9
3667 5665 2
3667 5402 6
3667 4009 8
3667 4783 1
3667 1374 6
3667 4146 8
3667 4249 4
3667 5853 9
3667 5426 6
3668 4877 8
3668 4447 10
3668 4548 6
3668 4545 9
3668 3833 7
3668 4097 9
3668 4428 2
3668 4906 6
3668 3729 10
3668 4698 3
3668 4458 10
3668 4311 10
3668 5644 6
3668 5085 6
3668 5639 7
3668 4336 3
3668 4030 5
3669 4633 7
3671 4337 10
3671 4439 4
3671 5545 3
3671 5533 9
3671 4642 2
3671 3957 1
3671 5188 3
3671 5019 9
3671 5108 4
3671 5240 7
3679 5705 1
3679 5355 9
3679 878 1
3683 4307 7
3683 2924 3
3696 4323 9
3696 5357 1
3696 5554 4
3696 5730 5
3696 4183 10
3696 4741 10
3696 4156 2
3696 4721 7
3696 4815 1
3696 4217 10
3696 3955 1
3696 955 1
3696 5168 3
3696 4005 4
3696 4883 7
3696 5321 3
3696 5055 2
3696 4500 8
3696 1436 1
3696 4496 4
3696 4796 5
3696 5420 2
3696 4759 1
3696 5557 1
3696 3866 3
3697 4173 2
3697 5261 8
3699 4413 10
3699 3779 9
3699 5471 7
3699 5675 7
3699 5729 10
3706 5261 9
3716 3888 6
3727 5708 3
3728 5478 3
3728 5652 9
3729 4877 7
3729 5762 5
3745 4473 4
3751 5644 4
3751 4545 9
3751 3833 8
3751 5004 10
836 5085 3
3758 5861 10
3758 4398 5
3768 5357 9
3768 4789 1
3768 5718 4
3768 5479 4
3768 5321 10
3768 878 6
3768 3995 7
3768 5705 5
3768 5355 2
3768 4333 4
3768 4228 2
3770 4877 5
3770 4140 3
3770 4753 1
3770 5085 9
3770 5504 7
3770 5704 4
3774 3922 1
3774 5244 4
3778 4826 8
3778 5412 6
3778 5792 5
3779 5163 2
3779 4413 8
3779 5471 3
3779 5420 5
3779 4096 9
3779 5729 3
3783 5426 1
3783 4753 2
3783 4398 1
3783 3894 9
3783 5099 1
3783 1374 5
3784 4552 5
3787 4551 1
3787 4698 2
3788 4271 2
3788 5886 6
3790 5369 2
3790 5861 6
3798 4708 9
3798 4628 10
3467 5828 1
3801 1163 1
3811 5261 10
3811 4585 8
3811 5350 3
3811 5034 3
3818 4833 10
3818 5596 3
3818 5872 6
3818 5432 2
3818 5409 8
3821 5708 10
3824 4271 4
3826 4466 6
3833 4013 7
3833 4877 5
3833 1163 8
3833 4913 2
3833 5466 3
3833 3991 10
3833 5181 3
3833 1700 8
3833 5762 7
3833 4466 10
3833 5517 10
3833 5022 7
3833 5291 5
3833 4545 4
3833 5002 7
3833 4397 3
3833 5004 4
3833 4428 2
3833 4030 9
3833 5704 2
3833 4377 8
3833 4698 6
3833 4311 10
3833 4353 9
3833 5197 1
3833 5756 3
3833 5644 10
3833 3886 3
3833 5842 5
3833 3939 4
3833 4252 1
3833 5835 3
3833 5085 1
3833 5398 9
3833 5688 7
3834 5409 3
3840 4403 8
3840 3911 1
3840 1374 9
3840 4269 5
3840 5426 6
3840 4951 5
3846 5330 6
3846 5644 8
3846 4046 8
3846 5637 9
3849 955 5
3849 4632 7
3849 5737 8
3849 4205 2
3849 5729 7
3853 3944 1
3853 5545 10
3853 4768 6
3853 5361 4
3853 4642 7
3853 3979 4
3853 3957 4
3853 5188 7
3853 4645 4
3853 4754 1
3853 4405 8
3853 4079 8
3853 5904 4
3866 4205 6
3866 5554 1
3866 4496 2
3866 5420 9
3866 4759 8
3866 5729 9
3870 4380 1
3870 5078 4
3870 4762 5
3870 5120 3
3870 3900 7
3870 4457 6
3873 4082 5
3873 4723 9
3873 1374 1
3873 5099 6
3873 4154 5
3873 5665 5
3873 4753 2
3880 5338 5
3888 4350 6
3888 5612 4
3888 5872 4
3888 5854 9
3888 5409 4
3889 5085 6
3890 4066 3
3890 5077 9
5545 4337 4
5545 4439 5
5545 3965 9
5545 5019 2
5545 5533 1
5545 4642 8
5545 3957 2
5545 5188 1
5545 5108 9
5545 4754 3
5545 5240 7
3904 4551 5
3904 4466 7
3904 5832 6
3904 777 1
3904 5085 3
3911 5662 10
3911 5233 7
3911 4249 3
3911 4634 5
3920 5768 1
3920 4948 4
3921 4082 2
3921 1374 3
3922 5612 3
3924 2798 5
3924 5719 1
3924 4739 10
3924 4144 5
3924 1698 7
3924 4100 6
3924 5789 8
3924 5825 4
3924 4487 1
3931 1374 8
3934 5564 5
3944 5361 8
3944 3979 1
3944 4645 7
3944 5904 5
3944 4314 8
3944 4754 6
3949 5612 2
3951 4097 1
3955 4500 1
3955 5557 3
3955 5554 10
3955 4183 6
3955 4721 2
3955 4005 3
3955 5479 5
3955 5321 10
3955 5357 7
3955 5055 8
3955 5086 2
3955 5388 5
3955 4156 4
3955 5420 3
3955 4217 8
3955 4759 6
3957 4337 3
3957 4439 9
3957 3965 5
3957 5533 4
3957 4642 5
3957 5188 10
3957 5108 6
3957 5729 6
3957 5240 10
3957 4759 3
3959 5334 1
3961 5267 2
3961 4557 1
3961 5538 3
3962 4274 3
3962 955 6
3962 5471 4
3962 4496 3
3962 4815 6
3963 4140 2
3963 4336 8
3965 4642 9
3971 4249 6
3971 5085 4
3977 1394 1
3979 5361 3
3979 5188 3
3979 4645 3
3979 5904 3
3979 4314 7
3979 4754 5
3979 4405 3
3989 5768 1
3991 4882 7
3995 5705 10
3995 4583 2
3995 4333 2
3995 878 1
3995 5355 10
3995 4789 9
3998 4299 2
4001 368 6
4005 5737 8
4005 4796 5
4005 5729 8
4005 5420 1
4005 5134 2
4005 4759 4
4005 4205 10
4009 4140 9
4009 4672 10
4009 1374 6
4009 4698 10
4009 4316 7
4009 5517 2
4009 4877 5
4009 4882 10
4013 4672 2
4013 5762 1
4013 5717 5
4013 4522 9
4025 4447 2
4040 4447 6
4043 5544 3
4045 5120 1
4045 4493 10
4045 4299 3
4048 5825 10
4051 5699 8
4056 5571 2
4077 1374 4
4077 4886 6
4079 5678 2
4079 4217 6
4080 4496 1
4082 5068 9
4082 5402 5
4082 3894 10
4082 5099 4
4082 4398 5
4082 5774 1
4082 4116 9
4082 1374 5
4082 5690 9
4083 4282 8
4088 4299 7
4097 1435 3
4097 5401 8
4097 4753 7
4097 4146 8
4097 5644 2
4097 4698 2
4097 4249 7
4100 4541 6
4100 4739 10
4100 1698 2
4100 2798 6
4100 5825 10
4100 4144 8
4101 5708 2
4116 5861 1
4116 5252 9
4116 5181 5
4116 5014 7
4116 5665 6
4116 1374 5
4116 4398 9
4116 5645 5
4127 4473 3
4127 5872 8
4128 4413 2
4128 5420 10
4128 5729 10
4131 5426 7
4131 1374 7
4133 4902 10
4133 4548 7
4133 4477 10
4137 5261 6
4137 5670 2
4140 5099 5
4140 4426 1
4140 5800 2
4140 4249 4
4140 5517 3
4140 4477 1
4141 5762 2
4144 4541 10
4144 4739 5
4144 4855 4
4144 5474 1
4144 4487 1
4144 2798 6
4144 4520 7
4146 5252 7
4146 5662 4
4146 5181 6
4146 4753 1
4146 5099 3
2678 4447 10
2678 5085 9
4154 5401 6
4154 4426 1
4154 4698 8
4154 5216 5
4155 5729 8
4156 5357 8
4156 4183 5
4156 5055 10
4156 5678 2
4156 4815 10
4156 5479 9
4156 5321 10
4156 5086 3
4156 5729 3
4156 4537 8
4156 4759 9
4156 4205 2
5604 5848 5
4168 4771 9
4168 5721 1
4171 5027 3
4171 4833 2
4171 5800 3
4171 5534 5
4173 5261 3
4176 1374 3
4176 4269 6
4176 4329 5
4176 5426 6
4183 4217 9
4183 5554 6
4183 4967 6
4183 5388 7
4183 5420 10
4183 4496 9
4183 4759 2
4184 4347 6
4184 5317 5
4184 5800 7
4184 5293 8
1374 3894 2
1374 5715 2
1374 4359 5
1374 4634 3
1374 5181 7
1374 5095 8
1374 4545 9
1374 741 5
1374 5087 5
1374 4291 6
1374 5196 2
1374 5645 8
1374 4935 4
1374 5115 6
1374 5014 7
1374 4767 6
1374 4397 8
1374 4776 7
1374 4398 7
1374 5662 9
1374 5032 4
1374 5665 8
1374 4869 8
1374 4407 1
1374 5218 5
1374 4951 8
1374 3941 6
1374 5402 6
1374 4316 3
1374 4269 2
1374 4581 7
1374 4403 10
1374 5861 5
1374 5774 3
1374 4886 3
1374 5690 7
1374 5426 10
1374 5427 7
1374 5099 2
1374 4984 1
1374 5252 3
1374 4723 8
1374 5347 5
1374 5170 5
1374 4753 2
4202 5705 3
4205 4217 1
4205 4500 5
4205 4439 10
4205 5554 1
4205 5678 6
4205 4815 6
4205 955 9
4205 5188 7
4205 5565 2
4205 4883 8
4205 1436 5
4205 5388 9
4205 5729 4
4205 4496 2
4205 5420 10
4217 4439 5
4217 5678 6
4217 4642 6
4217 5168 7
4217 5479 6
4217 5321 1
4217 5055 9
4217 5086 1
4217 5729 1
4217 4759 8
4218 4344 6
4218 4473 4
4218 5872 6
4222 5363 3
4228 5705 10
4228 4789 1
4228 4333 1
4228 878 5
4228 5355 7
4241 5800 7
4249 4877 3
4249 1163 4
4249 4548 8
4249 5291 3
4249 5099 3
4249 5002 9
4249 4724 8
4249 4428 3
4249 4311 5
4249 5197 3
4249 5644 6
4249 5517 1
4249 4252 10
4249 5085 4
4249 5426 9
4250 4299 8
4252 4563 4
4252 5564 2
4252 4746 3
4252 4461 6
4252 4986 3
4253 5388 1
4253 5355 7
4259 4769 5
4268 5412 4
4268 5848 10
4268 4933 10
4268 5244 5
4268 5768 4
4269 5861 10
4269 5014 1
4269 5426 2
4269 4398 4
4271 5861 9
4271 4744 4
4271 5886 2
4271 4322 4
4271 5800 1
4271 2981 4
4271 4666 4
4272 4551 3
4272 4466 8
4272 5491 7
4272 5727 4
4276 5409 8
4282 5509 10
4291 4723 1
4299 5670 8
4299 4762 5
4299 5379 3
4299 5120 4
4299 5509 5
4299 5222 3
4299 569 3
4299 4380 4
4299 4457 2
4299 5840 4
4307 4877 1
4307 5291 2
4307 5002 5
4307 4545 7
4307 5828 6
4307 5217 5
4307 5197 6
4307 5644 3
4307 5571 3
4310 4447 7
4311 4466 1
4311 5466 5
4311 5491 8
4311 5828 2
4311 5859 7
4314 4642 2
4314 4768 1
4314 5361 7
4314 5342 2
4314 5188 7
4314 4645 9
4314 4754 8
4314 4405 6
4323 955 8
4323 5554 7
4323 4496 6
4323 4815 1
4329 5342 8
4333 4789 8
4333 4967 7
4333 5718 4
4333 4583 7
4333 5819 1
4333 5684 10
4333 878 10
4333 5055 7
4333 5705 7
4333 5355 9
4336 4551 1
4336 4466 3
4336 4428 3
4336 5644 4
4336 4563 1
4344 4473 2
5639 1163 6
5639 4384 2
5639 4428 8
4353 5842 3
4353 5644 2
4361 5768 6
4370 4027 10
4370 4803 6
4370 4687 6
4370 5339 8
4370 4473 2
4370 5334 8
5086 4883 2
5086 5388 2
5086 5705 8
5086 5355 4
4378 1163 9
4380 5261 3
4380 5652 10
4380 4750 4
4388 5291 6
4398 3894 2
4398 4984 4
4398 5774 10
4398 4753 3
4398 5665 9
4398 5466 5
4398 5085 8
4398 5426 6
4403 5095 7
4403 4723 10
4403 5665 2
4407 5861 3
4407 3894 10
4407 5194 9
4413 955 3
4413 5471 8
4413 5565 7
4413 5737 7
4413 5729 4
4417 4937 3
4417 5708 2
4417 5890 9
4417 4946 2
4426 5401 2
4426 5381 7
4426 4724 4
4426 4698 2
4426 5517 1
4426 5491 3
4426 4934 10
4428 4877 10
4428 4609 10
4428 5448 2
4428 4466 2
4428 4545 10
4428 2924 3
4439 4642 1
4439 5108 5
4441 5588 7
4445 4672 2
4445 4753 1
4447 5861 3
4447 5245 10
4447 5429 5
4447 829 2
4447 5003 4
4447 5230 2
4447 5563 7
4447 1816 7
4447 5216 7
4447 4701 8
4447 5853 6
4447 5085 5
4453 5699 8
4458 5644 2
4458 4030 9
4462 5222 2
4466 4877 4
4466 1163 2
4466 5466 5
4466 4659 10
4466 4548 9
4466 4551 1
4466 5087 3
4466 5278 9
4466 5727 7
4466 4377 5
4466 5832 10
4466 5800 9
4466 5085 6
4467 5420 10
4467 5730 2
4467 4967 3
4468 5708 2
4473 4614 7
4473 4922 2
4473 5408 8
4473 4639 6
4473 4945 5
4473 5872 8
4482 5247 2
4487 2798 4
4487 4739 3
4487 5825 1
4487 1698 1
4487 4855 6
4495 4777 6
4496 4796 8
4496 4741 9
4496 955 4
4496 4815 7
4496 4883 9
4496 1436 7
4496 4759 1
4498 5729 9
4500 5357 8
4500 4796 8
4500 5502 4
4500 5055 4
4501 5387 9
4515 4698 5
4515 5756 9
1698 4541 8
1698 4739 8
1698 5789 8
1698 4855 9
1698 5719 6
1698 2798 6
1698 4520 9
4520 2798 1
4520 4739 6
4520 4855 6
4520 5825 3
4522 4882 6
1700 4746 3
1700 4545 2
1700 5644 7
1700 3939 3
4528 5099 2
741 4550 3
4540 5564 9
4541 4739 2
4541 4855 5
4541 5474 3
4541 4593 7
4541 5825 2
3522 5632 2
3522 5708 8
4545 5247 5
4545 5000 10
4545 5291 2
4545 5004 7
4545 5644 2
4545 5085 2
4548 5085 8
4551 4877 6
4551 1163 1
4551 4913 6
4551 5245 1
4551 829 9
4551 5863 9
4551 5085 2
4553 4819 2
4553 5500 8
4557 5267 2
4563 4708 3
4563 4698 10
4563 5085 10
4563 5315 3
4581 4913 1
4581 5085 6
4583 5705 4
4583 4789 8
4583 4759 4
4586 5644 8
368 5708 6
4593 4739 3
4593 5474 1
4593 5825 6
4593 5848 3
4600 4633 6
4609 5338 9
763 4827 6
763 5858 7
4613 5507 7
4613 5293 7
4615 5612 10
4626 5886 10
4626 2981 8
4631 5517 3
4632 5471 2
4632 5729 2
4633 5612 4
4634 4783 4
4634 4672 10
4634 5014 5
4634 5426 5
4634 4753 9
4640 5120 5
4642 5108 8
4642 5188 2
4642 4754 4
4642 5240 6
4645 5361 5
4645 5904 1
4645 4754 8
4659 5085 4
4659 5832 9
4672 4783 4
4672 2924 1
4672 4753 10
4681 5412 3
4687 5267 7
4698 4030 1
4698 5645 10
4698 4934 4
4698 5491 7
4698 5498 2
4701 5185 7
777 5619 1
777 5085 6
4721 4815 3
4721 4759 7
4723 4753 1
4723 4984 3
4723 5665 8
4030 4746 4
4030 5644 1
4030 5828 6
4739 5789 8
4739 4855 9
4739 5719 8
4739 5474 4
4739 2798 6
4741 955 8
4741 5471 6
4741 5430 5
4741 5554 5
4741 5420 5
4741 5729 6
4743 4758 2
4743 5409 8
4746 5644 6
4750 5652 3
4753 5861 5
4753 3894 6
4753 5491 2
4753 4951 9
4753 5099 1
4753 5665 8
4753 4783 4
4753 5853 8
4753 5426 5
4754 5188 4
4754 5904 6
4758 4819 9
4758 4758 8
4759 5357 10
4759 5554 3
4759 4789 10
4759 4796 4
4759 5479 8
4759 4883 1
4759 5321 8
4759 878 2
4759 5055 6
4759 5388 5
4759 5729 10
4759 5705 5
4759 5355 9
4759 5420 5
4761 5355 3
4762 5379 9
4767 1163 5
4768 5904 7
4769 5699 7
4783 3894 6
4783 4951 8
4789 4967 1
4789 5718 10
4789 5819 5
4789 5479 4
4789 4883 10
4789 5321 9
4789 878 8
4789 5055 1
4789 5705 8
4789 5355 3
4789 5684 1
4796 5357 1
4796 5737 5
4796 5471 10
4796 4883 5
4796 5321 9
4796 5729 3
4796 5420 10
4800 5394 1
4814 4877 6
4814 5085 3
4815 5675 2
4815 4883 1
4815 5357 2
4815 5388 4
4815 5430 7
4819 5500 7
4827 5353 10
4828 5412 10
4833 5534 4
4855 2798 6
4864 5644 5
4877 1163 9
4877 829 9
4877 5315 10
4877 5828 5
4877 5217 8
4877 5644 9
4877 2924 8
4877 5466 2
4877 5835 9
4882 5338 9
4882 5603 5
4883 5055 9
4883 878 10
4883 5729 8
4883 5705 3
4883 5355 10
4886 5099 6
2798 5789 9
2798 5719 4
2798 5825 3
2798 5848 8
4900 5554 5
4900 4967 2
4900 5388 5
4902 4902 6
4909 5644 5
4909 5291 3
4913 5123 9
4913 5429 3
4913 5085 2
4913 5863 1
4922 5412 4
4922 5413 6
4922 5394 8
4933 5467 4
4934 5491 3
4934 5270 8
4944 5800 3
4958 5412 6
4967 5272 5
4967 5055 1
4967 5906 8
4977 5699 2
5000 5644 2
5002 5828 7
5005 5699 4
5009 5471 7
5009 5729 4
5012 5708 2
5014 5426 7
5019 5108 4
5028 5409 3
5044 5612 6
5047 5708 10
5055 878 2
5055 5388 10
5055 5729 6
5055 5705 9
5066 5571 1
5077 5120 10
5095 5665 3
5099 3894 3
5099 5252 7
5099 5181 4
5099 5665 9
5108 5533 3
5108 5188 4
5108 5240 2
3939 5644 3
3939 5466 5
5115 5596 4
5115 5432 8
5120 5379 9
5132 5402 5
5168 5420 2
5168 5729 10
5181 5427 4
5188 5533 10
5193 5375 3
5194 5861 8
5197 5217 1
5197 5828 9
5210 5261 2
5217 5466 9
5217 5828 5
5218 5427 3
5230 5762 8
5240 5533 6
5244 5768 6
5245 5644 10
5245 5085 2
5252 5427 8
4377 5756 2
5261 5708 2
5263 5729 1
5267 5612 5
5267 5412 3
5267 5872 8
5267 5405 6
5291 5644 9
5291 5828 1
5308 5729 5
5312 5729 1
5315 5756 4
5317 5432 9
5320 5644 3
5321 878 1
5321 5388 5
5321 5355 1
5321 5705 6
5331 5412 5
5334 5412 8
5338 5853 10
5338 5085 2
5350 5708 9
5355 5574 3
5355 5763 9
5355 5718 3
5355 5819 1
5355 5479 4
5355 5684 7
5355 878 3
5355 5705 10
5357 5678 5
5357 5471 4
5357 5388 7
5357 5729 9
5357 5420 9
878 5718 8
878 5479 7
878 5684 2
878 5705 6
5361 5904 7
5367 5624 8
5379 4457 7
5379 5708 10
5379 5699 2
5379 5840 6
5379 569 8
5381 5401 8
5381 5756 7
5381 5828 7
5388 5800 5
5394 5612 2
5398 5853 3
5400 5401 10
5400 5762 6
5401 5427 9
5402 5861 9
5405 5413 8
5405 5631 5
5409 5703 6
5412 5883 10
5412 5886 3
5413 5847 7
5413 5631 1
5413 5721 2
5413 5886 6
5420 5760 4
5420 5557 9
5420 5479 9
5420 5729 2
5426 5861 8
5426 5662 5
5426 2924 9
5430 5675 10
5432 5800 5
5448 5564 1
5449 5502 10
5458 5624 6
5832 5564 2
5466 5800 9
5467 5768 10
5471 5737 8
5471 5729 9
5472 5699 4
5474 5825 4
5479 5554 6
5491 5498 1
5504 5877 3
5509 5840 9
5517 5644 5
5517 5834 8
5554 5730 6
5557 5729 7
5564 5756 2
5565 955 9
5565 5729 7
5571 2924 6
5584 5872 4
2924 5800 6
2924 5085 9
5612 5883 1
5612 5768 8
5612 5854 8
5632 5708 10
5644 5716 1
5644 4461 4
5644 5741 1
5644 5756 5
5644 5859 6
5644 5688 10
5645 5665 8
5675 5678 9
5678 5729 8
5683 5729 8
5684 5705 1
5705 5718 3
5705 5819 3
5708 5723 5
5708 5840 6
5719 5825 7
5729 955 9
5085 5861 4
5085 5812 6
5085 5863 10
5085 5853 6
5768 5848 6
5789 5825 5
5800 5886 6
5800 2981 1
5804 5804 3
5812 5853 9
5886 2981 2
