# Local nodes
8
11
13
14
15
18
21
22
24
26
27
29
32
33
34
38
42
52
53
54
56
57
62
63
66
67
70
73
82
83
84
97
99
101
102
103
111
119
120
128
130
135
136
137
145
152
158
170
175
176
187
191
200
202
213
217
220
222
228
229
233
239
243
248
254
255
258
261
264
267
271
276
277
281
282
295
296
300
301
303
304
308
313
322
328
330
333
341
342
345
352
358
360
362
365
367
380
382
383
387
389
393
398
400
401
404
411
413
414
424
427
428
434
436
439
440
441
442
446
447
451
454
455
456
464
465
467
473
481
484
487
488
489
490
492
496
500
503
504
505
515
517
524
532
536
537
538
539
540
546
547
551
555
557
567
571
572
574
577
578
582
586
588
595
598
601
605
606
608
611
614
615
616
617
623
633
634
642
643
644
649
660
663
668
677
682
685
690
691
701
703
711
717
718
722
733
735
737
742
746
759
765
771
774
775
780
783
785
787
788
789
795
799
800
803
816
818
820
822
823
825
827
828
840
841
847
851
852
855
864
871
874
875
890
893
894
895
896
902
905
907
916
920
924
928
933
939
940
945
948
952
956
959
965
968
971
972
974
977
978
981
987
988
990
1000
1004
1007
1010
1011
1013
1015
1020
1026
1028
1029
1035
1047
1048
1056
1060
1063
1066
1073
1074
1079
1085
1091
1094
1095
1099
1101
1106
1113
1114
1116
1118
1119
1123
1124
1126
1130
1132
1135
1139
1143
1144
1146
1152
1160
1162
1166
1176
1179
1198
1207
1209
1210
1212
1214
1221
1228
1231
1232
1233
1251
1257
1258
1265
1270
1278
1283
1288
1291
1293
1294
1298
1299
1300
1301
1302
1307
1310
1313
1318
1323
1330
1334
1338
1342
1343
1348
1349
1350
1352
1356
1360
1361
1364
1376
1379
1381
1388
1389
1390
1393
1398
1405
1406
1416
1417
1423
1424
1427
1443
1447
1448
1449
1452
1459
1463
1472
1476
1478
1479
1487
1488
1490
1492
1493
1495
1501
1502
1505
1509
1512
1513
1516
1517
1519
1520
1521
1525
1529
1533
1535
1536
1541
1542
1544
1552
1561
1568
1569
1576
1579
1581
1584
1591
1601
1603
1605
1606
1609
1610
1612
1613
1615
1617
1623
1628
1634
1636
1637
1642
1652
1655
1658
1660
1661
1662
1663
1664
1666
1668
1670
1672
1673
1683
1688
1689
1694
1696
1704
1706
1710
1713
1714
1722
1727
1729
1736
1737
1738
1739
1740
1747
1749
1750
1751
1757
1759
1760
1777
1780
1781
1784
1787
1788
1789
1792
1793
1795
1798
1799
1801
1803
1804
1807
1808
1817
1818
1821
1824
1827
1829
1832
1839
1840
1842
1844
1854
1856
1857
1858
1860
1861
1863
1864
1865
1873
1879
1880
1881
1883
1884
1886
1893
1897
1899
1900
1901
1910
1912
1913
1921
1923
1925
1926
1927
1928
1930
1932
1934
1936
1941
1946
1948
1949
1951
1952
1959
1960
1964
1966
1967
1975
1986
1988
1991
1999
2003
2004
2005
2009
2014
2016
2018
2024
2025
2029
2030
2042
2043
2044
2047
2050
2052
2056
2061
2062
2068
2070
2076
2080
2084
2085
2090
2091
2097
2098
2099
2102
2112
2113
2115
2121
2122
2124
2126
2127
2128
2130
2132
2134
2135
2137
2139
2144
2147
2149
2151
2152
2157
2162
2164
2170
2178
2180
2187
2189
2195
2200
2201
2210
2212
2213
2214
2219
2222
2227
2231
2233
2250
2254
2256
2265
2267
2276
2277
2278
2284
2299
2304
2305
2307
2317
2322
2324
2325
2329
2332
2333
2335
2341
2344
2345
2346
2355
2357
2364
2368
2377
2380
2382
2385
2390
2391
2403
2404
2405
2406
2407
2408
2420
2424
2433
2439
2441
2442
2444
2447
2450
2456
2458
2462
2471
2473
2477
2481
2483
2484
2486
2490
2492
2493
2501
2502
2503
2509
2510
2518
2519
2520
2521
2523
2525
2530
2531
2543
2548
2549
2570
2574
2575
2578
2579
2582
2586
2588
2591
2597
2598
2602
2606
2607
2608
2614
2618
2622
2623
2630
2633
2646
2650
2653
2658
2668
2669
2670
2671
2681
2683
2688
2689
2693
2696
2700
2704
2709
2716
2717
2722
2725
2729
2732
2740
2742
2743
2751
2767
2771
2772
2773
2775
2776
2777
2780
2781
2784
2785
2789
2799
2806
2813
2824
2825
2831
2832
2833
2836
2838
2848
2853
2854
2855
2862
2863
2867
2869
2875
2879
2881
2885
2886
2889
2893
2902
2907
2918
2921
2926
2927
2931
2935
2937
2938
2939
2940
2943
2944
2949
2950
2951
2953
2954
2956
2957
2958
2959
2961
2963
2964
2968
2972
2978
2983
2984
2991
2997
3001
3010
3011
3019
3020
3021
3022
3025
3034
3042
3045
3047
3049
3051
3052
3056
3058
3062
3065
3074
3077
3078
3081
3084
3085
3086
3088
3096
3097
3103
3106
3109
3115
3120
3128
3138
3139
3142
3147
3153
3159
3164
3166
3174
3175
3179
3181
3183
3184
3187
3190
3193
3194
3197
3199
3207
3215
3222
3224
3228
3230
3232
3234
3235
3237
3246
3257
3261
3265
3266
3267
3268
3270
3272
3278
3280
3282
3285
3287
3290
3300
3301
3318
3319
3320
3322
3331
3334
3338
3340
3343
3346
3347
3350
3354
3355
3358
3362
3370
3373
3383
3385
3387
3390
3391
3392
3393
3394
3395
3396
3397
3402
3405
3410
3418
3422
3423
3427
3445
3455
3456
3460
3461
3465
3468
3469
3471
3473
3481
3482
3490
3491
3495
3496
3499
3500
3511
3516
3518
3519
3524
3525
3535
3546
3547
3553
3557
3559
3561
3568
3571
3573
3574
3576
3577
3578
3583
3585
3592
3596
3597
3598
3602
3604
3607
3612
3615
3617
3620
3624
3626
3628
3629
3632
3633
3634
3635
3636
3641
3650
3658
3660
3663
3669
3670
3672
3676
3677
3680
3685
3692
3695
3701
3703
3711
3712
3713
3719
3720
3723
3726
3732
3733
3737
3740
3743
3744
3746
3749
3755
3759
3761
3767
3771
3772
3775
3780
3785
3786
3791
3792
3795
3796
3797
3799
3804
3805
3808
3812
3814
3822
3825
3831
3832
3843
3844
3847
3852
3854
3855
3858
3859
3861
3869
3871
3882
3886
3887
3893
3896
3897
3901
3902
3906
3907
3915
3918
3919
3925
3927
3930
3935
3936
3938
3940
3946
3947
3954
3956
3958
3966
3967
3968
3969
3970
3972
3975
3978
3980
3984
3986
3987
3993
4003
4014
4015
4018
4024
4031
4039
4052
4053
4056
4058
4059
4060
4063
4064
4076
4078
4084
4085
4089
4091
4094
4098
4103
4104
4107
4109
4110
4114
4124
4126
4129
4130
4136
4150
4161
4162
4178
4186
4189
4192
4195
4196
4198
4200
4215
4219
4223
4229
4230
4236
4237
4243
4248
4254
4262
4267
4270
4274
4277
4279
4280
4288
4289
4294
4295
4297
4300
4302
4305
4313
4328
4330
4331
4332
4335
4339
4340
4343
4345
4349
4355
4358
4362
4363
4366
4371
4372
4374
4375
4376
4379
4382
4383
4387
4389
4390
4394
4400
4404
4408
4420
4422
4425
4429
4430
4431
4432
4434
4444
4446
4449
4450
4451
4459
4464
4465
4469
4471
4475
4478
4479
4480
4482
4486
4488
4497
4499
4506
4507
4509
4511
4513
4516
4521
4524
4527
4529
4533
4536
4539
4554
4555
4556
4562
4566
4568
4569
4572
4578
4584
4589
4591
4594
4599
4605
4606
4608
4619
4635
4636
4638
4652
4653
4655
4656
4657
4658
4663
4665
4669
4673
4675
4676
4683
4689
4692
4693
4697
4700
4702
4706
4710
4711
4713
4720
4722
4725
4729
4732
4734
4735
4736
4737
4740
4757
4764
4768
4774
4779
4781
4784
4786
4787
4795
4805
4806
4808
4809
4811
4817
4832
4834
4837
4839
4840
4842
4843
4848
4849
4850
4853
4859
4861
4862
4863
4865
4868
4873
4874
4875
4876
4879
4880
4889
4890
4891
4892
4893
4894
4895
4910
4912
4916
4917
4919
4921
4923
4926
4927
4930
4939
4942
4948
4949
4955
4956
4959
4961
4962
4969
4970
4973
4974
4975
4979
4981
4982
4988
4990
4991
4993
4994
4995
4996
5001
5006
5007
5008
5016
5017
5023
5029
5030
5037
5039
5041
5043
5045
5048
5050
5052
5054
5060
5062
5066
5068
5074
5075
5082
5083
5084
5088
5094
5097
5102
5103
5109
5112
5113
5116
5118
5122
5125
5128
5133
5134
5135
5139
5141
5142
5150
5155
5157
5161
5162
5164
5166
5172
5175
5177
5178
5179
5184
5189
5190
5191
5200
5203
5215
5220
5226
5227
5228
5229
5236
5237
5239
5243
5248
5251
5254
5262
5265
5273
5274
5279
5288
5289
5296
5302
5306
5307
5309
5311
5313
5322
5323
5333
5336
5342
5343
5345
5346
5348
5352
5362
5366
5368
5371
5377
5380
5382
5384
5385
5390
5392
5393
5407
5410
5418
5419
5422
5433
5435
5436
5439
5442
5449
5452
5457
5459
5460
5462
5463
5464
5470
5473
5480
5482
5492
5496
5497
5499
5501
5506
5511
5512
5516
5527
5528
5529
5532
5535
5536
5542
5544
5548
5550
5553
5567
5568
5569
5570
5573
5575
5576
5579
5589
5590
5598
5605
5609
5611
5613
5616
5618
5620
5626
5628
5629
5630
5634
5643
5647
5650
5653
5655
5660
5666
5668
5672
5673
5674
5676
5685
5687
5694
5698
5700
5702
5706
5710
5713
5714
5716
5722
5725
5728
5733
5738
5740
5742
5743
5747
5751
5752
5761
5766
5767
5772
5780
5782
5784
5787
5790
5791
5796
5801
5809
5810
5811
5813
5818
5820
5830
5836
5843
5845
5852
5857
5869
5870
5875
5878
5881
5882
5896
5898
5899
5903
5906
# Ghost nodes
3
40
71
77
79
95
98
112
116
132
133
155
168
189
208
210
256
284
289
298
305
307
329
363
394
403
406
426
477
493
513
519
527
542
584
589
597
600
609
622
630
638
683
684
688
696
726
755
786
791
806
821
837
844
854
873
927
993
994
995
1003
1006
1012
1016
1077
1096
1115
1131
1138
1140
1142
1155
1165
1168
1193
1197
1199
1205
1230
1246
1266
1273
1292
1309
1324
1339
1341
1346
1357
1366
1374
1383
1396
1400
1402
1474
1477
1482
1489
1506
1508
1522
1526
1549
1557
1571
1572
1588
1595
1641
1644
1651
1654
1665
1680
1703
1711
1728
1776
1809
1811
1836
1846
1853
1855
1868
1871
1887
1891
1938
1939
1947
1961
1965
1973
1987
2017
2026
2059
2067
2074
2094
2105
2153
2167
2176
2188
2209
2218
2232
2239
2244
2245
2252
2264
2275
2294
2300
2326
2352
2361
2366
2367
2371
2375
2392
2394
2397
2398
2409
2419
2429
2432
2445
2448
2452
2453
2472
2495
2505
2535
2547
2560
2572
2599
2612
2619
2641
2647
2654
2685
2690
2691
2695
2698
2738
2760
2791
2812
2827
2851
2858
2860
2874
2887
2900
2919
2936
2941
2942
2960
2976
3048
3089
3094
3099
3101
3118
3119
3121
3124
3131
3148
3151
3158
3163
3165
3173
3178
3210
3214
3219
3263
3294
3304
3306
3326
3344
3353
3364
3374
3398
3403
3425
3441
3442
3459
3462
3467
3506
3508
3514
3543
3545
3549
3550
3569
3589
3599
3606
3610
3627
3686
3693
3696
3731
3754
3763
3781
3793
3811
3819
3820
3833
3841
3853
3862
3868
3872
3879
3891
3904
3913
3920
3923
3926
3950
3952
3962
3977
3999
4005
4020
4023
4032
4043
4074
4081
4082
4096
4102
4115
4117
4119
4134
4135
4142
4153
4160
4163
4166
4167
4168
4177
4180
4207
4212
4226
4234
4247
4273
4314
4321
4322
4324
4329
4348
4395
4399
4402
4406
4417
4421
4424
4440
4485
4517
4525
4528
4552
4558
4570
4571
4585
4602
4607
4620
4622
4627
4633
4643
4654
4674
4679
4691
4743
4751
4752
4763
4792
4813
4829
4852
4864
4878
4907
4915
4938
4946
4952
4966
4967
4985
4987
5018
5059
5070
5072
5106
5120
5124
5130
5144
5167
5198
5209
5211
5212
5241
5247
5253
5268
5277
5294
5317
5325
5326
5354
5376
5378
5388
5401
5404
5411
5416
5441
5456
5467
5471
5489
5502
5510
5519
5520
5522
5523
5525
5556
5571
5578
5615
5644
5646
5662
5681
5696
5748
5750
5771
5777
5783
5800
5825
5828
5838
5885
5889
5895
5904
5905
