# Local nodes
0
8
11
13
14
18
21
24
25
26
27
28
29
30
32
33
34
36
39
42
46
48
49
53
54
55
56
62
63
65
67
68
69
72
73
74
75
77
79
80
81
82
83
86
89
94
98
101
102
104
105
106
107
108
110
113
114
115
116
117
118
119
120
121
122
123
126
128
130
132
135
136
137
138
140
141
143
146
150
151
154
157
158
161
166
169
170
172
173
174
175
176
177
184
186
187
189
191
195
197
198
199
202
203
204
209
210
211
212
213
215
217
218
219
221
223
225
227
228
229
230
231
233
235
239
241
243
247
248
251
252
253
254
255
256
258
259
261
266
267
268
271
272
274
276
277
278
279
280
281
283
284
289
290
291
292
294
295
296
297
299
300
301
303
306
307
308
309
311
316
319
323
324
325
328
329
330
332
333
334
335
336
338
342
344
347
349
351
352
354
355
358
359
360
362
363
365
367
370
374
375
376
377
378
380
381
382
383
386
387
388
389
391
393
394
398
399
400
401
403
404
406
407
408
411
413
415
416
420
421
422
425
427
429
431
432
433
434
436
439
441
442
444
446
447
450
451
454
455
456
457
460
461
462
464
465
466
467
470
471
473
477
479
480
481
484
485
488
489
490
492
496
499
500
503
504
505
506
511
513
516
517
518
520
523
524
526
527
529
532
534
536
537
538
539
540
542
543
546
547
549
550
552
553
554
557
561
564
567
570
572
574
576
577
581
582
584
588
589
590
592
597
598
599
600
603
604
605
606
608
609
610
612
613
614
615
616
617
619
620
622
623
632
634
636
640
643
645
649
651
653
654
655
658
659
660
663
664
665
670
671
676
679
682
683
684
685
687
688
690
691
694
695
696
698
699
701
702
703
704
705
706
711
717
719
722
723
724
726
729
730
733
736
737
739
742
744
745
746
747
752
753
755
759
765
766
769
771
773
775
777
780
783
785
786
787
788
789
794
795
799
802
803
804
805
806
809
811
814
815
817
818
820
822
823
824
825
827
830
832
834
837
840
841
843
844
846
847
848
850
851
852
854
855
856
858
860
863
864
865
871
874
875
876
877
879
880
883
884
885
890
893
894
895
896
897
899
900
902
905
907
910
912
916
917
920
921
923
924
925
926
927
928
932
933
934
935
936
938
940
941
947
952
954
956
958
960
961
962
964
966
968
969
977
980
983
984
985
988
990
991
992
995
997
998
1000
1003
1004
1007
1010
1011
1014
1015
1016
1017
1019
1020
1022
1023
1024
1026
1027
1028
1031
1035
1036
1038
1041
1042
1043
1045
1046
1047
1048
1049
1050
1053
1055
1056
1057
1060
1062
1063
1064
1065
1066
1067
1070
1073
1078
1079
1082
1084
1085
1086
1088
1091
1092
1094
1095
1099
1100
1102
1105
1106
1109
1110
1111
1113
1114
1115
1116
1118
1119
1123
1124
1125
1126
1127
1128
1130
1131
1132
1134
1135
1137
1139
1141
1142
1143
1144
1146
1147
1152
1155
1158
1160
1162
1165
1166
1168
1174
1176
1178
1179
1180
1181
1183
1184
1187
1188
1191
1192
1193
1194
1195
1196
1197
1198
1200
1203
1204
1205
1206
1207
1209
1210
1211
1213
1217
1220
1221
1224
1225
1228
1230
1231
1237
1241
1242
1246
1247
1251
1252
1257
1258
1265
1266
1267
1268
1269
1270
1271
1272
1274
1276
1277
1278
1279
1280
1282
1288
1289
1291
1292
1294
1298
1299
1300
1301
1302
1305
1309
1310
1312
1313
1314
1318
1321
1322
1323
1330
1338
1339
1341
1342
1343
1344
1346
1347
1348
1350
1352
1354
1356
1358
1359
1360
1361
1362
1363
1364
1366
1368
1369
1371
1373
1376
1378
1379
1381
1384
1387
1388
1389
1390
1391
1393
1398
1400
1402
1404
1406
1410
1411
1414
1417
1418
1421
1422
1423
1426
1427
1430
1431
1434
1437
1438
1440
1441
1442
1443
1446
1447
1453
1459
1462
1463
1464
1466
1470
1472
1473
1474
1475
1476
1477
1478
1480
1481
1482
1484
1485
1488
1489
1490
1492
1495
1496
1498
1499
1500
1501
1502
1505
1508
1512
1513
1514
1516
1517
1518
1519
1520
1521
1523
1525
1526
1527
1528
1530
1533
1535
1536
1537
1541
1542
1543
1544
1547
1553
1555
1556
1557
1558
1559
1564
1565
1568
1575
1576
1578
1581
1585
1587
1588
1589
1591
1595
1598
1599
1603
1605
1606
1607
1609
1611
1614
1615
1616
1617
1620
1621
1622
1623
1624
1627
1628
1630
1632
1633
1634
1636
1637
1641
1642
1643
1644
1645
1647
1651
1652
1653
1654
1655
1658
1660
1663
1665
1666
1668
1670
1671
1672
1673
1674
1675
1676
1678
1682
1683
1684
1686
1687
1688
1689
1691
1692
1693
1695
1699
1702
1703
1704
1706
1709
1710
1711
1713
1714
1715
1719
1720
1723
1727
1728
1729
1730
1731
1732
1736
1737
1738
1739
1740
1741
1744
1745
1746
1747
1749
1750
1751
1752
1753
1754
1755
1756
1758
1760
1766
1767
1772
1773
1774
1780
1781
1783
1784
1786
1787
1788
1789
1792
1793
1794
1795
1796
1798
1799
1800
1801
1803
1805
1807
1808
1809
1811
1813
1814
1817
1824
1825
1827
1828
1829
1831
1832
1838
1839
1840
1842
1843
1846
1847
1849
1850
1852
1853
1854
1855
1858
1859
1860
1863
1864
1865
1866
1868
1869
1873
1875
1876
1877
1878
1880
1881
1883
1884
1885
1886
1887
1891
1893
1894
1897
1899
1900
1901
1902
1903
1909
1910
1912
1913
1915
1916
1917
1921
1922
1923
1925
1926
1927
1930
1931
1932
1934
1940
1941
1942
1944
1946
1947
1948
1949
1951
1952
1955
1958
1959
1960
1961
1962
1964
1966
1968
1970
1972
1973
1974
1975
1976
1980
1981
1984
1985
1986
1987
1988
1989
1990
1991
1996
1999
2001
2002
2003
2004
2005
2009
2015
2016
2018
2020
2022
2023
2024
2025
2026
2029
2033
2036
2039
2041
2042
2043
2044
2045
2046
2050
2051
2052
2055
2056
2059
2062
2063
2066
2067
2068
2070
2071
2079
2082
2083
2084
2086
2089
2094
2097
2098
2099
2102
2103
2105
2109
2112
2114
2115
2116
2117
2119
2120
2121
2122
2124
2125
2127
2128
2132
2134
2135
2137
2139
2144
2146
2147
2149
2152
2153
2158
2161
2164
2169
2170
2171
2172
2173
2174
2176
2178
2182
2184
2187
2189
2191
2195
2196
2198
2199
2200
2203
2205
2211
2212
2213
2214
2215
2216
2219
2220
2221
2223
2224
2226
2230
2231
2232
2233
2236
2242
2248
2249
2250
2252
2253
2254
2255
2256
2257
2259
2260
2264
2265
2267
2270
2275
2276
2278
2282
2283
2284
2286
2287
2288
2290
2292
2294
2297
2298
2299
2300
2301
2302
2304
2305
2306
2307
2310
2312
2313
2317
2320
2324
2325
2327
2328
2329
2332
2333
2334
2335
2337
2341
2342
2344
2345
2346
2348
2349
2352
2355
2357
2358
2359
2361
2362
2364
2367
2368
2369
2371
2373
2375
2376
2377
2380
2384
2385
2388
2390
2391
2392
2393
2401
2403
2404
2405
2406
2407
2408
2410
2418
2420
2424
2427
2428
2429
2430
2433
2434
2435
2438
2441
2444
2445
2447
2450
2451
2453
2454
2455
2456
2462
2465
2466
2467
2470
2472
2473
2475
2477
2478
2479
2480
2481
2483
2485
2488
2489
2491
2492
2493
2495
2496
2500
2501
2502
2503
2504
2505
2507
2508
2509
2512
2514
2515
2516
2517
2518
2519
2520
2521
2523
2524
2525
2526
2527
2531
2532
2534
2535
2537
2540
2543
2544
2545
2547
2550
2551
2552
2554
2555
2558
2560
2561
2562
2567
2569
2570
2571
2572
2575
2577
2578
2579
2580
2581
2585
2586
2588
2591
2593
2595
2598
2599
2600
2602
2603
2605
2607
2608
2609
2611
2613
2614
2617
2618
2619
2622
2623
2625
2626
2628
2629
2630
2631
2632
2635
2637
2639
2641
2642
2644
2645
2646
2647
2648
2650
2653
2654
2657
2658
2659
2661
2662
2663
2666
2667
2669
2671
2676
2678
2679
2680
2681
2683
2685
2686
2688
2689
2690
2691
2693
2695
2696
2697
2700
2702
2703
2704
2707
2709
2712
2713
2714
2715
2716
2717
2719
2720
2722
2723
2725
2727
2728
2729
2730
2731
2732
2738
2740
2741
2743
2744
2745
2749
2753
2755
2758
2759
2761
2763
2764
2767
2768
2770
2772
2773
2774
2775
2776
2777
2778
2780
2781
2782
2786
2788
2791
2792
2793
2795
2796
2799
2800
2801
2804
2805
2806
2810
2813
2814
2816
2818
2819
2823
2824
2827
2829
2831
2833
2839
2841
2843
2847
2848
2852
2854
2855
2858
2859
2860
2861
2862
2863
2867
2869
2870
2871
2872
2873
2874
2875
2879
2881
2882
2883
2884
2885
2886
2889
2890
2891
2893
2894
2895
2898
2899
2900
2902
2904
2905
2906
2907
2909
2916
2917
2918
2921
2926
2927
2929
2930
2931
2932
2934
2936
2937
2938
2939
2940
2941
2944
2945
2946
2949
2950
2951
2953
2956
2957
2958
2959
2960
2962
2963
2964
2965
2966
2969
2970
2974
2976
2977
2978
2979
2981
2983
2984
2985
2986
2988
2993
2995
2997
2998
3001
3003
3004
3006
3007
3014
3018
3019
3020
3021
3022
3024
3025
3028
3031
3032
3033
3035
3041
3042
3043
3049
3050
3051
3052
3053
3055
3058
3059
3060
3063
3065
3069
3070
3071
3073
3074
3076
3077
3078
3081
3082
3083
3085
3086
3087
3088
3090
3091
3092
3093
3094
3095
3096
3099
3100
3106
3107
3109
3110
3111
3112
3114
3115
3116
3118
3120
3121
3123
3127
3128
3130
3131
3134
3135
3136
3138
3139
3140
3142
3144
3147
3151
3152
3156
3158
3159
3161
3162
3163
3164
3165
3166
3170
3172
3174
3176
3177
3178
3179
3181
3183
3189
3190
3191
3193
3194
3195
3197
3199
3203
3204
3205
3207
3210
3212
3213
3215
3217
3219
3222
3223
3224
3225
3227
3228
3230
3231
3232
3233
3234
3235
3237
3238
3241
3242
3243
3244
3246
3247
3248
3252
3254
3255
3256
3257
3260
3262
3263
3264
3265
3266
3267
3268
3269
3270
3271
3272
3277
3278
3280
3281
3282
3285
3287
3290
3292
3293
3294
3298
3299
3304
3306
3309
3319
3322
3324
3327
3331
3332
3334
3335
3336
3340
3343
3344
3345
3346
3347
3350
3351
3352
3353
3354
3355
3358
3362
3363
3364
3365
3369
3370
3371
3372
3373
3374
3376
3377
3379
3380
3383
3387
3388
3392
3393
3394
3395
3396
3397
3398
3400
3401
3402
3404
3405
3408
3409
3410
3411
3413
3414
3417
3418
3420
3423
3424
3425
3426
3428
3429
3434
3436
3437
3438
3439
3440
3441
3445
3449
3451
3455
3456
3457
3459
3460
3461
3462
3464
3465
3466
3467
3468
3469
3470
3474
3475
3476
3478
3479
3481
3486
3487
3488
3489
3490
3491
3494
3495
3496
3497
3499
3500
3501
3503
3504
3508
3509
3511
3513
3514
3516
3517
3518
3519
3525
3526
3527
3533
3534
3535
3536
3537
3539
3543
3545
3547
3549
3552
3553
3554
3555
3557
3558
3560
3561
3562
3565
3569
3571
3573
3574
3576
3577
3578
3582
3583
3585
3587
3588
3590
3592
3594
3596
3597
3598
3602
3604
3606
3612
3613
3614
3615
3617
3620
3622
3625
3627
3628
3629
3631
3632
3633
3634
3635
3636
3641
3642
3643
3646
3647
3649
3651
3652
3658
3662
3663
3665
3666
3669
3670
3672
3675
3676
3677
3678
3680
3681
3682
3684
3685
3686
3690
3691
3692
3694
3695
3700
3701
3703
3704
3705
3707
3709
3711
3713
3714
3715
3719
3720
3723
3724
3725
3726
3730
3731
3732
3733
3734
3735
3736
3737
3740
3744
3747
3748
3749
3753
3754
3755
3756
3757
3759
3760
3761
3762
3763
3766
3767
3769
3771
3772
3777
3780
3781
3782
3785
3786
3788
3789
3791
3792
3793
3794
3795
3797
3799
3801
3802
3804
3805
3806
3807
3808
3809
3810
3812
3813
3815
3817
3824
3825
3828
3829
3831
3832
3837
3838
3842
3843
3844
3847
3848
3850
3851
3852
3854
3855
3856
3859
3860
3861
3862
3863
3865
3867
3868
3869
3871
3872
3874
3875
3877
3878
3879
3882
3883
3886
3887
3891
3893
3895
3896
3897
3899
3901
3903
3906
3907
3909
3912
3913
3915
3916
3918
3920
3923
3925
3926
3927
3929
3931
3932
3933
3934
3935
3936
3937
3938
3941
3943
3946
3947
3948
3950
3952
3954
3956
3958
3960
3964
3967
3968
3969
3970
3972
3973
3974
3975
3977
3978
3980
3981
3982
3984
3987
3992
3993
3996
3997
3999
4000
4002
4003
4004
4007
4008
4010
4011
4012
4014
4018
4019
4020
4022
4023
4026
4032
4033
4034
4038
4039
4041
4044
4047
4048
4049
4050
4052
4053
4056
4057
4058
4060
4061
4062
4063
4065
4068
4072
4074
4076
4078
4080
4081
4086
4089
4090
4091
4092
4094
4096
4098
4099
4102
4103
4107
4108
4109
4110
4111
4112
4113
4114
4115
4118
4119
4121
4122
4123
4124
4125
4126
4129
4130
4132
4134
4135
4139
4142
4145
4147
4150
4152
4153
4155
4157
4160
4161
4162
4163
4164
4165
4166
4167
4169
4170
4171
4172
4174
4175
4177
4178
4180
4181
4182
4184
4185
4186
4188
4189
4191
4194
4195
4196
4197
4198
4199
4200
4203
4204
4206
4207
4208
4211
4212
4213
4215
4216
4220
4221
4223
4224
4229
4230
4231
4232
4234
4235
4236
4237
4238
4239
4240
4242
4243
4245
4246
4248
4253
4255
4257
4258
4260
4263
4264
4265
4266
4270
4271
4273
4274
4275
4277
4278
4279
4280
4283
4284
4285
4286
4289
4290
4293
4294
4295
4297
4301
4302
4304
4305
4313
4315
4316
4320
4322
4324
4326
4328
4330
4331
4334
4335
4338
4339
4340
4341
4346
4348
4349
4355
4356
4357
4358
4360
4362
4363
4364
4366
4367
4369
4371
4372
4373
4375
4378
4379
4385
4386
4387
4389
4392
4394
4399
4400
4401
4402
4404
4406
4408
4410
4411
4412
4418
4420
4421
4422
4425
4427
4429
4430
4431
4432
4433
4434
4435
4437
4438
4442
4443
4444
4446
4448
4449
4450
4451
4452
4455
4456
4459
4463
4464
4469
4470
4471
4475
4476
4478
4479
4480
4482
4483
4484
4485
4489
4491
4492
4494
4497
4498
4499
4501
4504
4507
4508
4509
4512
4513
4514
4517
4518
4521
4523
4524
4525
4526
4527
4528
4532
4533
4535
4536
4537
4538
4539
4543
4544
4547
4549
4550
4552
4555
4556
4558
4559
4562
4564
4565
4566
4568
4569
4570
4571
4572
4576
4577
4578
4579
4582
4584
4585
4587
4588
4589
4591
4592
4595
4596
4597
4598
4599
4602
4603
4604
4607
4608
4610
4612
4613
4618
4619
4622
4623
4625
4626
4630
4635
4636
4637
4641
4643
4646
4648
4649
4650
4652
4653
4655
4656
4657
4658
4660
4663
4664
4665
4666
4667
4668
4669
4671
4673
4674
4675
4677
4678
4679
4680
4683
4684
4685
4686
4689
4691
4692
4693
4695
4697
4699
4700
4702
4703
4704
4705
4709
4710
4711
4712
4713
4717
4720
4722
4725
4727
4729
4730
4731
4732
4734
4737
4740
4744
4749
4750
4751
4755
4756
4757
4761
4763
4764
4767
4768
4772
4778
4779
4781
4784
4785
4786
4787
4790
4792
4793
4794
4795
4798
4799
4801
4804
4805
4806
4807
4808
4810
4812
4813
4814
4817
4820
4823
4829
4831
4832
4833
4836
4837
4838
4840
4843
4844
4846
4849
4850
4852
4854
4856
4857
4861
4862
4870
4871
4873
4874
4875
4876
4878
4879
4880
4884
4885
4887
4888
4889
4890
4891
4892
4893
4895
4897
4901
4903
4906
4910
4911
4914
4915
4916
4917
4919
4921
4924
4926
4927
4928
4939
4940
4941
4942
4943
4944
4948
4949
4950
4952
4953
4954
4955
4956
4959
4960
4962
4963
4964
4965
4966
4970
4972
4973
4974
4975
4976
4978
4980
4981
4982
4985
4987
4988
4989
4990
4991
4992
4994
4995
4996
4997
4998
5001
5011
5015
5016
5018
5020
5021
5025
5026
5027
5028
5029
5030
5035
5037
5038
5041
5042
5043
5045
5048
5050
5051
5052
5053
5054
5057
5058
5059
5060
5063
5065
5066
5069
5070
5072
5075
5076
5079
5080
5081
5083
5088
5089
5091
5092
5093
5094
5096
5097
5101
5102
5103
5104
5105
5107
5109
5111
5112
5113
5114
5117
5118
5121
5122
5124
5125
5126
5127
5130
5132
5135
5137
5140
5141
5142
5143
5144
5145
5146
5147
5148
5150
5151
5152
5154
5156
5157
5158
5159
5160
5161
5162
5163
5164
5167
5169
5174
5176
5177
5178
5179
5180
5184
5186
5187
5189
5190
5191
5195
5200
5201
5202
5203
5205
5206
5207
5209
5211
5212
5213
5214
5215
5220
5223
5224
5225
5227
5228
5232
5235
5236
5237
5239
5241
5242
5248
5249
5250
5251
5254
5255
5257
5262
5263
5265
5266
5268
5269
5271
5273
5274
5275
5277
5280
5283
5284
5287
5289
5290
5292
5293
5295
5296
5299
5302
5306
5307
5308
5309
5310
5311
5312
5313
5316
5317
5323
5326
5333
5340
5341
5343
5345
5346
5347
5349
5358
5359
5363
5364
5365
5369
5371
5374
5377
5378
5380
5382
5384
5385
5390
5391
5393
5395
5403
5404
5406
5410
5411
5414
5415
5416
5418
5419
5421
5422
5423
5424
5425
5428
5431
5433
5434
5435
5436
5439
5441
5442
5443
5445
5446
5449
5450
5451
5454
5455
5456
5457
5460
5461
5462
5463
5464
5470
5476
5480
5482
5484
5486
5489
5492
5495
5496
5497
5503
5505
5506
5507
5508
5510
5511
5512
5513
5516
5518
5519
5520
5522
5523
5524
5525
5528
5529
5530
5532
5534
5535
5537
5539
5540
5542
5544
5546
5548
5550
5551
5553
5556
5558
5559
5562
5566
5568
5570
5571
5573
5574
5576
5577
5578
5579
5580
5581
5582
5583
5585
5586
5589
5590
5591
5594
5597
5598
5599
5602
5605
5606
5608
5609
5610
5613
5614
5617
5621
5627
5628
5629
5630
5634
5636
5638
5640
5643
5646
5648
5649
5650
5653
5655
5656
5657
5660
5661
5663
5666
5671
5673
5674
5677
5679
5680
5681
5682
5683
5685
5686
5687
5689
5691
5693
5694
5695
5696
5697
5698
5700
5701
5702
5706
5709
5712
5713
5714
5715
5720
5722
5725
5726
5728
5732
5733
5735
5736
5738
5739
5743
5745
5747
5750
5751
5752
5753
5754
5755
5757
5758
5760
5761
5763
5764
5765
5766
5767
5769
5770
5772
5776
5778
5779
5780
5781
5783
5784
5785
5788
5790
5791
5793
5795
5796
5797
5798
5800
5801
5802
5803
5805
5806
5807
5808
5809
5810
5811
5813
5815
5816
5817
5818
5822
5824
5826
5829
5830
5833
5837
5838
5841
5843
5844
5845
5852
5855
5856
5860
5866
5868
5869
5870
5871
5873
5875
5877
5878
5880
5881
5882
5885
5886
5889
5891
5893
5895
5896
5897
5898
5899
5901
5902
5903
5905
5906
# Ghost nodes
12
22
31
40
57
61
70
71
78
91
95
96
112
131
133
147
155
167
168
179
190
192
205
220
222
232
234
246
264
282
286
298
302
317
320
356
390
397
417
418
426
435
453
469
493
494
502
510
515
519
531
541
563
568
571
578
587
591
593
601
626
628
630
633
638
648
697
707
708
735
741
743
749
761
764
767
770
772
779
781
784
791
821
869
873
878
918
937
939
943
965
967
973
994
996
1001
1006
1012
1025
1061
1068
1074
1075
1076
1077
1096
1112
1138
1140
1145
1149
1150
1156
1157
1159
1163
1172
1199
1215
1222
1234
1273
1293
1304
1324
1327
1333
1340
1357
1374
1383
1385
1394
1396
1397
1405
1408
1448
1456
1458
1468
1506
1511
1522
1549
1571
1572
1584
1590
1594
1601
1618
1680
1690
1697
1705
1717
1722
1742
1776
1785
1791
1804
1822
1836
1871
1882
1904
1907
1908
1928
1933
1938
1965
1969
1992
2017
2034
2061
2064
2072
2074
2076
2095
2123
2130
2140
2143
2157
2167
2180
2186
2194
2202
2209
2218
2229
2239
2244
2245
2277
2296
2314
2319
2322
2330
2339
2353
2366
2370
2386
2397
2419
2437
2452
2463
2486
2499
2511
2528
2565
2589
2612
2615
2634
2684
2694
2698
2705
2726
2736
2751
2757
2760
2771
2789
2803
2815
2830
2835
2836
2851
2857
2880
2903
2919
2923
2924
2942
2948
2972
3008
3009
3011
3012
3013
3015
3026
3036
3048
3072
3080
3089
3101
3104
3105
3117
3119
3124
3137
3148
3169
3175
3208
3211
3214
3218
3226
3273
3284
3305
3313
3317
3320
3321
3326
3329
3367
3385
3403
3442
3447
3471
3472
3482
3484
3506
3541
3546
3550
3589
3593
3595
3599
3603
3608
3609
3610
3624
3656
3668
3673
3696
3699
3718
3768
3779
3784
3790
3796
3803
3811
3816
3818
3819
3833
3841
3846
3853
3870
3885
3898
3904
3940
3961
3962
3986
4005
4009
4043
4059
4079
4084
4117
4140
4148
4156
4168
4183
4193
4205
4210
4217
4219
4222
4226
4241
4251
4276
4298
4306
4307
4314
4317
4321
4342
4347
4380
4382
4391
4395
4416
4417
4424
4440
4447
4466
4473
4496
4516
4529
4554
4616
4621
4627
4633
4654
4687
4707
4726
4743
4752
4759
4782
4789
4796
4815
4839
4851
4853
4860
4877
4894
4920
4938
4945
4967
4993
5007
5064
5084
5085
5086
5099
5106
5120
5128
5139
5166
5183
5229
5240
5243
5247
5253
5279
5288
5294
5325
5342
5354
5355
5357
5376
5379
5387
5388
5389
5396
5401
5402
5409
5412
5413
5420
5432
5444
5459
5466
5467
5471
5479
5502
5504
5527
5560
5564
5567
5584
5595
5615
5619
5631
5652
5667
5678
5705
5716
5729
5742
5748
5768
5771
5777
5787
5825
5828
5861
5876
5884
5904
