1 2 19
2 3 3
1 4 27
1 6 1
4 6 1
1 8 9
2 8 11
3 8 1
6 8 2
1 9 1
2 9 2
7 9 1
8 9 1
1 11 6
2 11 6
1 12 18
2 12 4
3 12 1
4 12 18
8 12 21
7 13 5
1 14 1
2 14 1
8 14 1
9 14 2
5 15 1
8 15 3
1 17 3
4 17 3
12 17 1
1 18 2
4 18 20
17 18 2
6 19 9
1 20 37
4 20 139
12 20 17
17 20 16
18 20 1
1 21 3
2 21 6
3 21 3
7 21 1
8 21 3
9 21 3
12 21 1
14 21 1
1 23 17
2 23 5
4 23 2
8 23 44
11 23 2
12 23 32
20 23 47
21 23 1
8 24 4
12 24 4
15 24 5
23 24 5
5 25 7
15 25 2
17 27 7
20 27 2
7 28 5
9 28 3
14 28 5
19 28 3
1 29 31
4 29 1
6 29 17
19 29 5
28 29 1
6 30 2
8 30 3
1 32 1
4 32 6
7 32 1
14 32 2
17 32 1
18 32 4
1 33 1
17 33 44
20 33 14
24 33 6
27 33 4
17 36 11
27 36 28
33 36 6
11 37 4
19 37 4
26 37 3
30 37 1
1 38 2
2 38 1
3 38 1
8 38 1
9 38 1
14 38 1
20 38 1
21 38 1
23 38 5
6 39 5
8 39 4
30 39 2
2 40 50
9 40 1
11 40 1
30 40 2
39 40 1
1 41 94
2 41 19
3 41 3
4 41 30
6 41 16
8 41 6
9 41 1
11 41 5
12 41 22
14 41 1
19 41 5
20 41 18
21 41 4
23 41 2
28 41 16
29 41 62
38 41 1
39 41 2
22 42 103
32 42 8
1 43 24
2 43 4
4 43 19
5 43 1
8 43 7
12 43 22
15 43 14
17 43 1
18 43 1
20 43 21
21 43 1
23 43 42
24 43 20
25 43 3
33 43 2
38 43 1
41 43 18
1 44 25
4 44 52
12 44 18
17 44 7
18 44 8
20 44 152
23 44 2
32 44 6
33 44 1
41 44 18
43 44 23
1 45 1
4 45 1
17 45 21
20 45 17
27 45 73
33 45 64
36 45 39
44 45 1
8 46 3
12 46 2
17 46 24
23 46 1
24 46 1
27 46 4
33 46 48
36 46 171
37 46 1
45 46 15
5 47 119
12 47 1
15 47 2
25 47 170
43 47 2
11 48 6
19 48 2
26 48 1
37 48 107
6 49 1
8 49 3
30 49 2
39 49 3
11 50 2
37 50 17
48 50 3
1 51 69
2 51 2
4 51 18
6 51 10
8 51 1
9 51 4
12 51 17
14 51 1
20 51 19
21 51 1
28 51 19
29 51 45
40 51 1
41 51 99
43 51 17
44 51 17
1 52 2
8 52 4
12 52 4
17 52 11
23 52 5
24 52 4
27 52 1
33 52 5
36 52 2
45 52 2
46 52 35
13 53 9
17 53 5
20 53 2
27 53 20
33 53 43
36 53 4
37 53 1
45 53 50
46 53 3
5 54 5
6 54 3
15 54 2
25 54 76
30 54 1
43 54 2
47 54 5
2 55 24
5 55 274
15 55 2
21 55 4
25 55 270
43 55 4
46 55 1
47 55 465
54 55 11
1 56 3
2 56 7
3 56 4
8 56 10
12 56 8
17 56 1
20 56 1
23 56 9
36 56 1
38 56 1
41 56 3
43 56 8
52 56 4
1 57 25
4 57 21
8 57 1
12 57 25
15 57 2
17 57 11
18 57 1
20 57 124
23 57 16
24 57 5
38 57 1
41 57 19
43 57 35
44 57 35
46 57 2
51 57 17
52 57 3
55 57 1
56 57 4
1 58 6
2 58 10
6 58 7
8 58 1
11 58 10
37 58 3
41 58 5
48 58 4
50 58 2
6 59 2
8 59 7
19 59 1
29 59 1
30 59 2
37 59 10
39 59 28
41 59 18
49 59 3
51 59 2
7 60 3
14 60 5
28 60 4
38 60 4
1 61 8
2 61 17
3 61 7
4 61 1
8 61 82
11 61 1
12 61 23
15 61 4
20 61 38
21 61 4
23 61 55
24 61 4
38 61 1
41 61 13
43 61 12
46 61 2
47 61 3
51 61 1
52 61 4
55 61 54
56 61 13
57 61 5
58 61 4
1 62 21
4 62 1
6 62 28
19 62 10
29 62 41
41 62 77
51 62 44
54 62 1
58 62 1
1 63 37
2 63 126
4 63 2
5 63 1
8 63 47
9 63 2
11 63 1
12 63 54
14 63 1
15 63 2
20 63 40
21 63 2
23 63 181
24 63 4
28 63 16
38 63 2
40 63 1
41 63 23
43 63 21
44 63 2
46 63 1
47 63 1
51 63 5
52 63 15
55 63 1
56 63 17
57 63 10
58 63 2
61 63 160
1 64 1
4 64 1
8 64 4
12 64 5
15 64 1
23 64 9
24 64 5
26 64 1
41 64 1
43 64 3
44 64 1
46 64 1
52 64 2
53 64 1
56 64 1
57 64 20
61 64 5
63 64 8
1 65 32
4 65 3
6 65 295
19 65 6
28 65 5
29 65 47
39 65 1
41 65 89
51 65 46
59 65 3
62 65 77
1 66 5
2 66 2
11 66 2
19 66 1
37 66 1
41 66 4
48 66 1
58 66 2
63 66 1
65 66 1
22 67 96
42 67 96
17 68 7
20 68 2
27 68 49
36 68 4
45 68 49
46 68 3
53 68 35
13 69 7
17 69 13
20 69 1
27 69 17
33 69 3
36 69 6
45 69 23
46 69 1
53 69 8
68 69 7
6 70 153
8 70 4
19 70 1
30 70 2
39 70 71
49 70 3
59 70 30
62 70 6
65 70 97
66 70 2
1 71 3
6 71 8
29 71 2
41 71 1
51 71 1
62 71 9
65 71 26
70 71 2
1 72 4
2 72 99
9 72 1
11 72 3
40 72 42
41 72 2
51 72 1
55 72 1
58 72 5
63 72 3
66 72 1
15 73 2
25 73 4
33 73 1
37 73 23
43 73 3
55 73 2
1 74 13
2 74 10
6 74 7
8 74 3
9 74 1
11 74 6
14 74 1
21 74 3
23 74 2
29 74 1
30 74 3
38 74 1
41 74 6
43 74 2
51 74 2
58 74 4
63 74 5
66 74 2
72 74 3
1 75 4
2 75 37
4 75 1
6 75 1
8 75 2
11 75 3
29 75 1
40 75 34
41 75 4
51 75 1
58 75 8
61 75 1
62 75 1
63 75 1
65 75 1
72 75 39
74 75 3
8 76 3
12 76 4
15 76 1
17 76 19
23 76 4
24 76 3
27 76 6
33 76 18
36 76 8
45 76 22
46 76 35
52 76 21
53 76 1
56 76 2
57 76 1
61 76 5
63 76 4
64 76 2
68 76 3
69 76 1
3 77 3
8 77 8
12 77 7
23 77 10
24 77 2
43 77 2
46 77 1
52 77 4
56 77 1
57 77 7
61 77 20
63 77 8
64 77 5
76 77 3
1 78 7
2 78 7
6 78 5
9 78 1
11 78 14
19 78 5
25 78 1
29 78 5
37 78 7
40 78 1
41 78 10
48 78 6
50 78 3
51 78 1
58 78 14
59 78 1
62 78 5
63 78 2
65 78 5
66 78 3
72 78 5
74 78 6
75 78 4
1 79 3
2 79 5
8 79 2
9 79 2
14 79 1
19 79 1
21 79 2
23 79 2
28 79 14
37 79 1
38 79 1
40 79 1
41 79 1
43 79 1
50 79 1
51 79 3
59 79 5
63 79 34
72 79 2
74 79 2
78 79 5
2 80 46
4 80 1
6 80 6
8 80 1
19 80 1
29 80 1
39 80 9
40 80 31
41 80 1
51 80 1
59 80 39
62 80 4
65 80 5
70 80 9
72 80 22
75 80 23
22 81 17
42 81 17
67 81 15
22 82 9
42 82 8
67 82 1
81 82 2
26 83 1
54 83 3
70 83 3
1 84 1
4 84 25
6 84 1
17 84 1
18 84 19
29 84 1
32 84 4
41 84 6
44 84 3
51 84 2
62 84 1
65 84 2
75 84 1
80 84 1
1 85 30
2 85 30
3 85 3
4 85 1
6 85 7
8 85 13
9 85 2
11 85 18
12 85 4
14 85 1
19 85 6
21 85 6
23 85 10
29 85 6
37 85 39
38 85 1
40 85 2
41 85 33
43 85 5
48 85 18
50 85 9
51 85 3
56 85 1
57 85 1
58 85 15
59 85 4
61 85 11
62 85 6
63 85 21
65 85 6
66 85 11
72 85 6
74 85 14
75 85 5
78 85 25
79 85 21
80 85 1
84 85 1
5 86 1
15 86 2
25 86 2
33 86 7
37 86 3
43 86 2
47 86 17
50 86 5
54 86 9
55 86 17
69 86 2
71 86 25
73 86 1
5 87 151
47 87 39
55 87 172
73 87 1
86 87 1
6 88 10
37 88 23
54 88 1
73 88 4
86 88 2
11 89 4
25 89 4
37 89 18
48 89 10
50 89 4
58 89 3
78 89 4
85 89 11
5 90 9
15 90 2
25 90 83
43 90 2
47 90 12
54 90 107
55 90 5
71 90 4
73 90 4
78 90 2
85 90 6
86 90 82
87 90 1
2 91 1
9 91 1
11 91 2
37 91 3
40 91 4
48 91 2
50 91 2
51 91 1
58 91 2
63 91 1
72 91 1
78 91 3
79 91 7
85 91 3
89 91 2
1 92 1
4 92 14
17 92 1
18 92 14
20 92 1
32 92 1
43 92 1
44 92 1
57 92 1
84 92 13
1 93 12
2 93 12
3 93 1
4 93 1
8 93 7
9 93 2
14 93 3
17 93 1
18 93 1
20 93 2
21 93 4
23 93 38
28 93 2
32 93 2
38 93 9
41 93 3
43 93 14
44 93 1
51 93 1
55 93 2
56 93 6
57 93 7
61 93 5
63 93 57
74 93 4
79 93 2
85 93 9
92 93 1
28 94 1
60 94 1
2 95 113
4 95 1
6 95 2
8 95 1
29 95 1
39 95 3
40 95 33
41 95 1
48 95 1
49 95 1
51 95 1
55 95 21
59 95 2
62 95 1
63 95 2
65 95 1
70 95 3
72 95 32
75 95 30
80 95 50
84 95 1
85 95 1
86 95 1
91 95 1
27 96 13
33 96 4
36 96 3
45 96 16
46 96 2
53 96 3
68 96 15
69 96 26
1 97 15
4 97 3
6 97 23
8 97 1
29 97 38
30 97 1
41 97 62
51 97 44
59 97 1
62 97 54
65 97 94
70 97 5
71 97 10
74 97 1
75 97 1
80 97 1
84 97 1
85 97 1
86 97 1
95 97 1
1 98 4
4 98 1
28 98 9
41 98 1
65 98 16
79 98 1
2 99 2
11 99 20
26 99 1
37 99 15
48 99 12
50 99 3
58 99 5
59 99 1
78 99 8
79 99 5
85 99 27
86 99 1
89 99 12
91 99 2
20 100 3
99 100 23
8 101 2
30 101 2
39 101 7
49 101 2
59 101 5
70 101 5
79 101 1
80 101 7
95 101 2
3 102 12
7 102 1
9 102 2
13 102 1
21 102 2
23 102 10
52 102 3
56 102 1
64 102 1
93 102 1
94 102 2
19 103 2
26 103 1
37 103 18
48 103 14
54 103 6
70 103 1
83 103 5
90 103 13
5 104 5
7 104 1
8 104 1
15 104 11
21 104 1
23 104 4
25 104 160
32 104 1
43 104 74
47 104 110
54 104 5
55 104 183
57 104 6
61 104 12
73 104 31
86 104 17
90 104 4
93 104 23
100 104 4
14 105 2
38 105 2
4 106 1
18 106 4
22 106 2
34 106 5
42 106 3
82 106 1
84 106 2
1 107 12
4 107 1
6 107 11
8 107 1
28 107 3
29 107 19
39 107 1
41 107 69
49 107 1
51 107 33
59 107 1
62 107 34
65 107 33
70 107 2
71 107 1
75 107 1
80 107 1
84 107 2
85 107 1
95 107 3
97 107 29
1 108 22
4 108 94
5 108 1
12 108 17
15 108 22
17 108 2
18 108 3
20 108 230
23 108 8
24 108 22
25 108 2
26 108 1
32 108 2
38 108 1
41 108 18
43 108 106
44 108 55
47 108 4
51 108 17
54 108 4
55 108 4
56 108 1
57 108 45
61 108 5
63 108 5
64 108 2
73 108 15
77 108 2
84 108 2
86 108 7
90 108 2
92 108 1
93 108 11
99 108 1
104 108 43
1 109 2
4 109 17
17 109 2
18 109 47
20 109 1
32 109 4
43 109 1
44 109 8
57 109 1
84 109 18
92 109 15
93 109 1
106 109 6
108 109 3
17 110 7
27 110 10
33 110 2
36 110 5
45 110 7
53 110 10
68 110 9
69 110 2
96 110 3
1 111 6
2 111 9
6 111 11
8 111 1
9 111 1
11 111 4
14 111 1
21 111 1
23 111 1
41 111 3
51 111 1
56 111 2
58 111 3
63 111 7
64 111 1
65 111 1
66 111 1
72 111 2
74 111 10
75 111 2
78 111 4
79 111 1
85 111 9
86 111 6
88 111 1
93 111 1
1 112 7
2 112 1
6 112 16
8 112 3
17 112 27
20 112 37
27 112 19
29 112 3
33 112 134
36 112 1
39 112 3
41 112 10
44 112 2
45 112 42
46 112 1
49 112 1
51 112 5
53 112 24
58 112 1
59 112 2
61 112 1
62 112 11
63 112 1
65 112 27
68 112 9
70 112 2
71 112 5
75 112 8
76 112 3
80 112 15
85 112 1
86 112 26
95 112 12
97 112 8
101 112 7
107 112 58
110 112 1
1 113 1
4 113 1
17 113 1
18 113 11
20 113 1
22 113 1
34 113 5
42 113 3
43 113 1
44 113 4
57 113 1
92 113 1
93 113 1
106 113 9
108 113 1
109 113 28
2 114 4
5 114 396
15 114 3
25 114 13
43 114 2
47 114 239
54 114 6
55 114 408
63 114 1
72 114 1
73 114 9
75 114 1
85 114 1
86 114 18
87 114 263
90 114 6
93 114 1
104 114 24
108 114 12
1 115 4
2 115 22
3 115 2
8 115 9
11 115 6
12 115 8
15 115 1
21 115 1
23 115 23
41 115 4
43 115 5
52 115 1
55 115 1
56 115 26
57 115 3
58 115 3
61 115 3
63 115 30
72 115 1
74 115 1
77 115 103
85 115 3
93 115 6
1 116 33
4 116 130
8 116 4
12 116 21
17 116 9
18 116 1
20 116 819
23 116 54
24 116 4
32 116 1
33 116 2
38 116 1
41 116 18
43 116 24
44 116 90
45 116 5
46 116 1
51 116 17
52 116 3
56 116 3
57 116 108
61 116 43
63 116 49
64 116 2
76 116 3
77 116 1
92 116 1
93 116 3
104 116 3
108 116 216
109 116 1
112 116 2
113 116 1
115 116 1
1 117 30
2 117 19
8 117 7
11 117 7
19 117 2
21 117 2
23 117 9
26 117 2
37 117 6
38 117 2
39 117 1
41 117 11
43 117 4
54 117 4
56 117 4
58 117 6
59 117 2
61 117 5
63 117 20
66 117 14
71 117 4
72 117 4
74 117 11
75 117 4
78 117 7
79 117 4
83 117 5
85 117 34
93 117 9
103 117 4
111 117 6
112 117 1
115 117 7
1 118 1
3 118 1
4 118 1
8 118 7
12 118 8
17 118 1
20 118 1
23 118 13
24 118 5
33 118 1
41 118 1
43 118 3
44 118 1
45 118 1
46 118 2
52 118 2
56 118 6
57 118 15
61 118 5
63 118 8
64 118 10
76 118 3
77 118 4
108 118 2
115 118 5
116 118 2
22 119 104
42 119 106
67 119 99
81 119 18
82 119 9
106 119 1
1 120 7
4 120 1
6 120 10
29 120 19
41 120 38
51 120 38
59 120 9
62 120 34
65 120 37
75 120 1
80 120 1
84 120 1
85 120 1
95 120 1
97 120 35
107 120 25
112 120 1
22 121 104
42 121 106
67 121 97
81 121 17
82 121 8
106 121 5
113 121 2
119 121 107
1 122 11
6 122 2
29 122 13
41 122 14
51 122 7
62 122 14
65 122 13
71 122 2
97 122 7
107 122 6
112 122 4
120 122 1
6 123 1
8 123 1
30 123 1
39 123 1
71 123 1
86 123 7
90 123 19
97 123 6
112 123 1
1 125 39
2 125 2
4 125 135
8 125 2
12 125 18
17 125 10
18 125 3
20 125 763
21 125 1
23 125 30
32 125 2
33 125 2
38 125 2
41 125 19
43 125 25
44 125 167
45 125 5
51 125 17
56 125 3
57 125 84
61 125 13
63 125 17
64 125 1
73 125 1
74 125 2
79 125 1
84 125 1
85 125 3
92 125 1
93 125 6
104 125 4
108 125 240
109 125 2
112 125 2
113 125 1
116 125 555
117 125 2
118 125 1
7 126 3
9 126 1
13 126 2
21 126 1
102 126 1
3 127 1
4 127 2
20 127 2
23 127 1
44 127 4
61 127 1
63 127 1
116 127 2
118 127 1
125 127 1
1 128 1
2 128 4
8 128 1
9 128 2
14 128 1
19 128 1
21 128 1
28 128 7
37 128 2
40 128 1
41 128 2
48 128 2
51 128 4
61 128 10
62 128 1
63 128 2
70 128 7
72 128 1
74 128 1
78 128 1
79 128 2
85 128 2
90 128 1
91 128 2
93 128 1
95 128 9
103 128 2
111 128 1
117 128 8
120 128 1
1 129 18
2 129 17
7 129 1
8 129 4
9 129 1
11 129 5
14 129 1
20 129 1
21 129 3
23 129 3
28 129 1
38 129 4
41 129 9
43 129 1
51 129 1
55 129 1
56 129 4
57 129 1
58 129 4
60 129 3
61 129 4
62 129 1
63 129 11
66 129 3
72 129 4
74 129 9
75 129 5
78 129 7
79 129 2
85 129 14
93 129 8
94 129 1
108 129 1
111 129 5
115 129 10
116 129 1
117 129 18
125 129 2
128 129 1
1 130 4
2 130 4
3 130 3
4 130 20
8 130 2
12 130 1
17 130 2
18 130 21
20 130 2
21 130 9
23 130 2
32 130 5
38 130 2
41 130 7
42 130 1
43 130 2
44 130 5
51 130 1
55 130 8
56 130 1
57 130 2
61 130 4
63 130 2
74 130 1
79 130 1
84 130 23
85 130 4
92 130 14
93 130 4
106 130 2
108 130 4
109 130 19
113 130 1
116 130 2
117 130 1
125 130 4
127 130 1
129 130 2
4 131 15
18 131 18
22 131 98
32 131 2
34 131 2
42 131 124
67 131 96
81 131 17
82 131 3
84 131 16
92 131 15
106 131 3
109 131 21
113 131 23
119 131 99
121 131 102
127 131 4
130 131 14
1 132 1
2 132 1
3 132 2
5 132 195
8 132 1
12 132 1
15 132 7
25 132 71
43 132 62
47 132 81
54 132 10
55 132 505
58 132 2
61 132 59
63 132 1
73 132 4
77 132 1
83 132 1
86 132 8
87 132 92
90 132 4
95 132 1
104 132 87
108 132 25
114 132 428
118 132 1
1 133 21
6 133 4
29 133 18
41 133 31
51 133 14
57 133 1
62 133 34
65 133 18
70 133 3
71 133 1
80 133 3
97 133 7
98 133 1
99 133 2
107 133 12
112 133 5
120 133 1
122 133 14
13 134 1
28 134 3
102 134 1
126 134 1
11 135 4
19 135 1
37 135 142
48 135 60
50 135 6
58 135 5
78 135 7
79 135 6
85 135 12
89 135 4
91 135 2
99 135 11
103 135 14
1 136 5
2 136 8
3 136 3
4 136 2
5 136 1
6 136 9
8 136 6
9 136 3
12 136 4
17 136 4
20 136 62
21 136 3
23 136 12
28 136 7
29 136 16
33 136 4
39 136 1
40 136 1
41 136 61
45 136 6
47 136 1
51 136 31
54 136 9
55 136 1
61 136 23
62 136 30
63 136 17
65 136 29
71 136 5
72 136 1
75 136 1
78 136 1
79 136 2
80 136 1
83 136 1
84 136 1
85 136 11
86 136 70
91 136 1
93 136 1
95 136 1
97 136 30
107 136 22
114 136 1
116 136 7
117 136 2
118 136 1
120 136 29
123 136 5
125 136 2
128 136 1
130 136 3
132 136 1
133 136 1
1 137 1
2 137 36
4 137 3
6 137 1
17 137 1
18 137 2
20 137 1
29 137 1
32 137 3
41 137 3
42 137 2
43 137 1
44 137 4
51 137 1
54 137 38
57 137 1
62 137 4
65 137 1
71 137 8
75 137 1
80 137 1
84 137 2
85 137 1
86 137 14
87 137 1
90 137 19
92 137 1
93 137 1
95 137 1
97 137 1
107 137 1
108 137 1
109 137 2
111 137 6
113 137 1
114 137 13
116 137 1
120 137 1
125 137 1
130 137 3
131 137 1
136 137 17
13 138 7
17 138 10
20 138 1
27 138 109
33 138 7
36 138 20
45 138 161
46 138 7
52 138 1
53 138 23
56 138 8
68 138 127
69 138 37
76 138 7
77 138 1
96 138 40
110 138 21
40 139 2
56 139 4
85 139 1
120 139 1
137 139 1
1 140 6
2 140 15
3 140 1
4 140 1
8 140 15
12 140 16
20 140 24
23 140 52
24 140 6
26 140 2
41 140 2
43 140 14
44 140 2
46 140 2
52 140 7
56 140 20
57 140 14
58 140 1
61 140 71
63 140 89
64 140 10
76 140 4
77 140 17
85 140 2
93 140 6
104 140 4
108 140 11
111 140 3
115 140 9
116 140 30
117 140 1
118 140 11
125 140 12
129 140 5
136 140 1
6 141 2
8 141 21
30 141 3
39 141 3
49 141 3
59 141 4
70 141 3
93 141 4
95 141 1
97 141 1
101 141 3
104 141 2
107 141 1
112 141 1
123 141 1
131 141 2
139 141 2
1 142 1
2 142 2
3 142 2
12 142 1
21 142 2
33 142 1
39 142 1
41 142 5
59 142 2
61 142 2
71 142 14
77 142 1
85 142 2
86 142 93
90 142 12
97 142 2
118 142 1
123 142 20
130 142 2
132 142 1
136 142 89
137 142 3
5 143 1
8 143 3
25 143 3
26 143 1
30 143 2
39 143 2
49 143 2
54 143 8
55 143 4
59 143 2
70 143 3
83 143 1
86 143 1
90 143 26
101 143 2
103 143 1
114 143 16
117 143 1
128 143 1
137 143 16
141 143 2
1 144 1
4 144 1
17 144 1
18 144 5
20 144 1
22 144 106
34 144 3
38 144 1
42 144 107
43 144 1
44 144 2
57 144 1
67 144 100
73 144 16
81 144 20
82 144 12
84 144 1
92 144 1
93 144 2
106 144 5
108 144 2
109 144 8
113 144 16
116 144 1
119 144 109
121 144 113
125 144 2
127 144 7
130 144 2
131 144 189
137 144 1
4 145 1
6 145 16
8 145 3
19 145 1
29 145 20
30 145 2
39 145 55
41 145 35
49 145 2
51 145 31
59 145 5
62 145 33
65 145 41
70 145 21
75 145 1
80 145 6
84 145 1
85 145 1
95 145 2
97 145 30
101 145 3
107 145 22
120 145 32
133 145 3
136 145 29
137 145 1
141 145 2
143 145 2
27 146 39
36 146 2
45 146 31
53 146 2
68 146 77
69 146 4
77 146 1
96 146 8
110 146 3
138 146 99
1 147 2
2 147 42
3 147 3
8 147 6
12 147 4
17 147 1
21 147 2
33 147 1
40 147 13
41 147 2
45 147 1
55 147 24
56 147 2
61 147 43
63 147 17
72 147 7
75 147 16
77 147 1
80 147 18
85 147 2
93 147 2
95 147 9
111 147 3
115 147 4
118 147 1
130 147 2
132 147 19
136 147 3
140 147 10
142 147 2
1 148 2
2 148 8
3 148 2
8 148 5
9 148 1
12 148 3
14 148 1
21 148 8
23 148 2
28 148 18
38 148 2
41 148 9
43 148 1
55 148 6
61 148 8
63 148 13
74 148 2
79 148 4
85 148 9
93 148 5
98 148 22
104 148 1
115 148 1
117 148 2
125 148 1
129 148 2
130 148 9
136 148 7
140 148 2
142 148 2
147 148 2