2 3 3
3 8 1
1 9 1
2 9 2
7 9 1
8 9 1
3 12 1
7 13 5
1 14 1
2 14 1
8 14 1
9 14 2
1 17 3
4 17 3
12 17 1
17 18 2
17 20 16
3 21 3
7 21 1
9 21 3
14 21 1
17 27 7
20 27 2
7 28 5
9 28 3
14 28 5
6 30 2
8 30 3
7 32 1
14 32 2
17 32 1
1 33 1
17 33 44
20 33 14
24 33 6
27 33 4
17 36 11
27 36 28
33 36 6
30 37 1
1 38 2
2 38 1
3 38 1
8 38 1
9 38 1
14 38 1
20 38 1
21 38 1
23 38 5
30 39 2
9 40 1
30 40 2
3 41 3
9 41 1
14 41 1
38 41 1
17 43 1
33 43 2
38 43 1
17 44 7
33 44 1
1 45 1
4 45 1
17 45 21
20 45 17
27 45 73
33 45 64
36 45 39
44 45 1
8 46 3
12 46 2
17 46 24
23 46 1
24 46 1
27 46 4
33 46 48
36 46 171
37 46 1
45 46 15
6 49 1
8 49 3
30 49 2
39 49 3
9 51 4
14 51 1
1 52 2
8 52 4
12 52 4
17 52 11
23 52 5
24 52 4
27 52 1
33 52 5
36 52 2
45 52 2
46 52 35
13 53 9
17 53 5
20 53 2
27 53 20
33 53 43
36 53 4
37 53 1
45 53 50
46 53 3
30 54 1
46 55 1
3 56 4
17 56 1
36 56 1
38 56 1
52 56 4
17 57 11
38 57 1
46 57 2
52 57 3
30 59 2
49 59 3
7 60 3
14 60 5
28 60 4
38 60 4
3 61 7
38 61 1
46 61 2
52 61 4
9 63 2
14 63 1
38 63 2
46 63 1
52 63 15
46 64 1
52 64 2
53 64 1
17 68 7
20 68 2
27 68 49
36 68 4
45 68 49
46 68 3
53 68 35
13 69 7
17 69 13
20 69 1
27 69 17
33 69 3
36 69 6
45 69 23
46 69 1
53 69 8
68 69 7
30 70 2
49 70 3
9 72 1
33 73 1
9 74 1
14 74 1
30 74 3
38 74 1
8 76 3
12 76 4
15 76 1
17 76 19
23 76 4
24 76 3
27 76 6
33 76 18
36 76 8
45 76 22
46 76 35
52 76 21
53 76 1
56 76 2
57 76 1
61 76 5
63 76 4
64 76 2
68 76 3
69 76 1
3 77 3
46 77 1
52 77 4
76 77 3
9 78 1
9 79 2
14 79 1
38 79 1
17 84 1
3 85 3
9 85 2
14 85 1
38 85 1
33 86 7
69 86 2
9 91 1
17 92 1
3 93 1
9 93 2
14 93 3
17 93 1
38 93 9
28 94 1
60 94 1
49 95 1
27 96 13
33 96 4
36 96 3
45 96 16
46 96 2
53 96 3
68 96 15
69 96 26
30 97 1
8 101 2
30 101 2
39 101 7
49 101 2
59 101 5
70 101 5
79 101 1
80 101 7
95 101 2
3 102 12
7 102 1
9 102 2
13 102 1
21 102 2
23 102 10
52 102 3
56 102 1
64 102 1
93 102 1
94 102 2
7 104 1
14 105 2
38 105 2
49 107 1
17 108 2
38 108 1
17 109 2
17 110 7
27 110 10
33 110 2
36 110 5
45 110 7
53 110 10
68 110 9
69 110 2
96 110 3
9 111 1
14 111 1
1 112 7
2 112 1
6 112 16
8 112 3
17 112 27
20 112 37
27 112 19
29 112 3
33 112 134
36 112 1
39 112 3
41 112 10
44 112 2
45 112 42
46 112 1
49 112 1
51 112 5
53 112 24
58 112 1
59 112 2
61 112 1
62 112 11
63 112 1
65 112 27
68 112 9
70 112 2
71 112 5
75 112 8
76 112 3
80 112 15
85 112 1
86 112 26
95 112 12
97 112 8
101 112 7
107 112 58
110 112 1
17 113 1
3 115 2
52 115 1
17 116 9
33 116 2
38 116 1
45 116 5
46 116 1
52 116 3
76 116 3
112 116 2
38 117 2
112 117 1
3 118 1
17 118 1
33 118 1
45 118 1
46 118 2
52 118 2
76 118 3
112 120 1
112 122 4
30 123 1
112 123 1
17 125 10
33 125 2
38 125 2
45 125 5
112 125 2
7 126 3
9 126 1
13 126 2
21 126 1
102 126 1
3 127 1
9 128 2
14 128 1
7 129 1
9 129 1
14 129 1
38 129 4
60 129 3
94 129 1
3 130 3
17 130 2
38 130 2
3 132 2
112 133 5
13 134 1
28 134 3
102 134 1
126 134 1
3 136 3
9 136 3
17 136 4
33 136 4
45 136 6
17 137 1
13 138 7
17 138 10
20 138 1
27 138 109
33 138 7
36 138 20
45 138 161
46 138 7
52 138 1
53 138 23
56 138 8
68 138 127
69 138 37
76 138 7
77 138 1
96 138 40
110 138 21
3 140 1
46 140 2
52 140 7
76 140 4
6 141 2
8 141 21
30 141 3
39 141 3
49 141 3
59 141 4
70 141 3
93 141 4
95 141 1
97 141 1
101 141 3
104 141 2
107 141 1
112 141 1
123 141 1
131 141 2
139 141 2
3 142 2
33 142 1
30 143 2
49 143 2
101 143 2
141 143 2
17 144 1
38 144 1
30 145 2
49 145 2
101 145 3
141 145 2
27 146 39
36 146 2
45 146 31
53 146 2
68 146 77
69 146 4
77 146 1
96 146 8
110 146 3
138 146 99
3 147 3
17 147 1
33 147 1
45 147 1
3 148 2
9 148 1
14 148 1
38 148 2
