1 18 2
4 18 20
17 18 2
18 20 1
1 32 1
4 32 6
7 32 1
14 32 2
17 32 1
18 32 4
11 37 4
19 37 4
26 37 3
30 37 1
22 42 103
32 42 8
18 43 1
18 44 8
32 44 6
37 46 1
11 48 6
19 48 2
26 48 1
37 48 107
11 50 2
37 50 17
48 50 3
37 53 1
18 57 1
37 58 3
48 58 4
50 58 2
37 59 10
26 64 1
37 66 1
48 66 1
22 67 96
42 67 96
37 73 23
37 78 7
48 78 6
50 78 3
37 79 1
50 79 1
22 81 17
42 81 17
67 81 15
22 82 9
42 82 8
67 82 1
81 82 2
26 83 1
54 83 3
70 83 3
1 84 1
4 84 25
6 84 1
17 84 1
18 84 19
29 84 1
32 84 4
41 84 6
44 84 3
51 84 2
62 84 1
65 84 2
75 84 1
80 84 1
37 85 39
48 85 18
50 85 9
84 85 1
37 86 3
50 86 5
6 88 10
37 88 23
54 88 1
73 88 4
86 88 2
11 89 4
25 89 4
37 89 18
48 89 10
50 89 4
58 89 3
78 89 4
85 89 11
2 91 1
9 91 1
11 91 2
37 91 3
40 91 4
48 91 2
50 91 2
51 91 1
58 91 2
63 91 1
72 91 1
78 91 3
79 91 7
85 91 3
89 91 2
1 92 1
4 92 14
17 92 1
18 92 14
20 92 1
32 92 1
43 92 1
44 92 1
57 92 1
84 92 13
18 93 1
32 93 2
92 93 1
48 95 1
84 95 1
91 95 1
84 97 1
2 99 2
11 99 20
26 99 1
37 99 15
48 99 12
50 99 3
58 99 5
59 99 1
78 99 8
79 99 5
85 99 27
86 99 1
89 99 12
91 99 2
20 100 3
99 100 23
19 103 2
26 103 1
37 103 18
48 103 14
54 103 6
70 103 1
83 103 5
90 103 13
32 104 1
100 104 4
4 106 1
18 106 4
22 106 2
34 106 5
42 106 3
82 106 1
84 106 2
84 107 2
18 108 3
26 108 1
32 108 2
84 108 2
92 108 1
99 108 1
1 109 2
4 109 17
17 109 2
18 109 47
20 109 1
32 109 4
43 109 1
44 109 8
57 109 1
84 109 18
92 109 15
93 109 1
106 109 6
108 109 3
88 111 1
1 113 1
4 113 1
17 113 1
18 113 11
20 113 1
22 113 1
34 113 5
42 113 3
43 113 1
44 113 4
57 113 1
92 113 1
93 113 1
106 113 9
108 113 1
109 113 28
18 116 1
32 116 1
92 116 1
109 116 1
113 116 1
26 117 2
37 117 6
83 117 5
103 117 4
22 119 104
42 119 106
67 119 99
81 119 18
82 119 9
106 119 1
84 120 1
22 121 104
42 121 106
67 121 97
81 121 17
82 121 8
106 121 5
113 121 2
119 121 107
18 125 3
32 125 2
84 125 1
92 125 1
109 125 2
113 125 1
3 127 1
4 127 2
20 127 2
23 127 1
44 127 4
61 127 1
63 127 1
116 127 2
118 127 1
125 127 1
37 128 2
48 128 2
91 128 2
103 128 2
1 130 4
2 130 4
3 130 3
4 130 20
8 130 2
12 130 1
17 130 2
18 130 21
20 130 2
21 130 9
23 130 2
32 130 5
38 130 2
41 130 7
42 130 1
43 130 2
44 130 5
51 130 1
55 130 8
56 130 1
57 130 2
61 130 4
63 130 2
74 130 1
79 130 1
84 130 23
85 130 4
92 130 14
93 130 4
106 130 2
108 130 4
109 130 19
113 130 1
116 130 2
117 130 1
125 130 4
127 130 1
129 130 2
4 131 15
18 131 18
22 131 98
32 131 2
34 131 2
42 131 124
67 131 96
81 131 17
82 131 3
84 131 16
92 131 15
106 131 3
109 131 21
113 131 23
119 131 99
121 131 102
127 131 4
130 131 14
83 132 1
99 133 2
11 135 4
19 135 1
37 135 142
48 135 60
50 135 6
58 135 5
78 135 7
79 135 6
85 135 12
89 135 4
91 135 2
99 135 11
103 135 14
83 136 1
84 136 1
91 136 1
130 136 3
18 137 2
32 137 3
42 137 2
84 137 2
92 137 1
109 137 2
113 137 1
130 137 3
131 137 1
26 140 2
131 141 2
130 142 2
26 143 1
83 143 1
103 143 1
1 144 1
4 144 1
17 144 1
18 144 5
20 144 1
22 144 106
34 144 3
38 144 1
42 144 107
43 144 1
44 144 2
57 144 1
67 144 100
73 144 16
81 144 20
82 144 12
84 144 1
92 144 1
93 144 2
106 144 5
108 144 2
109 144 8
113 144 16
116 144 1
119 144 109
121 144 113
125 144 2
127 144 7
130 144 2
131 144 189
137 144 1
84 145 1
130 147 2
130 148 9
