# Local nodes
0
3
5
6
9
10
12
16
17
19
25
28
35
43
44
45
47
48
49
50
51
55
58
69
71
72
75
76
78
85
98
104
108
112
116
117
121
126
129
138
140
142
143
146
148
149
155
156
157
159
161
162
164
168
169
171
177
185
192
196
197
198
199
201
205
214
215
216
224
226
227
232
234
236
238
240
241
242
250
252
253
257
259
260
262
265
266
269
270
273
278
283
285
287
291
293
294
297
310
315
317
318
320
323
324
325
326
331
336
338
339
340
343
346
353
357
368
369
372
374
375
377
381
390
391
392
394
397
399
402
406
407
418
420
421
422
423
430
431
432
433
437
438
443
444
450
452
458
459
462
466
470
472
474
475
476
478
479
480
483
486
491
493
495
497
506
507
508
509
511
512
520
521
533
534
543
548
553
554
556
559
564
566
569
570
575
583
585
587
591
593
594
604
619
620
621
624
625
627
629
631
632
636
637
639
645
646
650
651
652
654
657
664
665
667
669
671
672
675
676
678
680
684
687
689
693
694
695
697
698
702
704
705
709
710
712
713
716
720
721
724
725
728
729
736
738
740
741
749
751
752
755
756
758
760
763
766
769
773
776
778
781
782
790
796
798
802
804
806
807
808
809
813
819
826
829
830
831
833
834
835
836
838
839
848
853
854
857
858
860
861
862
865
869
870
872
876
882
885
887
888
892
897
898
899
900
908
909
910
914
919
921
923
927
929
931
934
942
943
944
950
954
961
962
963
966
967
973
979
980
989
994
996
998
1002
1006
1009
1019
1024
1030
1032
1034
1036
1038
1039
1040
1044
1046
1049
1050
1052
1055
1067
1068
1069
1070
1071
1072
1075
1076
1081
1084
1088
1089
1097
1098
1103
1105
1107
1108
1110
1111
1115
1120
1128
1133
1137
1142
1149
1150
1151
1153
1156
1159
1161
1163
1164
1167
1168
1169
1171
1172
1173
1174
1175
1177
1178
1182
1183
1184
1186
1189
1195
1199
1201
1203
1206
1208
1216
1220
1223
1224
1226
1235
1236
1240
1243
1247
1252
1253
1255
1256
1260
1262
1264
1266
1267
1269
1275
1279
1280
1282
1286
1287
1292
1295
1296
1303
1308
1309
1311
1315
1316
1317
1320
1321
1322
1326
1333
1336
1344
1351
1354
1359
1365
1367
1368
1369
1370
1373
1374
1375
1377
1380
1382
1383
1387
1391
1392
1401
1402
1411
1412
1413
1415
1418
1419
1420
1425
1430
1432
1433
1435
1437
1442
1444
1445
1446
1451
1458
1460
1461
1464
1466
1467
1468
1471
1473
1475
1485
1486
1491
1498
1500
1503
1504
1506
1507
1515
1522
1523
1527
1528
1531
1532
1537
1539
1546
1547
1549
1555
1556
1557
1558
1560
1564
1565
1567
1574
1577
1578
1585
1592
1593
1594
1596
1598
1607
1608
1611
1616
1619
1621
1622
1625
1630
1631
1632
1635
1638
1639
1649
1657
1659
1667
1669
1671
1675
1676
1677
1679
1681
1684
1687
1695
1697
1698
1699
1700
1701
1702
1705
1708
1712
1715
1718
1719
1720
1721
1724
1728
1732
1733
1734
1735
1743
1744
1748
1762
1763
1769
1778
1796
1802
1810
1813
1815
1816
1820
1823
1826
1828
1830
1831
1833
1834
1835
1836
1837
1843
1848
1849
1866
1868
1870
1872
1874
1875
1876
1877
1878
1882
1885
1887
1888
1889
1890
1896
1898
1903
1905
1906
1907
1909
1914
1919
1920
1922
1924
1929
1931
1933
1935
1937
1940
1943
1944
1945
1950
1954
1956
1961
1972
1976
1978
1980
1981
1985
1992
1994
1996
2007
2011
2012
2015
2019
2020
2022
2023
2027
2031
2033
2037
2038
2039
2040
2045
2046
2051
2053
2054
2055
2057
2063
2064
2065
2069
2078
2079
2081
2086
2089
2092
2093
2094
2095
2096
2100
2101
2103
2106
2116
2117
2119
2123
2129
2138
2142
2143
2148
2156
2158
2159
2163
2167
2171
2175
2179
2182
2184
2185
2191
2192
2193
2198
2205
2207
2208
2218
2221
2225
2226
2228
2229
2230
2234
2237
2238
2241
2243
2245
2249
2252
2260
2266
2268
2270
2271
2272
2273
2274
2285
2286
2288
2290
2291
2292
2295
2297
2301
2302
2303
2306
2308
2312
2316
2323
2326
2327
2334
2336
2337
2348
2349
2350
2359
2360
2366
2372
2376
2378
2381
2383
2384
2395
2396
2399
2400
2410
2411
2416
2418
2421
2423
2428
2430
2432
2435
2437
2438
2440
2446
2449
2451
2454
2455
2457
2459
2460
2464
2469
2476
2478
2482
2487
2489
2495
2497
2498
2499
2504
2507
2511
2514
2517
2524
2527
2532
2533
2539
2540
2541
2544
2545
2550
2552
2553
2554
2555
2556
2557
2558
2567
2569
2571
2573
2576
2577
2583
2585
2589
2590
2594
2596
2600
2601
2603
2604
2605
2611
2624
2625
2627
2635
2636
2638
2639
2640
2641
2643
2644
2647
2649
2654
2655
2656
2659
2661
2663
2665
2667
2672
2676
2677
2679
2680
2682
2686
2687
2694
2701
2702
2705
2710
2711
2712
2713
2724
2727
2730
2735
2737
2741
2745
2746
2747
2750
2754
2755
2756
2759
2760
2762
2764
2765
2769
2774
2778
2782
2783
2787
2788
2790
2792
2794
2798
2800
2803
2805
2808
2809
2811
2814
2822
2827
2835
2840
2842
2845
2850
2851
2852
2861
2865
2870
2871
2876
2890
2891
2895
2897
2899
2900
2903
2905
2912
2915
2916
2917
2919
2924
2930
2941
2945
2946
2947
2952
2962
2965
2967
2971
2974
2979
2980
2981
2987
2990
2994
2995
2998
3002
3003
3006
3008
3013
3014
3016
3017
3018
3026
3027
3030
3033
3035
3038
3039
3040
3044
3046
3048
3053
3059
3063
3066
3068
3071
3073
3075
3087
3093
3095
3098
3099
3102
3104
3105
3112
3113
3116
3119
3121
3122
3126
3130
3133
3134
3135
3136
3140
3141
3145
3146
3149
3152
3154
3155
3160
3161
3162
3167
3168
3170
3188
3195
3198
3201
3202
3203
3206
3209
3212
3214
3216
3217
3221
3227
3236
3238
3240
3242
3245
3247
3251
3253
3254
3256
3259
3260
3264
3275
3277
3283
3286
3288
3289
3291
3295
3296
3302
3303
3304
3309
3310
3311
3312
3314
3316
3327
3332
3341
3342
3345
3348
3349
3351
3353
3369
3371
3372
3374
3376
3377
3381
3382
3384
3388
3399
3401
3413
3416
3419
3426
3429
3430
3433
3436
3443
3449
3450
3463
3464
3467
3474
3475
3477
3479
3483
3485
3489
3493
3494
3501
3503
3504
3507
3510
3515
3520
3521
3522
3528
3529
3532
3537
3540
3542
3544
3551
3552
3555
3556
3558
3560
3562
3563
3564
3570
3575
3580
3581
3584
3586
3588
3589
3590
3591
3600
3601
3608
3614
3616
3618
3622
3623
3638
3640
3643
3645
3648
3651
3653
3654
3655
3662
3665
3666
3667
3668
3681
3682
3683
3684
3687
3694
3697
3700
3702
3704
3706
3708
3710
3715
3716
3724
3727
3728
3729
3736
3738
3741
3742
3745
3747
3748
3750
3751
3753
3756
3758
3760
3762
3763
3764
3765
3769
3770
3774
3778
3783
3784
3787
3788
3789
3790
3798
3802
3810
3811
3816
3817
3818
3821
3824
3826
3828
3833
3834
3835
3837
3838
3840
3842
3846
3851
3870
3873
3874
3876
3877
3878
3880
3883
3888
3889
3890
3894
3900
3904
3908
3911
3912
3920
3921
3922
3923
3924
3928
3929
3932
3934
3939
3941
3945
3948
3949
3950
3951
3953
3959
3960
3963
3971
3982
3989
3991
3992
3998
4000
4001
4002
4004
4007
4009
4013
4019
4020
4021
4022
4025
4027
4029
4030
4033
4035
4040
4043
4045
4046
4047
4048
4049
4051
4054
4066
4069
4074
4077
4082
4083
4088
4097
4100
4101
4105
4108
4116
4121
4122
4127
4131
4132
4133
4137
4138
4139
4140
4141
4144
4145
4146
4154
4155
4157
4164
4165
4167
4168
4169
4171
4172
4173
4174
4175
4176
4177
4179
4182
4184
4185
4187
4197
4199
4203
4209
4213
4218
4220
4221
4222
4224
4235
4240
4241
4245
4249
4250
4251
4252
4253
4258
4259
4264
4268
4269
4271
4272
4276
4278
4281
4282
4283
4287
4291
4293
4299
4304
4307
4309
4310
4311
4312
4320
4322
4336
4338
4344
4350
4351
4353
4357
4359
4361
4365
4367
4370
4377
4380
4381
4384
4385
4388
4392
4393
4397
4398
4402
4403
4407
4411
4412
4417
4426
4428
4433
4435
4436
4437
4438
4441
4443
4445
4447
4448
4452
4453
4454
4457
4458
4460
4461
4462
4466
4468
4472
4473
4477
4484
4487
4492
4493
4495
4498
4501
4503
4504
4508
4515
4520
4522
4523
4531
4534
4537
4540
4541
4543
4544
4545
4548
4549
4551
4553
4557
4559
4560
4561
4563
4565
4567
4574
4581
4582
4586
4588
4590
4593
4598
4603
4609
4611
4613
4615
4623
4624
4626
4628
4630
4631
4634
4637
4639
4640
4641
4644
4646
4647
4650
4659
4666
4672
4674
4680
4681
4685
4687
4698
4701
4708
4712
4714
4717
4723
4724
4727
4738
4739
4742
4743
4744
4746
4748
4749
4750
4753
4758
4760
4761
4762
4765
4769
4770
4771
4773
4776
4777
4783
4790
4794
4800
4801
4803
4804
4810
4812
4814
4819
4826
4827
4828
4829
4833
4836
4841
4847
4852
4855
4856
4858
4869
4870
4871
4877
4881
4882
4884
4886
4898
4899
4902
4909
4911
4913
4914
4915
4922
4924
4933
4934
4935
4937
4940
4943
4944
4945
4947
4950
4951
4954
4958
4976
4977
4978
4980
4983
4984
4986
4987
4992
5000
5002
5003
5004
5005
5010
5012
5013
5014
5018
5021
5022
5027
5028
5031
5032
5034
5035
5040
5044
5047
5053
5057
5058
5063
5065
5067
5077
5078
5085
5087
5089
5091
5092
5093
5095
5096
5099
5101
5107
5111
5115
5120
5121
5123
5126
5127
5129
5138
5140
5143
5145
5146
5154
5158
5165
5170
5173
5181
5182
5186
5187
5193
5194
5196
5197
5199
5202
5207
5208
5210
5214
5216
5217
5218
5219
5222
5223
5230
5231
5233
5242
5244
5245
5247
5249
5250
5252
5253
5256
5259
5260
5261
5263
5266
5267
5270
5278
5281
5283
5284
5291
5292
5293
5304
5308
5312
5315
5316
5317
5318
5320
5324
5330
5331
5334
5338
5339
5340
5347
5350
5353
5359
5360
5363
5365
5367
5369
5370
5375
5379
5381
5383
5386
5389
5391
5394
5398
5399
5400
5401
5402
5405
5406
5408
5409
5412
5413
5426
5427
5428
5429
5431
5432
5437
5443
5446
5447
5448
5450
5451
5455
5458
5465
5466
5467
5472
5474
5478
5484
5487
5488
5491
5498
5500
5504
5507
5509
5515
5517
5519
5530
5534
5537
5541
5546
5549
5552
5555
5558
5563
5564
5566
5571
5573
5574
5581
5586
5588
5591
5593
5594
5596
5599
5603
5604
5607
5612
5617
5619
5621
5622
5624
5631
5632
5637
5639
5641
5642
5644
5645
5648
5649
5652
5654
5658
5662
5665
5670
5671
5679
5680
5681
5683
5688
5689
5690
5695
5699
5703
5707
5708
5719
5720
5721
5723
5727
5731
5732
5736
5739
5741
5744
5746
5754
5755
5756
5758
5760
5762
5763
5768
5769
5774
5779
5783
5785
5786
5789
5792
5795
5798
5800
5803
5804
5806
5807
5812
5814
5817
5824
5825
5828
5829
5831
5832
5834
5835
5839
5840
5842
5844
5846
5847
5848
5850
5853
5854
5855
5858
5859
5860
5861
5863
5864
5866
5872
5874
5877
5883
5885
5886
5890
5892
5893
5897
# Ghost nodes
18
59
61
67
68
74
77
79
80
82
91
93
94
96
122
133
137
150
151
158
167
179
180
190
191
194
210
218
220
239
246
282
286
356
363
380
383
417
427
429
435
442
453
455
460
464
469
484
502
505
519
527
529
540
557
561
568
572
578
588
589
628
648
653
683
688
690
708
711
735
743
761
764
772
775
777
779
793
821
832
937
939
978
1003
1011
1017
1025
1028
1041
1043
1077
1104
1109
1112
1113
1119
1157
1190
1197
1205
1215
1230
1234
1257
1263
1294
1304
1313
1323
1324
1327
1340
1356
1384
1388
1447
1449
1456
1474
1489
1499
1512
1541
1575
1614
1615
1618
1637
1641
1644
1665
1690
1706
1742
1753
1760
1785
1791
1803
1805
1809
1822
1838
1842
1864
1873
1904
1910
1921
1928
1952
1957
1958
1964
1965
1983
1990
1999
2013
2018
2041
2059
2061
2072
2074
2082
2105
2181
2186
2189
2194
2202
2209
2224
2239
2248
2299
2305
2314
2322
2339
2344
2345
2353
2370
2371
2406
2429
2450
2456
2468
2472
2479
2515
2516
2522
2535
2562
2565
2580
2612
2615
2634
2662
2678
2693
2695
2698
2714
2723
2726
2733
2736
2770
2815
2830
2844
2857
2880
2886
2887
2923
2932
2937
2938
2944
2957
2960
3001
3010
3012
3028
3029
3043
3051
3060
3074
3079
3080
3086
3089
3090
3094
3127
3137
3148
3156
3159
3166
3169
3172
3174
3178
3181
3189
3218
3226
3233
3241
3262
3263
3269
3273
3285
3298
3321
3326
3329
3344
3379
3387
3400
3402
3445
3447
3453
3471
3482
3484
3518
3539
3576
3593
3595
3603
3610
3617
3670
3711
3719
3755
3766
3782
3796
3799
3801
3806
3841
3843
3850
3853
3867
3886
3898
3918
3931
3938
3940
3961
3979
3980
3986
4005
4024
4028
4032
4056
4059
4068
4079
4081
4107
4142
4148
4156
4160
4180
4183
4193
4201
4205
4208
4210
4219
4232
4238
4255
4297
4314
4316
4324
4326
4329
4342
4347
4349
4369
4378
4382
4394
4395
4416
4456
4475
4478
4482
4518
4521
4528
4535
4550
4552
4554
4558
4572
4585
4602
4614
4616
4621
4622
4633
4645
4653
4654
4665
4667
4693
4705
4720
4726
4754
4759
4767
4792
4806
4837
4844
4851
4860
4864
4874
4894
4906
4920
4923
4929
4946
4948
4952
4953
4959
4964
4965
4972
5011
5016
5062
5064
5066
5068
5072
5075
5084
5132
5139
5142
5166
5183
5185
5227
5240
5248
5294
5306
5307
5310
5325
5354
5355
5357
5366
5376
5387
5388
5414
5420
5460
5479
5506
5527
5539
5544
5556
5578
5584
5595
5608
5627
5634
5636
5661
5678
5704
5705
5715
5716
5717
5729
5735
5742
5748
5750
5751
5830
5876
5882
5884
5889
5891
5904
5905
