1 4 27
4 6 1
1 8 9
2 8 11
3 8 1
6 8 2
8 9 1
1 12 18
2 12 4
3 12 1
4 12 18
8 12 21
8 14 1
5 15 1
8 15 3
4 17 3
12 17 1
4 18 20
1 20 37
4 20 139
12 20 17
17 20 16
18 20 1
8 21 3
12 21 1
1 23 17
2 23 5
4 23 2
8 23 44
11 23 2
12 23 32
20 23 47
21 23 1
8 24 4
12 24 4
15 24 5
23 24 5
5 25 7
15 25 2
20 27 2
4 29 1
8 30 3
4 32 6
20 33 14
24 33 6
8 38 1
20 38 1
23 38 5
8 39 4
4 41 30
8 41 6
12 41 22
20 41 18
23 41 2
1 43 24
2 43 4
4 43 19
5 43 1
8 43 7
12 43 22
15 43 14
17 43 1
18 43 1
20 43 21
21 43 1
23 43 42
24 43 20
25 43 3
33 43 2
38 43 1
41 43 18
1 44 25
4 44 52
12 44 18
17 44 7
18 44 8
20 44 152
23 44 2
32 44 6
33 44 1
41 44 18
43 44 23
4 45 1
20 45 17
44 45 1
8 46 3
12 46 2
23 46 1
24 46 1
5 47 119
12 47 1
15 47 2
25 47 170
43 47 2
8 49 3
4 51 18
8 51 1
12 51 17
20 51 19
43 51 17
44 51 17
8 52 4
12 52 4
23 52 5
24 52 4
20 53 2
5 54 5
6 54 3
15 54 2
25 54 76
30 54 1
43 54 2
47 54 5
2 55 24
5 55 274
15 55 2
21 55 4
25 55 270
43 55 4
46 55 1
47 55 465
54 55 11
1 56 3
2 56 7
3 56 4
8 56 10
12 56 8
17 56 1
20 56 1
23 56 9
36 56 1
38 56 1
41 56 3
43 56 8
52 56 4
1 57 25
4 57 21
8 57 1
12 57 25
15 57 2
17 57 11
18 57 1
20 57 124
23 57 16
24 57 5
38 57 1
41 57 19
43 57 35
44 57 35
46 57 2
51 57 17
52 57 3
55 57 1
56 57 4
8 58 1
8 59 7
1 61 8
2 61 17
3 61 7
4 61 1
8 61 82
11 61 1
12 61 23
15 61 4
20 61 38
21 61 4
23 61 55
24 61 4
38 61 1
41 61 13
43 61 12
46 61 2
47 61 3
51 61 1
52 61 4
55 61 54
56 61 13
57 61 5
58 61 4
4 62 1
54 62 1
1 63 37
2 63 126
4 63 2
5 63 1
8 63 47
9 63 2
11 63 1
12 63 54
14 63 1
15 63 2
20 63 40
21 63 2
23 63 181
24 63 4
28 63 16
38 63 2
40 63 1
41 63 23
43 63 21
44 63 2
46 63 1
47 63 1
51 63 5
52 63 15
55 63 1
56 63 17
57 63 10
58 63 2
61 63 160
1 64 1
4 64 1
8 64 4
12 64 5
15 64 1
23 64 9
24 64 5
26 64 1
41 64 1
43 64 3
44 64 1
46 64 1
52 64 2
53 64 1
56 64 1
57 64 20
61 64 5
63 64 8
4 65 3
63 66 1
20 68 2
20 69 1
8 70 4
55 72 1
63 72 3
15 73 2
25 73 4
33 73 1
37 73 23
43 73 3
55 73 2
8 74 3
23 74 2
43 74 2
63 74 5
4 75 1
8 75 2
61 75 1
63 75 1
8 76 3
12 76 4
15 76 1
23 76 4
24 76 3
56 76 2
57 76 1
61 76 5
63 76 4
64 76 2
3 77 3
8 77 8
12 77 7
23 77 10
24 77 2
43 77 2
46 77 1
52 77 4
56 77 1
57 77 7
61 77 20
63 77 8
64 77 5
76 77 3
25 78 1
63 78 2
8 79 2
23 79 2
43 79 1
63 79 34
4 80 1
8 80 1
54 83 3
4 84 25
44 84 3
4 85 1
8 85 13
12 85 4
23 85 10
43 85 5
56 85 1
57 85 1
61 85 11
63 85 21
5 86 1
15 86 2
25 86 2
33 86 7
37 86 3
43 86 2
47 86 17
50 86 5
54 86 9
55 86 17
69 86 2
71 86 25
73 86 1
5 87 151
47 87 39
55 87 172
73 87 1
86 87 1
54 88 1
73 88 4
86 88 2
25 89 4
5 90 9
15 90 2
25 90 83
43 90 2
47 90 12
54 90 107
55 90 5
71 90 4
73 90 4
78 90 2
85 90 6
86 90 82
87 90 1
63 91 1
4 92 14
20 92 1
43 92 1
44 92 1
57 92 1
1 93 12
2 93 12
3 93 1
4 93 1
8 93 7
9 93 2
14 93 3
17 93 1
18 93 1
20 93 2
21 93 4
23 93 38
28 93 2
32 93 2
38 93 9
41 93 3
43 93 14
44 93 1
51 93 1
55 93 2
56 93 6
57 93 7
61 93 5
63 93 57
74 93 4
79 93 2
85 93 9
92 93 1
4 95 1
8 95 1
55 95 21
63 95 2
86 95 1
4 97 3
8 97 1
86 97 1
4 98 1
86 99 1
20 100 3
8 101 2
23 102 10
56 102 1
64 102 1
93 102 1
54 103 6
90 103 13
5 104 5
7 104 1
8 104 1
15 104 11
21 104 1
23 104 4
25 104 160
32 104 1
43 104 74
47 104 110
54 104 5
55 104 183
57 104 6
61 104 12
73 104 31
86 104 17
90 104 4
93 104 23
100 104 4
4 106 1
4 107 1
8 107 1
1 108 22
4 108 94
5 108 1
12 108 17
15 108 22
17 108 2
18 108 3
20 108 230
23 108 8
24 108 22
25 108 2
26 108 1
32 108 2
38 108 1
41 108 18
43 108 106
44 108 55
47 108 4
51 108 17
54 108 4
55 108 4
56 108 1
57 108 45
61 108 5
63 108 5
64 108 2
73 108 15
77 108 2
84 108 2
86 108 7
90 108 2
92 108 1
93 108 11
99 108 1
104 108 43
4 109 17
20 109 1
43 109 1
44 109 8
57 109 1
93 109 1
108 109 3
8 111 1
23 111 1
56 111 2
63 111 7
64 111 1
86 111 6
93 111 1
8 112 3
20 112 37
44 112 2
61 112 1
63 112 1
86 112 26
4 113 1
20 113 1
43 113 1
44 113 4
57 113 1
93 113 1
108 113 1
2 114 4
5 114 396
15 114 3
25 114 13
43 114 2
47 114 239
54 114 6
55 114 408
63 114 1
72 114 1
73 114 9
75 114 1
85 114 1
86 114 18
87 114 263
90 114 6
93 114 1
104 114 24
108 114 12
1 115 4
2 115 22
3 115 2
8 115 9
11 115 6
12 115 8
15 115 1
21 115 1
23 115 23
41 115 4
43 115 5
52 115 1
55 115 1
56 115 26
57 115 3
58 115 3
61 115 3
63 115 30
72 115 1
74 115 1
77 115 103
85 115 3
93 115 6
1 116 33
4 116 130
8 116 4
12 116 21
17 116 9
18 116 1
20 116 819
23 116 54
24 116 4
32 116 1
33 116 2
38 116 1
41 116 18
43 116 24
44 116 90
45 116 5
46 116 1
51 116 17
52 116 3
56 116 3
57 116 108
61 116 43
63 116 49
64 116 2
76 116 3
77 116 1
92 116 1
93 116 3
104 116 3
108 116 216
109 116 1
112 116 2
113 116 1
115 116 1
8 117 7
23 117 9
43 117 4
54 117 4
56 117 4
61 117 5
63 117 20
93 117 9
115 117 7
1 118 1
3 118 1
4 118 1
8 118 7
12 118 8
17 118 1
20 118 1
23 118 13
24 118 5
33 118 1
41 118 1
43 118 3
44 118 1
45 118 1
46 118 2
52 118 2
56 118 6
57 118 15
61 118 5
63 118 8
64 118 10
76 118 3
77 118 4
108 118 2
115 118 5
116 118 2
4 120 1
6 123 1
8 123 1
30 123 1
39 123 1
71 123 1
86 123 7
90 123 19
97 123 6
112 123 1
1 125 39
2 125 2
4 125 135
8 125 2
12 125 18
17 125 10
18 125 3
20 125 763
21 125 1
23 125 30
32 125 2
33 125 2
38 125 2
41 125 19
43 125 25
44 125 167
45 125 5
51 125 17
56 125 3
57 125 84
61 125 13
63 125 17
64 125 1
73 125 1
74 125 2
79 125 1
84 125 1
85 125 3
92 125 1
93 125 6
104 125 4
108 125 240
109 125 2
112 125 2
113 125 1
116 125 555
117 125 2
118 125 1
4 127 2
20 127 2
23 127 1
44 127 4
61 127 1
63 127 1
116 127 2
118 127 1
125 127 1
8 128 1
61 128 10
63 128 2
90 128 1
93 128 1
8 129 4
20 129 1
23 129 3
43 129 1
55 129 1
56 129 4
57 129 1
61 129 4
63 129 11
93 129 8
108 129 1
115 129 10
116 129 1
125 129 2
4 130 20
8 130 2
12 130 1
20 130 2
23 130 2
43 130 2
44 130 5
55 130 8
56 130 1
57 130 2
61 130 4
63 130 2
93 130 4
108 130 4
116 130 2
125 130 4
4 131 15
1 132 1
2 132 1
3 132 2
5 132 195
8 132 1
12 132 1
15 132 7
25 132 71
43 132 62
47 132 81
54 132 10
55 132 505
58 132 2
61 132 59
63 132 1
73 132 4
77 132 1
83 132 1
86 132 8
87 132 92
90 132 4
95 132 1
104 132 87
108 132 25
114 132 428
118 132 1
57 133 1
4 136 2
5 136 1
8 136 6
12 136 4
20 136 62
23 136 12
47 136 1
54 136 9
55 136 1
61 136 23
63 136 17
86 136 70
93 136 1
114 136 1
116 136 7
118 136 1
123 136 5
125 136 2
132 136 1
1 137 1
2 137 36
4 137 3
6 137 1
17 137 1
18 137 2
20 137 1
29 137 1
32 137 3
41 137 3
42 137 2
43 137 1
44 137 4
51 137 1
54 137 38
57 137 1
62 137 4
65 137 1
71 137 8
75 137 1
80 137 1
84 137 2
85 137 1
86 137 14
87 137 1
90 137 19
92 137 1
93 137 1
95 137 1
97 137 1
107 137 1
108 137 1
109 137 2
111 137 6
113 137 1
114 137 13
116 137 1
120 137 1
125 137 1
130 137 3
131 137 1
136 137 17
20 138 1
56 138 8
77 138 1
40 139 2
56 139 4
85 139 1
120 139 1
137 139 1
1 140 6
2 140 15
3 140 1
4 140 1
8 140 15
12 140 16
20 140 24
23 140 52
24 140 6
26 140 2
41 140 2
43 140 14
44 140 2
46 140 2
52 140 7
56 140 20
57 140 14
58 140 1
61 140 71
63 140 89
64 140 10
76 140 4
77 140 17
85 140 2
93 140 6
104 140 4
108 140 11
111 140 3
115 140 9
116 140 30
117 140 1
118 140 11
125 140 12
129 140 5
136 140 1
8 141 21
93 141 4
104 141 2
123 141 1
139 141 2
1 142 1
2 142 2
3 142 2
12 142 1
21 142 2
33 142 1
39 142 1
41 142 5
59 142 2
61 142 2
71 142 14
77 142 1
85 142 2
86 142 93
90 142 12
97 142 2
118 142 1
123 142 20
130 142 2
132 142 1
136 142 89
137 142 3
5 143 1
8 143 3
25 143 3
26 143 1
30 143 2
39 143 2
49 143 2
54 143 8
55 143 4
59 143 2
70 143 3
83 143 1
86 143 1
90 143 26
101 143 2
103 143 1
114 143 16
117 143 1
128 143 1
137 143 16
141 143 2
4 144 1
20 144 1
43 144 1
44 144 2
57 144 1
73 144 16
93 144 2
108 144 2
116 144 1
125 144 2
137 144 1
4 145 1
8 145 3
137 145 1
143 145 2
77 146 1
1 147 2
2 147 42
3 147 3
8 147 6
12 147 4
17 147 1
21 147 2
33 147 1
40 147 13
41 147 2
45 147 1
55 147 24
56 147 2
61 147 43
63 147 17
72 147 7
75 147 16
77 147 1
80 147 18
85 147 2
93 147 2
95 147 9
111 147 3
115 147 4
118 147 1
130 147 2
132 147 19
136 147 3
140 147 10
142 147 2
8 148 5
12 148 3
23 148 2
43 148 1
55 148 6
61 148 8
63 148 13
93 148 5
104 148 1
115 148 1
125 148 1
140 148 2
142 148 2
147 148 2
