# Local nodes
8
11
13
23
26
27
29
30
31
32
33
34
36
39
42
46
53
54
63
65
67
68
73
74
77
79
80
81
83
86
89
94
96
101
105
106
107
110
113
114
115
118
119
120
122
123
128
130
132
135
136
137
141
150
151
154
158
166
172
173
174
175
176
184
186
189
191
195
202
203
204
209
210
211
212
217
218
219
221
223
225
229
230
231
233
235
247
248
251
254
255
256
258
261
268
272
274
276
277
279
281
284
289
290
292
295
296
299
300
301
306
307
308
309
311
316
319
329
330
332
333
334
335
342
344
347
349
351
352
354
355
358
359
362
363
365
370
376
378
379
380
382
383
386
387
388
389
393
398
400
401
403
408
411
413
415
416
425
427
429
439
441
442
446
447
454
455
456
457
460
461
464
465
471
473
477
481
485
488
489
490
492
496
499
500
503
504
505
513
516
517
518
523
524
526
527
529
532
536
537
538
539
542
547
549
550
552
557
561
567
574
576
581
582
584
588
589
590
592
597
598
599
600
603
605
606
608
609
610
612
613
614
616
617
622
623
640
643
649
653
655
658
659
663
666
670
679
681
682
683
685
688
690
691
696
699
701
706
711
717
719
722
723
726
730
733
737
739
742
744
745
746
747
753
765
767
771
775
777
780
783
786
787
788
793
794
795
803
805
811
814
815
817
818
820
821
822
823
824
825
832
837
843
844
846
850
851
852
855
856
863
871
874
875
877
879
880
883
884
890
893
894
895
896
902
905
907
912
917
920
924
925
926
928
932
933
935
936
938
940
941
947
958
960
964
968
969
977
983
984
985
988
990
991
992
995
997
1000
1003
1004
1007
1010
1014
1015
1016
1017
1022
1023
1026
1027
1028
1031
1035
1041
1042
1043
1045
1048
1053
1056
1057
1062
1063
1064
1065
1066
1073
1077
1078
1079
1082
1085
1086
1091
1092
1094
1095
1099
1100
1102
1104
1106
1109
1113
1114
1118
1119
1123
1125
1126
1127
1131
1134
1139
1141
1143
1144
1146
1147
1152
1155
1158
1162
1165
1166
1176
1179
1180
1181
1187
1188
1191
1192
1193
1194
1196
1197
1198
1200
1204
1205
1207
1209
1210
1211
1213
1217
1225
1230
1231
1237
1241
1242
1246
1251
1265
1268
1270
1271
1272
1274
1276
1277
1278
1288
1289
1298
1299
1300
1301
1302
1305
1310
1312
1313
1314
1318
1323
1338
1339
1341
1342
1343
1346
1347
1348
1350
1352
1356
1358
1361
1362
1363
1364
1366
1371
1376
1378
1379
1381
1384
1388
1389
1393
1398
1400
1404
1410
1414
1421
1422
1423
1426
1427
1431
1434
1438
1440
1441
1443
1447
1453
1459
1462
1470
1472
1474
1476
1477
1478
1480
1481
1482
1484
1489
1492
1495
1496
1499
1501
1502
1505
1508
1510
1513
1514
1517
1518
1520
1521
1525
1526
1530
1533
1536
1541
1542
1543
1544
1553
1559
1568
1575
1576
1581
1587
1588
1589
1591
1595
1599
1603
1605
1606
1614
1617
1620
1623
1624
1627
1628
1633
1634
1636
1641
1642
1643
1644
1645
1647
1651
1652
1653
1654
1655
1658
1660
1663
1665
1666
1668
1670
1673
1674
1678
1682
1683
1686
1689
1691
1692
1693
1703
1704
1706
1709
1710
1711
1713
1714
1723
1727
1729
1730
1731
1736
1737
1738
1739
1741
1745
1746
1747
1749
1750
1751
1752
1753
1754
1755
1756
1758
1760
1766
1767
1772
1773
1774
1780
1781
1783
1784
1786
1787
1788
1789
1792
1793
1794
1798
1799
1800
1803
1805
1807
1808
1809
1811
1814
1817
1824
1825
1827
1829
1838
1839
1840
1842
1846
1847
1850
1852
1853
1854
1855
1858
1859
1860
1863
1864
1865
1869
1881
1884
1891
1893
1894
1897
1899
1901
1902
1910
1912
1913
1915
1916
1917
1921
1923
1925
1926
1927
1930
1932
1934
1941
1942
1946
1947
1948
1952
1955
1957
1958
1960
1962
1966
1968
1969
1970
1973
1974
1975
1984
1986
1987
1988
1989
1990
1999
2001
2002
2003
2004
2005
2009
2016
2018
2026
2029
2036
2041
2042
2043
2050
2052
2059
2066
2067
2068
2071
2082
2083
2084
2097
2098
2099
2102
2105
2109
2112
2114
2115
2120
2122
2125
2127
2128
2132
2134
2135
2137
2139
2144
2146
2147
2149
2153
2161
2164
2169
2172
2173
2174
2176
2178
2181
2189
2195
2196
2199
2203
2211
2213
2214
2215
2216
2219
2220
2223
2224
2232
2233
2236
2239
2242
2248
2250
2253
2255
2256
2257
2259
2275
2276
2278
2282
2283
2284
2287
2294
2298
2300
2307
2310
2313
2317
2320
2324
2325
2328
2329
2335
2342
2344
2346
2352
2355
2356
2357
2358
2361
2362
2367
2368
2369
2371
2373
2374
2375
2377
2385
2388
2390
2391
2392
2393
2401
2403
2404
2405
2406
2408
2420
2424
2427
2429
2434
2441
2444
2445
2447
2450
2453
2456
2465
2466
2467
2470
2472
2473
2475
2479
2480
2481
2483
2485
2488
2491
2492
2493
2496
2500
2501
2502
2503
2505
2508
2509
2512
2515
2516
2518
2519
2520
2521
2523
2526
2531
2534
2535
2537
2547
2551
2561
2562
2572
2578
2579
2580
2581
2586
2588
2591
2593
2595
2598
2599
2602
2607
2608
2609
2613
2614
2617
2618
2619
2622
2626
2628
2629
2630
2631
2632
2637
2642
2645
2646
2648
2650
2657
2658
2662
2666
2669
2671
2678
2681
2683
2688
2689
2690
2691
2693
2695
2696
2697
2703
2704
2707
2709
2714
2715
2716
2717
2719
2720
2723
2725
2728
2729
2731
2732
2738
2740
2743
2744
2749
2753
2758
2761
2763
2767
2768
2770
2776
2777
2781
2786
2791
2793
2795
2796
2801
2804
2810
2813
2816
2818
2819
2823
2829
2831
2839
2841
2843
2847
2848
2854
2855
2858
2859
2860
2862
2863
2867
2869
2872
2873
2874
2879
2881
2882
2883
2884
2885
2886
2893
2894
2898
2904
2906
2909
2918
2921
2927
2929
2931
2932
2934
2936
2937
2940
2944
2949
2951
2953
2955
2956
2957
2958
2959
2960
2963
2966
2969
2970
2976
2977
2978
2983
2985
2986
2988
2993
3001
3004
3007
3019
3020
3021
3022
3024
3025
3028
3031
3032
3041
3042
3043
3049
3050
3051
3052
3055
3058
3060
3065
3069
3070
3076
3077
3078
3081
3082
3083
3085
3086
3088
3090
3091
3092
3094
3096
3100
3106
3107
3110
3111
3114
3115
3118
3120
3123
3127
3128
3131
3138
3139
3144
3147
3151
3156
3158
3163
3164
3165
3166
3172
3174
3176
3177
3178
3189
3190
3191
3193
3194
3197
3199
3204
3205
3207
3210
3213
3215
3219
3222
3223
3224
3225
3228
3230
3231
3233
3234
3235
3241
3243
3244
3246
3248
3252
3255
3257
3262
3263
3266
3268
3269
3270
3271
3272
3278
3281
3282
3285
3287
3292
3293
3294
3298
3299
3306
3319
3322
3324
3331
3334
3335
3336
3340
3343
3344
3346
3352
3354
3358
3363
3364
3365
3370
3373
3379
3380
3383
3392
3393
3394
3395
3397
3398
3400
3402
3404
3408
3409
3410
3411
3414
3417
3418
3420
3423
3424
3425
3428
3434
3437
3438
3439
3440
3441
3445
3451
3455
3456
3457
3459
3460
3461
3462
3465
3466
3468
3469
3470
3476
3478
3486
3487
3488
3490
3491
3496
3497
3499
3500
3508
3509
3511
3513
3514
3516
3517
3518
3519
3525
3526
3527
3533
3534
3535
3536
3539
3543
3545
3547
3549
3553
3554
3557
3561
3565
3569
3571
3573
3574
3576
3578
3582
3585
3587
3592
3594
3596
3597
3598
3606
3612
3613
3617
3620
3625
3627
3628
3629
3631
3632
3633
3634
3635
3636
3641
3642
3646
3647
3649
3652
3658
3670
3672
3675
3676
3678
3680
3686
3690
3691
3692
3701
3705
3707
3709
3711
3714
3719
3720
3723
3725
3730
3731
3732
3734
3735
3737
3740
3744
3754
3755
3757
3759
3766
3767
3771
3772
3777
3780
3781
3782
3785
3786
3791
3792
3793
3794
3795
3797
3799
3801
3804
3806
3807
3808
3809
3813
3815
3825
3829
3831
3832
3844
3848
3850
3852
3855
3856
3860
3862
3863
3865
3867
3868
3869
3871
3872
3875
3879
3891
3895
3896
3899
3901
3903
3906
3907
3909
3913
3915
3916
3918
3925
3926
3927
3931
3933
3935
3937
3938
3943
3947
3952
3958
3964
3967
3968
3969
3970
3972
3973
3974
3975
3977
3978
3980
3981
3987
3988
3993
3996
3997
3999
4003
4008
4010
4011
4012
4023
4026
4032
4034
4038
4039
4041
4044
4050
4053
4056
4057
4060
4061
4062
4063
4065
4068
4072
4076
4078
4080
4081
4086
4090
4091
4092
4093
4094
4096
4098
4099
4102
4103
4107
4109
4110
4111
4112
4113
4114
4115
4118
4119
4123
4124
4125
4126
4129
4130
4134
4135
4142
4147
4150
4152
4153
4160
4161
4162
4163
4166
4170
4178
4180
4181
4186
4188
4191
4194
4195
4196
4198
4200
4204
4206
4207
4208
4211
4212
4215
4216
4223
4229
4230
4231
4232
4234
4236
4237
4238
4239
4242
4243
4246
4248
4255
4256
4257
4260
4263
4265
4266
4270
4273
4274
4275
4279
4280
4284
4285
4286
4289
4290
4292
4294
4295
4301
4302
4315
4316
4317
4324
4326
4328
4330
4331
4334
4339
4340
4341
4346
4348
4349
4356
4358
4360
4362
4364
4366
4369
4371
4372
4373
4375
4378
4379
4386
4387
4389
4394
4399
4400
4401
4406
4408
4410
4418
4420
4421
4422
4425
4427
4429
4430
4432
4434
4442
4444
4446
4449
4455
4456
4459
4463
4464
4469
4470
4471
4476
4478
4480
4482
4483
4485
4489
4491
4494
4507
4512
4514
4517
4518
4521
4524
4525
4526
4528
4532
4533
4535
4538
4539
4547
4550
4552
4555
4556
4558
4562
4564
4566
4568
4569
4570
4571
4572
4576
4577
4578
4579
4584
4585
4587
4589
4591
4592
4595
4596
4597
4599
4602
4604
4607
4608
4610
4612
4618
4619
4620
4621
4622
4625
4635
4643
4648
4649
4653
4655
4656
4657
4660
4663
4664
4665
4667
4668
4669
4671
4673
4675
4677
4678
4679
4683
4684
4686
4689
4691
4692
4695
4699
4700
4702
4703
4704
4705
4709
4710
4711
4713
4720
4722
4729
4730
4731
4732
4734
4737
4740
4751
4755
4756
4757
4763
4767
4768
4772
4778
4779
4782
4784
4785
4787
4792
4793
4795
4798
4799
4806
4807
4808
4813
4820
4823
4831
4832
4837
4838
4840
4843
4844
4846
4849
4850
4854
4857
4861
4862
4874
4878
4880
4885
4887
4888
4889
4890
4892
4893
4897
4901
4903
4906
4916
4917
4919
4926
4927
4928
4941
4942
4948
4949
4952
4953
4955
4956
4959
4960
4962
4963
4964
4965
4966
4970
4972
4973
4974
4982
4985
4988
4989
4990
4991
4994
4995
4996
4997
4998
5001
5011
5015
5016
5020
5025
5026
5029
5030
5038
5041
5042
5048
5051
5052
5054
5059
5060
5066
5069
5070
5072
5075
5076
5079
5080
5081
5083
5088
5094
5097
5104
5105
5109
5113
5114
5117
5118
5124
5125
5130
5132
5135
5137
5141
5144
5147
5148
5150
5151
5152
5156
5157
5159
5160
5161
5162
5163
5164
5167
5169
5174
5176
5177
5178
5179
5180
5184
5189
5190
5191
5195
5200
5201
5203
5205
5206
5209
5212
5213
5215
5224
5225
5227
5228
5232
5235
5236
5237
5239
5241
5248
5251
5254
5255
5257
5262
5265
5268
5269
5271
5273
5274
5275
5277
5280
5287
5289
5290
5295
5296
5299
5307
5310
5311
5313
5323
5326
5333
5335
5341
5345
5346
5349
5358
5364
5371
5374
5377
5378
5382
5384
5385
5390
5393
5395
5403
5404
5411
5414
5415
5416
5418
5419
5421
5422
5423
5424
5425
5433
5434
5435
5436
5439
5441
5442
5445
5449
5454
5456
5457
5460
5461
5462
5464
5476
5480
5482
5486
5489
5492
5495
5497
5503
5505
5508
5510
5511
5512
5513
5516
5518
5520
5522
5523
5524
5525
5528
5529
5539
5540
5542
5544
5548
5550
5551
5553
5556
5559
5562
5568
5570
5577
5578
5579
5580
5582
5583
5585
5589
5590
5597
5598
5602
5605
5606
5608
5610
5613
5614
5628
5629
5634
5636
5638
5640
5643
5646
5650
5653
5656
5657
5660
5661
5663
5666
5673
5677
5682
5686
5691
5693
5694
5696
5697
5700
5701
5709
5712
5713
5714
5715
5725
5726
5733
5735
5743
5745
5747
5750
5751
5752
5753
5757
5764
5765
5766
5767
5770
5772
5773
5776
5778
5780
5781
5788
5790
5791
5793
5796
5797
5801
5802
5805
5808
5810
5811
5813
5815
5816
5818
5822
5826
5830
5833
5837
5838
5841
5852
5856
5868
5869
5870
5871
5873
5875
5878
5880
5881
5882
5889
5891
5895
5896
5898
5899
5901
5902
5903
5905
# Ghost nodes
12
18
22
40
61
69
70
91
95
97
98
108
112
116
131
133
143
147
155
168
179
190
222
239
264
271
280
282
298
302
320
406
420
426
434
479
484
493
494
510
515
519
531
541
563
568
570
571
587
626
630
632
633
648
660
684
697
703
705
707
724
741
755
769
770
784
806
873
878
885
918
923
962
965
973
994
996
1001
1006
1012
1061
1074
1075
1096
1111
1138
1142
1145
1149
1150
1159
1163
1168
1172
1199
1215
1222
1228
1234
1258
1266
1273
1282
1294
1309
1324
1333
1340
1357
1359
1360
1374
1383
1385
1390
1394
1396
1397
1402
1405
1406
1408
1448
1456
1458
1466
1468
1485
1511
1516
1519
1522
1535
1549
1557
1571
1572
1584
1590
1592
1594
1680
1684
1717
1722
1728
1732
1744
1776
1791
1796
1822
1832
1836
1843
1871
1904
1908
1928
1938
1961
1964
1965
1972
2017
2034
2064
2076
2086
2089
2094
2095
2121
2123
2152
2157
2167
2180
2186
2187
2209
2218
2231
2244
2245
2252
2264
2267
2277
2288
2296
2299
2306
2330
2366
2376
2386
2397
2398
2419
2433
2437
2463
2486
2495
2511
2527
2528
2558
2560
2565
2589
2612
2634
2641
2654
2684
2685
2698
2705
2727
2736
2745
2751
2757
2764
2778
2780
2788
2815
2824
2827
2830
2835
2851
2875
2890
2900
2919
2926
2938
2941
2942
2948
2964
2972
2979
2997
3006
3008
3009
3011
3013
3014
3026
3033
3036
3048
3063
3072
3073
3087
3095
3101
3104
3105
3117
3121
3124
3148
3159
3162
3175
3181
3203
3208
3211
3214
3237
3256
3267
3280
3284
3305
3313
3317
3320
3326
3347
3353
3367
3374
3385
3387
3396
3403
3405
3442
3464
3467
3472
3484
3495
3537
3541
3546
3550
3580
3583
3589
3595
3599
3603
3604
3608
3609
3615
3624
3656
3668
3669
3673
3696
3699
3718
3756
3761
3768
3779
3784
3803
3811
3812
3819
3841
3846
3853
3861
3870
3885
3904
3920
3940
3961
3962
4009
4014
4043
4074
4117
4156
4167
4168
4172
4177
4193
4217
4219
4253
4264
4277
4293
4298
4306
4314
4321
4322
4391
4395
4417
4424
4431
4440
4447
4479
4484
4496
4508
4516
4529
4549
4627
4674
4687
4707
4726
4743
4749
4750
4759
4789
4791
4796
4804
4815
4829
4839
4845
4873
4875
4938
4967
4975
4987
4993
5007
5018
5043
5065
5085
5086
5091
5099
5102
5106
5120
5128
5139
5211
5214
5243
5247
5253
5279
5288
5294
5309
5317
5325
5342
5343
5355
5359
5365
5369
5376
5379
5388
5389
5396
5401
5402
5412
5444
5446
5459
5467
5470
5471
5502
5519
5560
5566
5567
5571
5573
5584
5599
5615
5619
5621
5627
5667
5678
5681
5698
5705
5728
5729
5736
5763
5771
5779
5783
5785
5787
5800
5824
5825
5828
5884
5885
5904
5906
