# Local nodes
1
2
4
7
14
15
18
20
21
22
24
37
38
40
41
52
56
57
59
60
61
62
64
66
70
82
84
87
88
90
91
92
93
95
97
99
100
102
103
109
111
124
125
127
131
133
134
139
144
145
147
152
153
160
163
165
167
170
178
179
180
181
182
183
187
188
190
193
194
200
206
207
208
213
220
222
228
237
239
243
244
245
246
249
263
264
267
271
275
280
282
286
288
298
302
303
304
305
312
313
314
321
322
327
328
337
341
345
348
350
356
360
361
364
366
367
371
373
384
385
395
396
404
405
409
410
412
414
417
419
424
426
428
434
435
436
440
445
448
449
451
453
463
467
468
469
482
484
487
494
498
501
502
510
514
515
519
522
525
528
530
531
535
540
541
544
545
546
551
555
558
560
562
563
565
568
571
572
573
577
578
579
580
586
595
596
601
602
607
611
615
618
626
628
630
633
634
635
638
641
642
644
647
648
656
660
661
662
668
673
674
677
686
692
700
703
707
708
714
715
718
727
731
732
734
735
743
748
750
754
757
759
761
762
764
768
770
772
774
779
784
785
789
791
792
797
799
800
801
810
812
816
827
828
840
841
842
845
847
849
859
864
866
867
868
873
878
881
886
889
891
901
903
904
906
911
913
915
916
918
922
930
937
939
945
946
948
949
951
952
953
955
956
957
959
965
970
971
972
974
975
976
978
981
982
986
987
993
999
1001
1005
1008
1011
1012
1013
1018
1020
1021
1025
1029
1033
1037
1047
1051
1054
1058
1059
1060
1061
1074
1080
1083
1087
1090
1093
1096
1101
1112
1116
1117
1121
1122
1124
1129
1130
1132
1135
1136
1138
1140
1145
1148
1154
1157
1160
1170
1185
1190
1202
1212
1214
1215
1218
1219
1221
1222
1227
1228
1229
1232
1233
1234
1238
1239
1244
1245
1248
1249
1250
1254
1257
1258
1259
1261
1263
1273
1281
1283
1284
1285
1290
1291
1293
1294
1297
1304
1306
1307
1319
1324
1325
1327
1328
1329
1330
1331
1332
1334
1335
1337
1340
1345
1349
1353
1355
1357
1360
1372
1385
1386
1390
1394
1395
1396
1397
1399
1403
1405
1406
1407
1408
1409
1416
1417
1424
1428
1429
1436
1439
1448
1449
1450
1452
1454
1455
1456
1457
1463
1465
1469
1479
1483
1487
1488
1490
1493
1494
1497
1509
1511
1512
1516
1519
1524
1529
1534
1535
1538
1540
1545
1548
1550
1551
1552
1554
1561
1562
1563
1566
1569
1570
1571
1572
1573
1579
1580
1582
1583
1584
1586
1590
1597
1600
1601
1602
1604
1609
1610
1612
1613
1615
1618
1626
1629
1637
1640
1646
1648
1650
1656
1661
1662
1664
1672
1680
1685
1688
1690
1694
1696
1707
1716
1717
1722
1725
1726
1740
1742
1757
1759
1761
1764
1765
1768
1770
1771
1775
1776
1777
1779
1782
1785
1790
1791
1795
1797
1801
1804
1806
1812
1818
1819
1821
1822
1832
1841
1844
1845
1851
1856
1857
1861
1862
1867
1871
1873
1879
1880
1883
1886
1892
1895
1900
1904
1908
1911
1918
1928
1936
1938
1939
1949
1951
1953
1959
1963
1964
1965
1967
1971
1977
1979
1982
1983
1991
1993
1995
1997
1998
2000
2006
2008
2010
2013
2014
2017
2021
2024
2025
2028
2030
2032
2034
2035
2044
2047
2048
2049
2056
2058
2060
2061
2062
2070
2072
2073
2074
2075
2076
2077
2080
2085
2087
2088
2090
2091
2104
2107
2108
2110
2111
2113
2118
2121
2124
2126
2130
2131
2133
2136
2140
2141
2145
2150
2151
2152
2154
2155
2157
2160
2162
2165
2166
2168
2170
2177
2180
2183
2186
2187
2188
2190
2194
2197
2200
2201
2202
2204
2206
2209
2210
2212
2217
2222
2227
2231
2235
2240
2244
2246
2247
2251
2254
2258
2261
2262
2263
2264
2265
2267
2269
2277
2279
2280
2281
2289
2293
2296
2299
2304
2305
2309
2311
2314
2315
2318
2319
2321
2322
2330
2331
2332
2333
2338
2339
2340
2341
2343
2345
2347
2351
2353
2354
2363
2364
2365
2370
2379
2380
2382
2386
2387
2389
2394
2397
2398
2402
2407
2409
2412
2413
2414
2415
2417
2419
2422
2425
2426
2431
2433
2436
2439
2442
2443
2448
2452
2458
2461
2462
2463
2468
2471
2474
2477
2484
2486
2490
2494
2506
2510
2513
2522
2525
2528
2529
2530
2536
2538
2542
2543
2546
2548
2549
2559
2560
2563
2564
2565
2566
2568
2570
2574
2575
2582
2584
2587
2592
2597
2606
2610
2612
2615
2616
2620
2621
2623
2633
2634
2651
2652
2653
2660
2664
2668
2670
2673
2674
2675
2684
2685
2692
2698
2699
2700
2706
2708
2718
2721
2722
2726
2733
2734
2736
2739
2742
2748
2751
2752
2757
2766
2771
2772
2773
2775
2779
2780
2784
2785
2789
2797
2799
2802
2806
2807
2812
2815
2817
2820
2821
2824
2825
2826
2828
2830
2832
2833
2834
2836
2837
2838
2844
2846
2849
2853
2856
2857
2864
2866
2868
2875
2877
2878
2880
2887
2888
2889
2892
2896
2901
2902
2907
2908
2910
2911
2913
2914
2920
2922
2923
2925
2926
2928
2933
2935
2938
2939
2942
2943
2948
2950
2954
2961
2964
2968
2972
2973
2975
2982
2984
2989
2991
2992
2996
2997
2999
3000
3005
3009
3010
3011
3012
3015
3023
3029
3034
3036
3037
3045
3047
3054
3056
3057
3061
3062
3064
3067
3072
3074
3079
3080
3084
3089
3097
3101
3103
3108
3109
3117
3124
3125
3129
3132
3137
3142
3143
3148
3150
3153
3157
3159
3169
3171
3173
3175
3179
3180
3181
3182
3183
3184
3185
3186
3187
3192
3196
3200
3208
3211
3218
3220
3226
3229
3232
3237
3239
3249
3250
3258
3261
3265
3267
3273
3274
3276
3279
3280
3284
3290
3297
3300
3301
3305
3307
3308
3313
3315
3317
3318
3320
3321
3323
3325
3326
3328
3329
3330
3333
3337
3338
3339
3347
3350
3355
3356
3357
3359
3360
3361
3362
3366
3367
3368
3375
3378
3385
3386
3387
3389
3390
3391
3396
3403
3405
3406
3407
3412
3415
3421
3422
3427
3431
3432
3435
3442
3444
3446
3447
3448
3452
3453
3454
3458
3471
3472
3473
3480
3481
3482
3484
3492
3495
3498
3502
3505
3506
3512
3523
3524
3530
3531
3538
3541
3546
3548
3550
3559
3566
3567
3568
3572
3577
3579
3583
3593
3595
3599
3602
3603
3604
3605
3607
3609
3610
3611
3615
3619
3621
3624
3626
3630
3637
3639
3644
3650
3656
3657
3659
3660
3661
3663
3664
3669
3671
3673
3674
3677
3679
3685
3688
3689
3693
3695
3696
3698
3699
3703
3712
3713
3717
3718
3721
3722
3726
3733
3739
3743
3746
3749
3752
3761
3768
3773
3775
3776
3779
3796
3800
3803
3805
3812
3814
3819
3820
3822
3823
3827
3830
3836
3839
3841
3843
3845
3847
3849
3853
3854
3857
3858
3859
3861
3864
3866
3881
3882
3884
3885
3886
3887
3892
3893
3897
3898
3902
3905
3910
3914
3917
3919
3930
3936
3940
3942
3944
3946
3954
3955
3956
3957
3961
3962
3965
3966
3976
3979
3983
3984
3985
3986
3990
3994
3995
4005
4006
4014
4015
4016
4017
4018
4024
4028
4031
4036
4037
4042
4052
4055
4058
4059
4064
4067
4070
4071
4073
4075
4079
4084
4085
4087
4089
4095
4104
4106
4117
4120
4128
4136
4143
4148
4149
4151
4156
4158
4159
4183
4189
4190
4192
4193
4201
4202
4205
4210
4214
4217
4219
4225
4226
4227
4228
4233
4244
4247
4254
4261
4262
4267
4277
4288
4296
4297
4298
4300
4303
4305
4306
4308
4313
4314
4318
4319
4321
4323
4325
4327
4329
4332
4333
4335
4337
4342
4343
4345
4347
4352
4354
4355
4363
4368
4374
4376
4382
4383
4390
4391
4395
4396
4404
4405
4409
4413
4414
4415
4416
4419
4423
4424
4431
4439
4440
4450
4451
4465
4467
4474
4475
4479
4481
4486
4488
4490
4496
4497
4499
4500
4502
4505
4506
4509
4510
4511
4513
4516
4519
4527
4529
4530
4536
4542
4546
4554
4573
4575
4580
4583
4594
4600
4601
4605
4606
4614
4616
4617
4627
4629
4632
4633
4636
4638
4642
4645
4651
4652
4654
4658
4661
4662
4670
4676
4682
4688
4690
4693
4694
4696
4697
4706
4707
4715
4716
4718
4719
4721
4725
4726
4728
4733
4735
4736
4741
4745
4747
4752
4754
4759
4764
4766
4774
4775
4780
4781
4786
4788
4789
4791
4796
4797
4802
4805
4809
4811
4815
4816
4817
4818
4821
4822
4824
4825
4830
4834
4835
4839
4842
4845
4848
4851
4853
4859
4860
4863
4864
4865
4866
4867
4868
4872
4873
4875
4876
4879
4883
4891
4894
4895
4896
4900
4904
4905
4907
4908
4910
4912
4918
4920
4921
4923
4925
4929
4930
4931
4932
4936
4938
4939
4946
4957
4961
4967
4968
4969
4971
4975
4979
4981
4993
4999
5006
5007
5008
5009
5017
5019
5023
5024
5033
5036
5037
5039
5043
5045
5046
5049
5050
5055
5056
5061
5062
5064
5068
5071
5073
5074
5082
5084
5086
5090
5098
5100
5102
5103
5106
5108
5110
5112
5116
5119
5122
5128
5131
5133
5134
5136
5139
5142
5149
5153
5155
5166
5168
5171
5172
5175
5183
5185
5188
5192
5198
5204
5211
5220
5221
5226
5229
5234
5238
5240
5243
5246
5258
5264
5272
5276
5279
5282
5285
5286
5288
5294
5297
5298
5300
5301
5302
5303
5305
5306
5309
5314
5319
5321
5322
5325
5327
5328
5329
5332
5336
5337
5342
5343
5344
5348
5351
5352
5354
5355
5356
5357
5361
5362
5366
5368
5372
5373
5376
5380
5387
5388
5392
5396
5397
5407
5410
5417
5420
5430
5438
5440
5444
5452
5453
5459
5463
5468
5469
5470
5471
5473
5475
5477
5479
5481
5483
5485
5490
5493
5494
5496
5499
5501
5502
5506
5514
5521
5526
5527
5531
5532
5533
5535
5536
5538
5543
5545
5547
5554
5557
5560
5561
5565
5567
5569
5572
5575
5576
5584
5587
5592
5595
5600
5601
5609
5611
5615
5616
5618
5620
5623
5625
5626
5627
5630
5633
5635
5647
5651
5655
5659
5664
5667
5668
5669
5672
5674
5675
5676
5678
5684
5685
5687
5692
5698
5702
5704
5705
5706
5710
5711
5716
5717
5718
5722
5724
5728
5729
5730
5734
5737
5738
5740
5742
5748
5749
5759
5761
5771
5775
5777
5782
5784
5787
5794
5799
5809
5819
5820
5821
5823
5827
5836
5843
5845
5849
5851
5857
5862
5865
5867
5876
5879
5884
5887
5888
5894
5900
5904
5906
5907
# Ghost nodes
0
3
11
25
63
67
71
77
80
112
126
128
137
146
155
172
175
191
192
209
227
231
248
253
293
329
377
394
413
423
442
447
450
462
477
490
492
496
505
517
584
589
598
654
683
690
691
694
726
733
736
775
787
821
837
854
858
860
869
875
876
877
895
896
927
928
929
933
996
997
1003
1014
1015
1016
1064
1067
1077
1091
1115
1118
1137
1155
1172
1184
1196
1199
1205
1230
1246
1252
1265
1292
1298
1323
1339
1342
1350
1356
1363
1374
1381
1383
1388
1426
1434
1441
1459
1466
1474
1506
1508
1521
1541
1553
1581
1588
1594
1595
1603
1625
1644
1654
1665
1691
1697
1706
1714
1723
1799
1811
1824
1827
1836
1842
1853
1855
1864
1868
1881
1909
1947
1961
1966
1973
1985
1987
2018
2023
2042
2046
2059
2094
2097
2134
2143
2153
2213
2218
2229
2236
2239
2245
2275
2276
2292
2297
2298
2307
2326
2334
2335
2346
2362
2369
2371
2375
2390
2406
2408
2420
2429
2432
2437
2485
2502
2505
2511
2539
2595
2599
2607
2614
2624
2630
2639
2647
2654
2690
2693
2695
2723
2745
2760
2777
2786
2788
2811
2848
2851
2858
2874
2900
2917
2929
2930
2937
2944
2951
2957
2983
2985
3008
3018
3020
3030
3043
3048
3068
3081
3083
3085
3086
3090
3094
3099
3119
3140
3151
3162
3166
3172
3178
3257
3263
3268
3282
3288
3294
3304
3306
3334
3345
3370
3379
3380
3388
3393
3395
3398
3401
3402
3425
3457
3460
3496
3508
3509
3518
3519
3526
3569
3571
3576
3622
3662
3680
3686
3719
3770
3781
3806
3811
3833
3835
3840
3842
3846
3860
3868
3879
3888
3901
3904
3907
3923
3931
3947
3977
3987
4013
4019
4020
4023
4032
4039
4080
4081
4082
4096
4107
4108
4115
4119
4121
4132
4135
4145
4155
4175
4176
4184
4212
4238
4253
4274
4291
4299
4316
4339
4341
4344
4398
4402
4408
4417
4447
4454
4473
4478
4498
4501
4517
4521
4523
4525
4537
4539
4541
4547
4549
4555
4557
4585
4607
4620
4621
4622
4648
4672
4692
4701
4708
4761
4768
4772
4792
4793
4813
4819
4852
4874
4878
4898
4915
4951
4952
4955
4966
4982
5016
5025
5027
5029
5034
5038
5066
5072
5091
5093
5118
5125
5148
5163
5167
5206
5209
5236
5241
5253
5263
5267
5299
5308
5311
5312
5317
5324
5346
5369
5371
5391
5412
5416
5441
5449
5457
5510
5520
5523
5524
5558
5559
5573
5574
5612
5621
5644
5662
5683
5732
5750
5760
5763
5800
5817
5830
5872
5881
5882
5889
5897
