1 2 19
2 3 3
1 4 27
1 6 1
4 6 1
1 8 9
2 8 11
6 8 2
1 9 1
2 9 2
1 11 6
2 11 6
1 12 18
2 12 4
1 14 1
2 14 1
1 17 3
1 18 2
6 19 9
1 20 37
1 21 3
2 21 6
3 21 3
7 21 1
8 21 3
9 21 3
12 21 1
14 21 1
1 23 17
2 23 5
11 23 2
21 23 1
7 28 5
9 28 3
14 28 5
19 28 3
1 29 31
4 29 1
6 29 17
19 29 5
28 29 1
6 30 2
1 32 1
1 33 1
11 37 4
19 37 4
1 38 2
2 38 1
21 38 1
6 39 5
8 39 4
30 39 2
2 40 50
9 40 1
11 40 1
30 40 2
39 40 1
1 41 94
2 41 19
3 41 3
4 41 30
6 41 16
8 41 6
9 41 1
11 41 5
12 41 22
14 41 1
19 41 5
20 41 18
21 41 4
23 41 2
28 41 16
29 41 62
38 41 1
39 41 2
1 43 24
2 43 4
21 43 1
41 43 18
1 44 25
41 44 18
1 45 1
11 48 6
19 48 2
6 49 1
39 49 3
11 50 2
1 51 69
2 51 2
4 51 18
6 51 10
8 51 1
9 51 4
12 51 17
14 51 1
20 51 19
21 51 1
28 51 19
29 51 45
40 51 1
41 51 99
43 51 17
44 51 17
1 52 2
6 54 3
2 55 24
21 55 4
1 56 3
2 56 7
41 56 3
1 57 25
41 57 19
51 57 17
1 58 6
2 58 10
6 58 7
8 58 1
11 58 10
37 58 3
41 58 5
48 58 4
50 58 2
6 59 2
8 59 7
19 59 1
29 59 1
30 59 2
37 59 10
39 59 28
41 59 18
49 59 3
51 59 2
28 60 4
1 61 8
2 61 17
11 61 1
21 61 4
41 61 13
51 61 1
58 61 4
1 62 21
4 62 1
6 62 28
19 62 10
29 62 41
41 62 77
51 62 44
54 62 1
58 62 1
1 63 37
2 63 126
11 63 1
21 63 2
28 63 16
40 63 1
41 63 23
51 63 5
58 63 2
1 64 1
41 64 1
1 65 32
4 65 3
6 65 295
19 65 6
28 65 5
29 65 47
39 65 1
41 65 89
51 65 46
59 65 3
62 65 77
1 66 5
2 66 2
11 66 2
19 66 1
37 66 1
41 66 4
48 66 1
58 66 2
63 66 1
65 66 1
6 70 153
8 70 4
19 70 1
30 70 2
39 70 71
49 70 3
59 70 30
62 70 6
65 70 97
66 70 2
1 71 3
6 71 8
29 71 2
41 71 1
51 71 1
62 71 9
65 71 26
70 71 2
1 72 4
2 72 99
9 72 1
11 72 3
40 72 42
41 72 2
51 72 1
55 72 1
58 72 5
63 72 3
66 72 1
1 74 13
2 74 10
6 74 7
8 74 3
9 74 1
11 74 6
14 74 1
21 74 3
23 74 2
29 74 1
30 74 3
38 74 1
41 74 6
43 74 2
51 74 2
58 74 4
63 74 5
66 74 2
72 74 3
1 75 4
2 75 37
4 75 1
6 75 1
8 75 2
11 75 3
29 75 1
40 75 34
41 75 4
51 75 1
58 75 8
61 75 1
62 75 1
63 75 1
65 75 1
72 75 39
74 75 3
1 78 7
2 78 7
6 78 5
9 78 1
11 78 14
19 78 5
25 78 1
29 78 5
37 78 7
40 78 1
41 78 10
48 78 6
50 78 3
51 78 1
58 78 14
59 78 1
62 78 5
63 78 2
65 78 5
66 78 3
72 78 5
74 78 6
75 78 4
1 79 3
2 79 5
8 79 2
9 79 2
14 79 1
19 79 1
21 79 2
23 79 2
28 79 14
37 79 1
38 79 1
40 79 1
41 79 1
43 79 1
50 79 1
51 79 3
59 79 5
63 79 34
72 79 2
74 79 2
78 79 5
2 80 46
4 80 1
6 80 6
8 80 1
19 80 1
29 80 1
39 80 9
40 80 31
41 80 1
51 80 1
59 80 39
62 80 4
65 80 5
70 80 9
72 80 22
75 80 23
70 83 3
1 84 1
6 84 1
29 84 1
41 84 6
51 84 2
62 84 1
65 84 2
75 84 1
80 84 1
1 85 30
2 85 30
3 85 3
4 85 1
6 85 7
8 85 13
9 85 2
11 85 18
12 85 4
14 85 1
19 85 6
21 85 6
23 85 10
29 85 6
37 85 39
38 85 1
40 85 2
41 85 33
43 85 5
48 85 18
50 85 9
51 85 3
56 85 1
57 85 1
58 85 15
59 85 4
61 85 11
62 85 6
63 85 21
65 85 6
66 85 11
72 85 6
74 85 14
75 85 5
78 85 25
79 85 21
80 85 1
84 85 1
71 86 25
6 88 10
11 89 4
58 89 3
78 89 4
85 89 11
71 90 4
78 90 2
85 90 6
2 91 1
11 91 2
40 91 4
51 91 1
58 91 2
72 91 1
78 91 3
79 91 7
85 91 3
1 92 1
1 93 12
2 93 12
21 93 4
28 93 2
41 93 3
51 93 1
74 93 4
79 93 2
85 93 9
28 94 1
2 95 113
4 95 1
6 95 2
8 95 1
29 95 1
39 95 3
40 95 33
41 95 1
48 95 1
49 95 1
51 95 1
55 95 21
59 95 2
62 95 1
63 95 2
65 95 1
70 95 3
72 95 32
75 95 30
80 95 50
84 95 1
85 95 1
86 95 1
91 95 1
1 97 15
4 97 3
6 97 23
8 97 1
29 97 38
30 97 1
41 97 62
51 97 44
59 97 1
62 97 54
65 97 94
70 97 5
71 97 10
74 97 1
75 97 1
80 97 1
84 97 1
85 97 1
86 97 1
95 97 1
1 98 4
4 98 1
28 98 9
41 98 1
65 98 16
79 98 1
2 99 2
11 99 20
58 99 5
59 99 1
78 99 8
79 99 5
85 99 27
39 101 7
59 101 5
70 101 5
79 101 1
80 101 7
95 101 2
21 102 2
19 103 2
70 103 1
21 104 1
1 107 12
4 107 1
6 107 11
8 107 1
28 107 3
29 107 19
39 107 1
41 107 69
49 107 1
51 107 33
59 107 1
62 107 34
65 107 33
70 107 2
71 107 1
75 107 1
80 107 1
84 107 2
85 107 1
95 107 3
97 107 29
1 108 22
41 108 18
51 108 17
1 109 2
1 111 6
2 111 9
6 111 11
8 111 1
9 111 1
11 111 4
14 111 1
21 111 1
23 111 1
41 111 3
51 111 1
56 111 2
58 111 3
63 111 7
64 111 1
65 111 1
66 111 1
72 111 2
74 111 10
75 111 2
78 111 4
79 111 1
85 111 9
86 111 6
88 111 1
93 111 1
1 112 7
2 112 1
6 112 16
29 112 3
39 112 3
41 112 10
51 112 5
58 112 1
59 112 2
62 112 11
65 112 27
70 112 2
71 112 5
75 112 8
80 112 15
85 112 1
95 112 12
97 112 8
107 112 58
1 113 1
2 114 4
72 114 1
75 114 1
85 114 1
1 115 4
2 115 22
11 115 6
21 115 1
41 115 4
58 115 3
72 115 1
74 115 1
85 115 3
1 116 33
41 116 18
51 116 17
1 117 30
2 117 19
8 117 7
11 117 7
19 117 2
21 117 2
23 117 9
26 117 2
37 117 6
38 117 2
39 117 1
41 117 11
43 117 4
54 117 4
56 117 4
58 117 6
59 117 2
61 117 5
63 117 20
66 117 14
71 117 4
72 117 4
74 117 11
75 117 4
78 117 7
79 117 4
83 117 5
85 117 34
93 117 9
103 117 4
111 117 6
112 117 1
115 117 7
1 118 1
41 118 1
1 120 7
4 120 1
6 120 10
29 120 19
41 120 38
51 120 38
59 120 9
62 120 34
65 120 37
75 120 1
80 120 1
84 120 1
85 120 1
95 120 1
97 120 35
107 120 25
112 120 1
1 122 11
6 122 2
29 122 13
41 122 14
51 122 7
62 122 14
65 122 13
71 122 2
97 122 7
107 122 6
112 122 4
120 122 1
6 123 1
39 123 1
71 123 1
97 123 6
1 125 39
2 125 2
21 125 1
41 125 19
51 125 17
74 125 2
79 125 1
85 125 3
117 125 2
21 126 1
1 128 1
2 128 4
8 128 1
9 128 2
14 128 1
19 128 1
21 128 1
28 128 7
37 128 2
40 128 1
41 128 2
48 128 2
51 128 4
61 128 10
62 128 1
63 128 2
70 128 7
72 128 1
74 128 1
78 128 1
79 128 2
85 128 2
90 128 1
91 128 2
93 128 1
95 128 9
103 128 2
111 128 1
117 128 8
120 128 1
1 129 18
2 129 17
7 129 1
8 129 4
9 129 1
11 129 5
14 129 1
20 129 1
21 129 3
23 129 3
28 129 1
38 129 4
41 129 9
43 129 1
51 129 1
55 129 1
56 129 4
57 129 1
58 129 4
60 129 3
61 129 4
62 129 1
63 129 11
66 129 3
72 129 4
74 129 9
75 129 5
78 129 7
79 129 2
85 129 14
93 129 8
94 129 1
108 129 1
111 129 5
115 129 10
116 129 1
117 129 18
125 129 2
128 129 1
1 130 4
2 130 4
21 130 9
41 130 7
51 130 1
74 130 1
79 130 1
85 130 4
117 130 1
129 130 2
1 132 1
2 132 1
58 132 2
95 132 1
1 133 21
6 133 4
29 133 18
41 133 31
51 133 14
57 133 1
62 133 34
65 133 18
70 133 3
71 133 1
80 133 3
97 133 7
98 133 1
99 133 2
107 133 12
112 133 5
120 133 1
122 133 14
28 134 3
11 135 4
19 135 1
58 135 5
78 135 7
79 135 6
85 135 12
1 136 5
2 136 8
3 136 3
4 136 2
5 136 1
6 136 9
8 136 6
9 136 3
12 136 4
17 136 4
20 136 62
21 136 3
23 136 12
28 136 7
29 136 16
33 136 4
39 136 1
40 136 1
41 136 61
45 136 6
47 136 1
51 136 31
54 136 9
55 136 1
61 136 23
62 136 30
63 136 17
65 136 29
71 136 5
72 136 1
75 136 1
78 136 1
79 136 2
80 136 1
83 136 1
84 136 1
85 136 11
86 136 70
91 136 1
93 136 1
95 136 1
97 136 30
107 136 22
114 136 1
116 136 7
117 136 2
118 136 1
120 136 29
123 136 5
125 136 2
128 136 1
130 136 3
132 136 1
133 136 1
1 137 1
2 137 36
6 137 1
29 137 1
41 137 3
51 137 1
62 137 4
65 137 1
71 137 8
75 137 1
80 137 1
85 137 1
95 137 1
97 137 1
107 137 1
111 137 6
120 137 1
136 137 17
40 139 2
85 139 1
120 139 1
1 140 6
2 140 15
41 140 2
58 140 1
85 140 2
111 140 3
117 140 1
129 140 5
136 140 1
6 141 2
39 141 3
59 141 4
70 141 3
95 141 1
97 141 1
107 141 1
1 142 1
2 142 2
21 142 2
39 142 1
41 142 5
59 142 2
71 142 14
85 142 2
97 142 2
136 142 89
39 143 2
59 143 2
70 143 3
117 143 1
128 143 1
1 144 1
4 145 1
6 145 16
8 145 3
19 145 1
29 145 20
30 145 2
39 145 55
41 145 35
49 145 2
51 145 31
59 145 5
62 145 33
65 145 41
70 145 21
75 145 1
80 145 6
84 145 1
85 145 1
95 145 2
97 145 30
101 145 3
107 145 22
120 145 32
133 145 3
136 145 29
137 145 1
141 145 2
143 145 2
1 147 2
2 147 42
21 147 2
40 147 13
41 147 2
72 147 7
75 147 16
80 147 18
85 147 2
95 147 9
111 147 3
136 147 3
1 148 2
2 148 8
3 148 2
8 148 5
9 148 1
12 148 3
14 148 1
21 148 8
23 148 2
28 148 18
38 148 2
41 148 9
43 148 1
55 148 6
61 148 8
63 148 13
74 148 2
79 148 4
85 148 9
93 148 5
98 148 22
104 148 1
115 148 1
117 148 2
125 148 1
129 148 2
130 148 9
136 148 7
140 148 2
142 148 2
147 148 2
