vertex distance parent
0 0 -1
1 1 508
2 2 2261
3 2 1938
4 1 840
5 2 1920
6 2 2363
7 2 1948
8 1 740
9 2 2606
10 2 2604
11 2 2452
12 2 98
13 2 1864
14 2 177
15 2 2390
16 2 1940
17 2 2232
18 2 1801
19 2 2360
20 2 1966
21 2 261
22 2 2290
23 2 2599
24 2 160
25 2 266
26 2 1864
27 2 72
28 2 2129
29 2 2088
30 2 1915
31 2 2389
32 2 92
33 1 3975
34 1 599
35 2 1950
36 1 3501
37 2 2558
38 2 2171
39 2 225
40 2 2318
41 2 10
42 1 3968
43 2 2141
44 2 1778
45 2 2028
46 2 2075
47 2 261
48 1 645
49 2 2344
50 2 2091
51 9 2560
52 2 2147
53 2 2074
54 2 277
55 2 1622
56 2 2043
57 2 2644
58 1 1327
59 2 2554
60 2 2363
61 1 2987
62 2 286
63 2 1988
64 2 2439
65 2 2431
66 2 92
67 2 2020
68 2 2479
69 2 267
70 2 2510
71 2 2171
72 2 2554
73 2 314
74 2 336
75 2 1927
76 2 2033
77 2 2264
78 4 2915
79 2 283
80 1 473
81 2 2462
82 2 2206
83 2 2342
84 2 2544
85 2 2078
86 2 1474
87 2 2292
88 2 2190
89 2 2293
90 1 3558
91 1 3167
92 2 2315
93 2 19
94 2 2249
95 2 2413
96 2 72
97 2 261
98 2 12
99 2 140
100 2 60
101 2 327
102 2 2471
103 2 121
104 2 2008
105 2 253
106 2 2359
107 4 3806
108 1 3773
109 2 2589
110 1 2758
111 2 2025
112 2 129
113 2 2015
114 2 2156
115 2 2165
116 2 2086
117 2 1968
118 2 2452
119 2 2280
120 2 191
121 2 2198
122 2 204
123 2 286
124 1 2922
125 2 172
126 2 2603
127 1 3657
128 2 95
129 2 2369
130 2 2258
131 2 255
132 2 2058
133 2 1940
134 2 143
135 1 644
136 2 2652
137 2 2478
138 2 2086
139 1 3869
140 2 2060
141 2 45
142 2 242
143 2 1875
144 2 2466
145 1 3970
146 2 2032
147 2 3412
148 2 2432
149 2 2012
150 2 2148
151 2 2015
152 1 2991
153 2 1940
154 2 1518
155 1 2723
156 2 2656
157 1 3407
158 2 95
159 1 702
160 2 1372
161 2 136
162 2 92
163 2 2288
164 2 129
165 2 55
166 1 400
167 2 2249
168 2 2268
169 2 2542
170 2 87
171 1 1383
172 2 125
173 1 4032
174 2 140
175 2 1961
176 2 1987
177 2 2269
178 2 247
179 1 3899
180 2 253
181 1 731
182 2 235
183 2 253
184 1 547
185 2 1778
186 2 2400
187 2 285
188 2 1845
189 2 1987
190 2 236
191 2 88
192 2 672
193 1 3167
194 2 99
195 1 2934
196 2 1963
197 1 3864
198 1 3868
199 2 2147
200 2 330
201 1 2843
202 1 3715
203 2 2414
204 2 125
205 2 2078
206 2 2315
207 2 2088
208 2 2309
209 2 2515
210 2 92
211 2 2223
212 2 817
213 2 2386
214 2 2558
215 2 2133
216 2 1199
217 2 137
218 1 2756
219 2 140
220 2 2495
221 2 2344
222 1 2768
223 2 2394
224 2 272
225 2 258
226 2 2558
227 2 2087
228 2 2111
229 2 1997
230 2 2246
231 2 266
232 2 2459
233 2 151
234 2 112
235 2 2615
236 2 2327
237 2 32
238 2 2499
239 2 289
240 1 3342
241 2 2281
242 2 278
243 2 1953
244 2 1940
245 1 193
246 2 151
247 2 286
248 2 2369
249 2 26
250 2 53
251 1 388
252 2 1972
253 2 2198
254 2 1996
255 2 2409
256 2 2087
257 2 1971
258 2 2397
259 1 2861
260 2 2313
261 2 14
262 5 3008
263 2 163
264 1 3184
265 2 2386
266 2 2229
267 2 1980
268 2 2047
269 2 63
270 2 140
271 2 163
272 2 2494
273 1 2808
274 2 103
275 1 2833
276 2 2388
277 2 73
278 2 242
279 2 221
280 2 2223
281 1 3458
282 2 2318
283 2 2190
284 1 3605
285 2 130
286 2 2359
287 2 295
288 2 2269
289 2 246
290 2 2083
291 2 2166
292 4 2393
293 2 1944
294 2 219
295 2 287
296 2 2080
297 2 1466
298 2 2567
299 2 221
300 2 101
301 2 282
302 2 149
303 2 2540
304 2 2239
305 2 2252
306 1 846
307 2 16
308 2 84
309 1 3538
310 2 2052
311 2 28
312 2 76
313 2 53
314 2 2221
315 2 1778
316 2 283
317 2 2289
318 2 2040
319 2 1937
320 1 3931
321 2 2246
322 2 2134
323 2 2026
324 2 2309
325 2 2363
326 2 1333
327 2 2249
328 1 2791
329 2 141
330 2 1997
331 2 2500
332 2 237
333 2 327
334 2 73
335 2 249
336 2 2341
337 2 2602
338 2 2019
339 2 117
340 2 2249
341 2 98
342 2 2094
343 2 1149
344 2 1945
345 2 2170
346 1 407
347 2 2173
348 1 4033
349 1 802
350 1 3515
351 1 139
352 1 3817
353 1 1810
354 1 3966
355 1 3526
356 1 610
357 1 3556
358 1 528
359 1 3977
360 1 3465
361 1 3565
362 1 433
363 1 3627
364 1 3514
365 1 454
366 1 1185
367 1 617
368 1 3779
369 1 3944
370 1 674
371 1 3912
372 1 634
373 1 3693
374 1 4036
375 1 3523
376 1 352
377 1 452
378 1 543
379 1 523
380 1 428
381 1 3987
382 1 469
383 1 598
384 1 3600
385 1 543
386 1 365
387 1 3851
388 1 378
389 1 998
390 1 457
391 1 3651
392 1 470
393 1 3925
394 1 374
395 1 796
396 1 501
397 1 3972
398 1 3886
399 1 139
400 1 3580
401 1 3966
402 1 3894
403 1 3458
404 1 599
405 1 604
406 1 3472
407 1 3687
408 1 437
409 1 3951
410 1 3976
411 1 3519
412 1 514
413 1 642
414 1 457
415 1 3860
416 1 363
417 1 667
418 1 420
419 1 399
420 1 418
421 1 680
422 1 3989
423 1 3644
424 1 3589
425 1 453
426 1 3979
427 1 3851
428 1 381
429 1 3561
430 1 3488
431 1 4028
432 1 3769
433 1 362
434 2 2722
435 1 3750
436 1 3785
437 1 3846
438 1 3774
439 1 588
440 1 3632
441 1 3535
442 1 3596
443 1 381
444 1 3643
445 1 3769
446 1 3644
447 1 376
448 1 371
449 1 3597
450 1 3600
451 1 534
452 1 356
453 1 3537
454 1 3616
455 1 3812
456 1 453
457 1 501
458 1 3611
459 1 3784
460 1 674
461 1 3891
462 1 3526
463 1 424
464 1 3568
465 1 403
466 1 636
467 1 3805
468 1 557
469 1 3820
470 1 3444
471 1 3686
472 1 3922
473 1 3720
474 1 672
475 1 362
476 1 666
477 1 645
478 1 3824
479 1 802
480 1 360
481 1 894
482 1 3609
483 1 1657
484 1 1755
485 1 600
486 1 3753
487 1 396
488 1 139
489 1 3811
490 1 3482
491 1 666
492 1 399
493 1 3671
494 1 349
495 1 3961
496 1 3780
497 1 4022
498 1 3948
499 1 3506
500 1 501
501 1 402
502 1 351
503 1 3733
504 1 714
505 1 487
506 1 3748
507 1 3442
508 1 4005
509 1 406
510 1 522
511 1 402
512 1 3463
513 1 3989
514 1 4025
515 1 3719
516 1 674
517 1 3467
518 1 645
519 1 3998
520 1 645
521 1 423
522 1 789
523 1 3977
524 1 3832
525 1 3810
526 1 1510
527 1 462
528 1 419
529 1 3782
530 1 3600
531 1 3853
532 1 4017
533 1 3955
534 1 3760
535 1 546
536 1 3482
537 1 3857
538 1 3812
539 3 1864
540 1 676
541 1 597
542 1 618
543 1 647
544 1 3644
545 1 3845
546 1 3518
547 1 413
548 1 872
549 1 3502
550 2 1404
551 1 3956
552 1 542
553 1 3841
554 1 871
555 1 488
556 1 3770
557 1 4033
558 1 3864
559 1 3733
560 1 3662
561 1 636
562 1 3778
563 1 3747
564 1 3948
565 1 477
566 1 633
567 1 3817
568 1 3628
569 1 3919
570 1 410
571 1 392
572 1 3946
573 1 3515
574 1 567
575 1 3582
576 3 450
577 1 518
578 1 3619
579 1 3959
580 1 1400
581 1 552
582 1 470
583 1 3550
584 1 577
585 1 439
586 1 3855
587 1 3608
588 1 3455
589 1 3794
590 1 3791
591 1 529
592 1 499
593 1 3789
594 1 3816
595 1 202
596 1 1741
597 1 1
598 1 535
599 1 3917
600 1 3732
601 1 3869
602 1 659
603 1 3804
604 1 3848
605 1 689
606 1 1345
607 1 3555
608 1 636
609 1 460
610 1 3788
611 1 492
612 1 3565
613 1 3735
614 1 488
615 1 3635
616 1 3677
617 1 540
618 1 3908
619 1 3681
620 1 3772
621 1 3615
622 1 3662
623 1 3455
624 1 587
625 1 3545
626 1 3579
627 1 3687
628 1 3748
629 1 1720
630 1 427
631 1 595
632 1 480
633 1 634
634 1 3774
635 1 3560
636 1 358
637 1 1868
638 1 620
639 1 587
640 4 4023
641 1 1170
642 1 3980
643 1 3579
644 1 598
645 1 3614
646 1 3696
647 1 378
648 1 491
649 1 1033
650 1 3519
651 1 1523
652 1 656
653 1 3438
654 1 3575
655 1 868
656 1 632
657 1 3833
658 1 383
659 1 419
660 1 623
661 1 376
662 1 396
663 1 454
664 1 3687
665 1 462
666 1 381
667 1 166
668 1 822
669 3 3113
670 1 3515
671 1 351
672 1 3559
673 1 4020
674 1 3598
675 1 426
676 1 3805
677 1 369
678 1 666
679 1 404
680 1 3889
681 1 527
682 1 516
683 1 3962
684 1 376
685 1 3808
686 1 3374
687 1 2872
688 1 2872
689 1 672
690 1 3267
691 1 2940
692 1 762
693 1 3053
694 1 2795
695 1 3243
696 1 2859
697 1 3008
698 1 813
699 1 3293
700 1 2787
701 1 328
702 1 3607
703 1 3405
704 1 3167
705 1 3017
706 1 3392
707 1 2961
708 2 975
709 1 3167
710 1 3080
711 1 2824
712 1 2835
713 1 3048
714 1 492
715 1 2669
716 1 3367
717 1 264
718 1 3088
719 1 3298
720 1 704
721 1 2877
722 1 3128
723 1 2719
724 1 2855
725 1 459
726 1 2676
727 2 1409
728 1 2758
729 1 3371
730 1 799
731 1 2784
732 1 108
733 1 2927
734 1 91
735 1 2932
736 1 729
737 1 2670
738 1 2822
739 1 3400
740 1 3433
741 1 2979
742 1 3042
743 1 2667
744 1 2876
745 1 3189
746 1 2931
747 1 2795
748 1 3046
749 1 3317
750 1 3350
751 1 699
752 1 3043
753 1 2692
754 1 91
755 1 2874
756 1 3100
757 1 876
758 1 181
759 1 3047
760 1 3349
761 1 3253
762 1 3386
763 1 3229
764 1 3375
765 1 762
766 1 2998
767 1 3417
768 1 3242
769 1 2663
770 1 2663
771 1 3780
772 1 3113
773 1 878
774 1 3346
775 1 2918
776 1 672
777 1 3004
778 1 2981
779 1 722
780 1 742
781 1 2858
782 1 704
783 1 3103
784 1 110
785 1 2806
786 1 3372
787 1 2741
788 1 2869
789 1 586
790 1 713
791 1 574
792 1 3027
793 1 726
794 1 2770
795 1 3232
796 1 413
797 1 2865
798 1 2965
799 1 730
800 1 3319
801 1 749
802 1 477
803 1 2862
804 1 2905
805 1 2901
806 1 3630
807 1 3214
808 1 3356
809 1 2962
810 1 3325
811 1 3368
812 1 3401
813 1 3236
814 1 880
815 3 2515
816 1 3099
817 1 2723
818 3 1544
819 1 3145
820 1 3352
821 1 3178
822 1 3471
823 1 2833
824 1 3421
825 1 3319
826 1 2835
827 1 2745
828 1 3056
829 1 856
830 1 2774
831 1 3240
832 1 773
833 1 803
834 1 2985
835 1 2994
836 1 3182
837 1 2705
838 1 2870
839 1 862
840 1 3005
841 1 707
842 1 754
843 1 2791
844 1 817
845 1 3401
846 1 2871
847 1 3053
848 1 3157
849 1 3381
850 1 3005
851 1 2833
852 1 3247
853 1 3310
854 1 2843
855 1 2698
856 1 706
857 1 3976
858 1 3595
859 1 3375
860 1 3111
861 1 3045
862 1 3876
863 1 762
864 1 882
865 1 3467
866 1 3662
867 1 459
868 1 3898
869 1 3125
870 1 3790
871 1 725
872 1 452
873 1 3842
874 1 3579
875 1 2717
876 1 3429
877 1 3455
878 1 3315
879 1 3507
880 1 3359
881 1 3841
882 1 2937
883 1 691
884 1 3361
885 1 516
886 1 3312
887 1 3475
888 1 2794
889 1 3429
890 1 4
891 1 811
892 1 2884
893 1 793
894 1 383
895 1 525
896 1 934
897 1 1044
898 1 962
899 1 1184
900 1 1601
901 1 1540
902 1 1700
903 1 1058
904 1 1831
905 1 1218
906 1 1632
907 1 1707
908 1 1402
909 1 1690
910 1 171
911 1 1009
912 1 1438
913 1 1385
914 1 1618
915 1 938
916 1 1354
917 1 1394
918 1 1372
919 1 637
920 1 1764
921 1 1560
922 1 1466
923 1 1866
924 1 1406
925 1 1454
926 1 1337
927 1 962
928 1 1048
929 1 1475
930 1 1335
931 1 1166
932 1 1252
933 1 1686
934 1 1895
935 1 1875
936 1 1252
937 1 1573
938 1 1583
939 1 1551
940 1 956
941 1 1384
942 1 993
943 1 1279
944 1 899
945 1 1519
946 1 896
947 1 1189
948 2 1602
949 1 1621
950 1 976
951 1 1606
952 1 1445
953 1 1167
954 1 1279
955 1 1255
956 1 920
957 1 1849
958 1 1165
959 1 971
960 1 1104
961 1 1484
962 1 1184
963 1 1497
964 1 996
965 1 1804
966 1 1190
967 1 941
968 1 1498
969 1 1839
970 1 1753
971 1 1038
972 1 1895
973 1 1090
974 1 1372
975 1 1229
976 1 1671
977 1 1609
978 1 905
979 1 1473
980 1 1090
981 1 1217
982 1 1161
983 1 1005
984 1 986
985 1 1024
986 1 1909
987 1 1052
988 1 1110
989 1 1069
990 1 3378
991 1 1189
992 1 935
993 1 942
994 1 1279
995 1 1096
996 1 1608
997 1 1423
998 1 1234
999 1 1760
1000 1 928
1001 1 1639
1002 1 1396
1003 1 1268
1004 1 920
1005 1 1547
1006 1 1428
1007 1 1150
1008 1 1680
1009 1 641
1010 1 1338
1011 1 1828
1012 1 1404
1013 1 918
1014 1 908
1015 1 1123
1016 1 1696
1017 1 1481
1018 1 1234
1019 1 1830
1020 1 1304
1021 1 1452
1022 1 1346
1023 1 1480
1024 1 1170
1025 2 757
1026 1 1819
1027 1 1425
1028 1 1459
1029 1 1442
1030 1 1574
1031 1 968
1032 1 1403
1033 1 920
1034 1 1226
1035 1 1797
1036 1 1054
1037 1 1265
1038 1 1500
1039 1 1905
1040 1 930
1041 1 1548
1042 1 1400
1043 1 1754
1044 1 1074
1045 1 1607
1046 1 970
1047 1 1572
1048 1 905
1049 1 1524
1050 1 1308
1051 1 1370
1052 1 1415
1053 1 1811
1054 1 1345
1055 1 1348
1056 1 1182
1057 1 1558
1058 1 1749
1059 1 1875
1060 1 366
1061 1 1776
1062 2 3336
1063 1 1590
1064 1 1820
1065 1 1336
1066 1 1707
1067 1 1720
1068 1 1454
1069 1 1539
1070 1 1558
1071 1 1461
1072 1 973
1073 1 1139
1074 1 1911
1075 1 944
1076 1 1667
1077 1 1583
1078 1 1440
1079 1 913
1080 1 927
1081 1 1370
1082 1 1138
1083 2 750
1084 1 1717
1085 1 3754
1086 1 1508
1087 1 1485
1088 1 1413
1089 1 1049
1090 1 1485
1091 1 1832
1092 1 1048
1093 1 1123
1094 1 1750
1095 1 3003
1096 1 936
1097 1 908
1098 1 1545
1099 1 1463
1100 1 1756
1101 1 899
1102 1 926
1103 1 1019
1104 1 949
1105 1 1851
1106 1 1035
1107 1 606
1108 1 1110
1109 1 1166
1110 1 1524
1111 1 1360
1112 1 1778
1113 1 1352
1114 1 954
1115 1 1340
1116 1 1281
1117 1 1061
1118 1 1454
1119 1 1138
1120 1 1002
1121 1 1184
1122 1 1608
1123 1 1010
1124 1 1552
1125 1 1005
1126 1 1788
1127 1 1016
1128 1 1170
1129 1 1631
1130 1 1406
1131 1 1390
1132 1 1262
1133 1 1848
1134 1 1868
1135 1 1271
1136 1 922
1137 1 1111
1138 1 1335
1139 1 1106
1140 1 3163
1141 1 1646
1142 1 1089
1143 1 1119
1144 1 1185
1145 1 1473
1146 1 1838
1147 1 1372
1148 1 1551
1149 1 1556
1150 1 1279
1151 1 1240
1152 1 1764
1153 1 1677
1154 1 937
1155 1 1271
1156 1 1412
1157 1 580
1158 1 1244
1159 1 1250
1160 1 922
1161 1 1679
1162 1 1548
1163 1 1420
1164 1 1451
1165 1 932
1166 1 1074
1167 1 1567
1168 3 4582
1169 1 1267
1170 1 1695
1171 1 1009
1172 1 1245
1173 1 1002
1174 1 1716
1175 1 1189
1176 1 934
1177 1 924
1178 1 1054
1179 1 1304
1180 3 1687
1181 1 1284
1182 1 1611
1183 1 1732
1184 1 1547
1185 1 1717
1186 6 5631
1187 1 1173
1188 1 915
1189 1 1833
1190 1 1183
1191 1 964
1192 1 1341
1193 1 1339
1194 1 1431
1195 1 962
1196 1 1190
1197 1 1027
1198 1 1035
1199 1 1150
1200 1 1349
1201 1 1164
1202 1 1363
1203 1 978
1204 1 1090
1205 1 1128
1206 1 1204
1207 1 1784
1208 1 1031
1209 1 1818
1210 1 1548
1211 1 1568
1212 1 1113
1213 1 1087
1214 1 1010
1215 1 1618
1216 1 1536
1217 1 1262
1218 1 1466
1219 1 1790
1220 1 999
1221 1 1608
1222 1 1262
1223 1 1246
1224 1 1019
1225 1 1206
1226 1 1056
1227 1 1570
1228 1 1403
1229 1 1783
1230 1 1315
1231 1 965
1232 1 1160
1233 1 1395
1234 1 1024
1235 1 1081
1236 1 898
1237 1 1511
1238 1 1263
1239 1 1191
1240 1 1608
1241 1 1658
1242 1 1232
1243 1 944
1244 1 2838
1245 1 1383
1246 1 1223
1247 1 1762
1248 1 1685
1249 1 971
1250 1 1108
1251 1 968
1252 1 1797
1253 1 986
1254 1 1055
1255 1 1236
1256 1 1413
1257 1 1133
1258 1 1397
1259 1 1423
1260 1 1680
1261 1 1205
1262 1 1056
1263 1 1038
1264 1 1329
1265 1 1712
1266 1 973
1267 1 1233
1268 1 958
1269 1 1828
1270 1 1144
1271 1 1165
1272 1 1480
1273 1 1445
1274 1 1281
1275 1 1907
1276 3 2993
1277 1 1127
1278 1 940
1279 1 1765
1280 1 1260
1281 1 1047
1282 1 1247
1283 1 1146
1284 1 1831
1285 1 1239
1286 1 1870
1287 1 1111
1288 1 976
1289 1 1688
1290 1 1487
1291 1 1492
1292 1 1551
1293 1 1049
1294 1 1116
1295 1 1315
1296 1 1417
1297 1 1515
1298 3 1706
1299 1 1293
1300 1 1201
1301 1 1118
1302 1 1270
1303 1 1735
1304 1 1372
1305 1 1716
1306 1 1012
1307 1 1184
1308 1 1556
1309 1 1137
1310 1 1769
1311 1 1046
1312 1 1839
1313 1 1431
1314 1 1092
1315 1 1826
1316 1 1556
1317 1 1511
1318 1 1011
1319 1 1250
1320 1 1067
1321 1 998
1322 1 1754
1323 1 1233
1324 1 1559
1325 1 1103
1326 1 1050
1327 1 1117
1328 1 941
1329 1 1165
1330 1 1555
1331 1 1108
1332 1 1183
1333 1 1540
1334 1 1712
1335 1 983
1336 1 1696
1337 1 1621
1338 1 905
1339 1 1355
1340 1 1828
1341 1 1339
1342 1 1366
1343 1 1406
1344 1 1241
1345 1 1121
1346 1 1079
1347 1 1269
1348 1 1372
1349 1 1162
1350 1 1060
1351 1 1877
1352 1 1356
1353 1 1234
1354 1 1849
1355 1 1204
1356 1 1307
1357 1 1319
1358 1 1069
1359 1 1081
1360 1 1422
1361 1 1624
1362 1 1851
1363 1 1230
1364 1 956
1365 1 1356
1366 1 1240
1367 1 1115
1368 1 945
1369 1 1592
1370 1 1089
1371 1 984
1372 1 1170
1373 1 1254
1374 1 1545
1375 1 1020
1376 1 1348
1377 1 939
1378 1 1652
1379 1 1210
1380 1 1002
1381 1 1095
1382 1 899
1383 1 1009
1384 1 922
1385 1 910
1386 1 979
1387 1 1357
1388 1 1438
1389 1 1420
1390 1 1104
1391 1 1262
1392 1 954
1393 1 1461
1394 1 1108
1395 1 1070
1396 1 1647
1397 1 1258
1398 1 1029
1399 1 1108
1400 1 1742
1401 1 1671
1402 1 1543
1403 1 1159
1404 1 1707
1405 1 1035
1406 1 1026
1407 1 1269
1408 2 1196
1409 1 1058
1410 1 1819
1411 1 947
1412 1 1694
1413 1 1038
1414 1 1170
1415 1 1081
1416 1 1489
1417 1 1349
1418 1 1160
1419 1 958
1420 1 916
1421 1 1217
1422 1 1306
1423 1 932
1424 1 1419
1425 1 1292
1426 1 1622
1427 1 1813
1428 1 1707
1429 1 1386
1430 1 1115
1431 1 968
1432 1 1565
1433 1 1097
1434 1 1306
1435 1 1255
1436 1 1698
1437 1 1274
1438 1 936
1439 3 734
1440 1 915
1441 1 606
1442 1 1183
1443 1 1801
1444 1 1781
1445 1 1273
1446 1 1219
1447 1 958
1448 1 901
1449 1 1218
1450 1 3386
1451 1 1484
1452 1 1473
1453 1 930
1454 1 1414
1455 3 2828
1456 2 1372
1457 1 1648
1458 1 1262
1459 1 1228
1460 1 1419
1461 1 1199
1462 1 1050
1463 1 1066
1464 1 1259
1465 1 970
1466 1 1819
1467 1 1245
1468 1 1160
1469 1 1335
1470 1 1759
1471 1 1402
1472 1 1352
1473 1 1158
1474 1 651
1475 1 922
1476 1 976
1477 1 1643
1478 1 1632
1479 1 933
1480 1 925
1481 1 1835
1482 1 973
1483 1 1555
1484 1 994
1485 1 1118
1486 1 1458
1487 1 1375
1488 4 1291
1489 1 958
1490 1 1650
1491 1 1674
1492 1 939
1493 1 1660
1494 1 1797
1495 1 1113
1496 1 1185
1497 1 1081
1498 1 1749
1499 1 1226
1500 1 1314
1501 1 1539
1502 1 1300
1503 1 1007
1504 1 1565
1505 1 222
1506 1 1551
1507 1 1143
1508 1 1451
1509 1 1476
1510 1 1477
1511 1 1386
1512 1 1063
1513 1 1441
1514 1 1417
1515 1 944
1516 1 1061
1517 1 1197
1518 1 1061
1519 1 606
1520 1 389
1521 1 923
1522 1 1296
1523 1 974
1524 1 1811
1525 1 1234
1526 1 1729
1527 1 1157
1528 1 1222
1529 1 1354
1530 1 1014
1531 1 1898
1532 1 1072
1533 1 1065
1534 1 730
1535 1 1302
1536 1 1349
1537 1 1228
1538 1 1654
1539 1 1067
1540 1 922
1541 1 1509
1542 1 979
1543 1 1284
1544 1 1293
1545 1 1142
1546 1 1038
1547 1 0
1548 1 1128
1549 1 1413
1550 1 1024
1551 1 1307
1552 1 974
1553 1 945
1554 1 1866
1555 1 1049
1556 1 994
1557 1 1307
1558 1 1090
1559 1 1632
1560 1 1892
1561 1 1645
1562 1 988
1563 1 965
1564 1 1841
1565 1 366
1566 1 1141
1567 1 1203
1568 1 927
1569 1 1032
1570 1 970
1571 1 1755
1572 1 1307
1573 1 1149
1574 1 1160
1575 1 1198
1576 1 972
1577 2 2096
1578 1 1159
1579 1 1146
1580 1 1354
1581 1 1501
1582 1 641
1583 1 1498
1584 1 956
1585 1 1570
1586 1 1506
1587 1 353
1588 1 1387
1589 1 957
1590 1 919
1591 1 1356
1592 1 910
1593 1 1597
1594 1 1182
1595 1 1077
1596 1 1193
1597 1 1178
1598 1 922
1599 1 1904
1600 1 1371
1601 1 1144
1602 1 1031
1603 1 1519
1604 1 1005
1605 1 1269
1606 1 1039
1607 1 1147
1608 1 171
1609 1 1068
1610 1 1349
1611 1 919
1612 1 1451
1613 1 1364
1614 1 913
1615 1 1146
1616 1 1249
1617 1 1389
1618 1 1499
1619 1 1255
1620 1 1551
1621 1 1749
1622 1 1500
1623 1 1342
1624 1 1121
1625 1 1540
1626 1 1885
1627 2 1651
1628 1 1790
1629 1 1047
1630 1 1344
1631 1 1160
1632 1 1731
1633 1 1661
1634 1 998
1635 1 1239
1636 1 941
1637 1 1119
1638 1 1004
1639 1 1001
1640 1 1772
1641 1 1378
1642 1 3215
1643 1 1440
1644 1 1341
1645 1 1306
1646 1 1127
1647 1 938
1648 1 1856
1649 1 1458
1650 1 1001
1651 1 985
1652 1 1152
1653 1 1212
1654 1 1589
1655 1 915
1656 1 3111
1657 1 979
1658 1 1045
1659 1 963
1660 1 1095
1661 1 1126
1662 1 927
1663 1 1492
1664 1 1544
1665 1 1327
1666 1 729
1667 1 1435
1668 1 1290
1669 1 1690
1670 1 1502
1671 1 1385
1672 1 1138
1673 1 938
1674 1 1143
1675 1 1625
1676 1 1760
1677 1 1271
1678 1 1054
1679 1 1250
1680 1 637
1681 1 1676
1682 1 1042
1683 1 1664
1684 2 460
1685 1 1648
1686 1 906
1687 1 1397
1688 1 962
1689 1 964
1690 1 1031
1691 1 1217
1692 1 1222
1693 1 1481
1694 1 964
1695 1 1510
1696 1 1416
1697 1 1254
1698 1 994
1699 1 1327
1700 1 1309
1701 1 944
1702 1 1686
1703 1 1069
1704 1 1676
1705 1 1030
1706 1 1159
1707 1 1548
1708 1 1638
1709 1 1046
1710 1 1388
1711 1 1188
1712 1 908
1713 1 1390
1714 1 1422
1715 1 1678
1716 1 1783
1717 1 1696
1718 1 1279
1719 1 1181
1720 1 1047
1721 1 1262
1722 1 1398
1723 1 1897
1724 1 1370
1725 1 1301
1726 1 4
1727 1 1291
1728 1 1185
1729 1 1299
1730 1 1556
1731 1 1345
1732 1 995
1733 1 1582
1734 1 1187
1735 1 1444
1736 1 1336
1737 1 353
1738 1 1299
1739 1 1689
1740 1 1107
1741 1 1193
1742 1 1538
1743 1 1250
1744 1 1686
1745 1 1633
1746 1 1425
1747 1 901
1748 1 1420
1749 1 1662
1750 1 905
1751 1 1300
1752 1 3003
1753 1 970
1754 1 1065
1755 1 983
1756 1 1314
1757 1 941
1758 1 1332
1759 1 1106
1760 1 1105
1761 1 1251
1762 1 1297
1763 1 1593
1764 1 1629
1765 1 1907
1766 1 1042
1767 1 1204
1768 2 3313
1769 1 932
1770 1 1718
1771 1 1261
1772 1 1230
1773 1 947
1774 1 1600
1775 1 1204
1776 1 1104
1777 1 3484
1778 1 986
1779 1 1070
1780 1 1740
1781 1 1394
1782 1 1503
1783 1 1360
1784 1 979
1785 1 1744
1786 1 1158
1787 8 3460
1788 1 988
1789 1 1116
1790 1 1006
1791 1 1368
1792 1 1087
1793 1 1058
1794 1 942
1795 1 1632
1796 1 1414
1797 1 1049
1798 1 1011
1799 1 1382
1800 1 1548
1801 1 1591
1802 1 1369
1803 1 1293
1804 1 1694
1805 1 1884
1806 1 918
1807 1 1678
1808 1 988
1809 1 1339
1810 1 1435
1811 1 1442
1812 1 1621
1813 1 1442
1814 1 1665
1815 2 919
1816 1 908
1817 1 1628
1818 1 1055
1819 1 1304
1820 1 1034
1821 1 1132
1822 1 1849
1823 1 1315
1824 1 1401
1825 1 1714
1826 1 1275
1827 1 1832
1828 1 1790
1829 1 1373
1830 1 1009
1831 1 1147
1832 1 1176
1833 1 1228
1834 1 1403
1835 1 1241
1836 1 1762
1837 1 1036
1838 1 945
1839 1 1501
1840 1 1084
1841 1 922
1842 1 1282
1843 1 1709
1844 1 1529
1845 1 1555
1846 1 1724
1847 1 1080
1848 1 596
1849 1 1400
1850 1 899
1851 1 1124
1852 1 1134
1853 1 1023
1854 1 1210
1855 1 1268
1856 1 978
1857 1 1406
1858 1 1099
1859 1 1017
1860 1 1066
1861 1 1521
1862 1 1279
1863 1 976
1864 1 991
1865 1 1601
1866 1 930
1867 3 3619
1868 1 1515
1869 1 596
1870 1 1598
1871 1 1145
1872 1 1262
1873 1 1694
1874 1 1260
1875 1 1540
1876 1 171
1877 1 1322
1878 1 1743
1879 1 1381
1880 1 1516
1881 1 1612
1882 1 1494
1883 1 934
1884 1 1805
1885 1 1686
1886 1 1117
1887 1 1100
1888 1 1279
1889 1 1389
1890 1 1258
1891 1 983
1892 1 1023
1893 1 1501
1894 1 935
1895 1 962
1896 10 3008
1897 1 964
1898 1 1394
1899 3 4874
1900 1 1508
1901 1 1109
1902 1 1820
1903 1 1648
1904 1 1187
1905 1 1136
1906 1 1279
1907 1 1019
1908 1 936
1909 1 1026
1910 1 907
1911 1 1183
1912 2 1144
1913 2 271
1914 2 129
1915 2 1384
1916 2 54
1917 2 231
1918 2 283
1919 2 2469
1920 2 116
1921 2 1478
1922 2 2090
1923 2 1829
1924 2 216
1925 2 1928
1926 2 84
1927 2 227
1928 2 2019
1929 2 326
1930 2 22
1931 2 2036
1932 2 208
1933 2 346
1934 2 2269
1935 2 65
1936 2 2030
1937 2 2647
1938 2 2648
1939 2 2300
1940 2 2034
1941 2 1427
1942 2 2075
1943 2 1103
1944 2 177
1945 2 2062
1946 2 266
1947 2 1968
1948 2 2060
1949 2 233
1950 2 1973
1951 2 2470
1952 2 228
1953 2 64
1954 2 1882
1955 2 1213
1956 2 2171
1957 2 183
1958 2 2086
1959 2 2137
1960 2 2457
1961 2 2206
1962 2 26
1963 2 2279
1964 2 187
1965 2 1785
1966 2 2538
1967 1 448
1968 2 132
1969 2 208
1970 2 2237
1971 2 226
1972 2 2370
1973 2 323
1974 2 2028
1975 2 2069
1976 2 2454
1977 2 2564
1978 2 1009
1979 2 906
1980 2 1252
1981 2 2348
1982 2 2040
1983 2 2269
1984 2 1651
1985 2 2544
1986 2 1000
1987 2 104
1988 2 2296
1989 2 250
1990 2 2257
1991 2 1960
1992 2 191
1993 2 49
1994 2 298
1995 2 2449
1996 2 2022
1997 2 3368
1998 2 2283
1999 2 2289
2000 2 2067
2001 2 726
2002 2 1937
2003 2 280
2004 2 2062
2005 2 261
2006 2 1944
2007 2 295
2008 2 2542
2009 2 1864
2010 2 2218
2011 2 3
2012 2 2035
2013 2 2240
2014 2 2169
2015 2 1279
2016 2 130
2017 2 2269
2018 2 137
2019 2 1992
2020 2 2048
2021 2 2590
2022 2 1607
2023 2 2621
2024 2 277
2025 2 83
2026 2 323
2027 2 1920
2028 2 2527
2029 2 342
2030 2 1509
2031 2 1920
2032 2 2566
2033 2 2087
2034 2 265
2035 2 265
2036 2 268
2037 2 1982
2038 2 2205
2039 2 2175
2040 2 1560
2041 2 92
2042 2 60
2043 2 2202
2044 2 2444
2045 2 2320
2046 2 169
2047 2 2429
2048 2 2330
2049 2 2033
2050 2 2208
2051 2 676
2052 2 175
2053 2 2088
2054 2 214
2055 2 2091
2056 2 158
2057 3 1072
2058 2 2389
2059 2 1959
2060 2 1648
2061 2 177
2062 2 1291
2063 2 140
2064 2 13
2065 2 2402
2066 2 18
2067 2 1474
2068 2 1981
2069 2 1836
2070 2 916
2071 2 2551
2072 2 2010
2073 2 43
2074 2 2417
2075 2 2334
2076 3 99
2077 2 117
2078 2 1382
2079 2 2540
2080 2 29
2081 2 2457
2082 2 26
2083 2 1935
2084 2 2530
2085 2 13
2086 2 1466
2087 2 2004
2088 2 1790
2089 2 2264
2090 2 1922
2091 2 2599
2092 2 2182
2093 2 3008
2094 2 1979
2095 2 921
2096 2 2530
2097 2 2457
2098 2 271
2099 2 128
2100 2 129
2101 2 1919
2102 2 1955
2103 2 233
2104 2 2298
2105 2 1934
2106 7 1836
2107 2 2290
2108 2 1908
2109 4 846
2110 2 116
2111 2 1185
2112 2 2008
2113 2 2003
2114 2 342
2115 2 2475
2116 2 2275
2117 2 60
2118 3 3696
2119 2 620
2120 2 45
2121 2 304
2122 2 1864
2123 2 129
2124 2 2319
2125 2 2066
2126 2 189
2127 2 233
2128 2 3
2129 2 334
2130 2 2406
2131 2 734
2132 2 150
2133 2 86
2134 2 1388
2135 2 161
2136 2 117
2137 2 1864
2138 2 1594
2139 2 1989
2140 2 92
2141 2 1590
2142 2 2230
2143 2 2019
2144 2 49
2145 2 2376
2146 2 322
2147 2 199
2148 2 2100
2149 2 274
2150 2 2557
2151 2 271
2152 8 191
2153 2 2433
2154 2 1921
2155 2 210
2156 2 2024
2157 2 2508
2158 2 2443
2159 2 287
2160 2 2571
2161 2 231
2162 4 611
2163 2 323
2164 2 2004
2165 2 2587
2166 2 1707
2167 2 44
2168 2 1573
2169 2 2354
2170 2 2134
2171 2 2166
2172 2 2540
2173 2 335
2174 2 2642
2175 2 323
2176 2 936
2177 2 143
2178 2 301
2179 2 230
2180 2 170
2181 2 10
2182 2 180
2183 2 361
2184 2 2095
2185 1 1039
2186 2 208
2187 2 322
2188 2 2475
2189 2 2099
2190 2 1779
2191 2 109
2192 2 270
2193 2 2433
2194 2 85
2195 2 191
2196 4 2649
2197 2 2574
2198 2 2229
2199 2 2320
2200 2 2621
2201 2 2382
2202 2 190
2203 2 332
2204 2 189
2205 2 1622
2206 2 227
2207 4 5549
2208 2 283
2209 2 1215
2210 2 83
2211 2 2225
2212 2 2014
2213 2 2004
2214 2 84
2215 2 93
2216 2 526
2217 2 734
2218 2 672
2219 2 192
2220 2 2480
2221 2 2022
2222 2 2405
2223 2 88
2224 2 1474
2225 2 18
2226 2 286
2227 2 1996
2228 2 2096
2229 2 1866
2230 2 2288
2231 2 226
2232 2 1241
2233 2 2137
2234 2 347
2235 2 1707
2236 2 39
2237 2 1935
2238 2 140
2239 2 304
2240 2 228
2241 2 2418
2242 2 250
2243 2 266
2244 2 161
2245 2 2460
2246 2 1497
2247 4 4318
2248 2 1595
2249 2 1500
2250 2 14
2251 2 192
2252 2 2538
2253 2 2197
2254 2 2213
2255 2 40
2256 2 2042
2257 2 93
2258 2 2647
2259 2 2248
2260 2 30
2261 2 329
2262 2 2150
2263 2 2585
2264 2 2003
2265 5 2722
2266 2 77
2267 2 347
2268 2 1943
2269 2 140
2270 2 177
2271 2 2226
2272 2 190
2273 2 335
2274 2 2656
2275 2 2232
2276 2 2091
2277 2 147
2278 2 342
2279 2 2229
2280 2 2083
2281 2 335
2282 2 246
2283 2 323
2284 2 2474
2285 2 82
2286 2 18
2287 2 151
2288 2 299
2289 2 2587
2290 2 94
2291 2 56
2292 2 1885
2293 2 62
2294 2 2249
2295 2 1917
2296 2 319
2297 2 2177
2298 2 104
2299 2 182
2300 2 77
2301 2 2379
2302 2 2304
2303 2 340
2304 2 2198
2305 2 79
2306 2 2226
2307 2 1950
2308 2 271
2309 2 29
2310 2 74
2311 2 2455
2312 2 304
2313 2 2319
2314 3 2363
2315 2 2171
2316 2 1108
2317 2 296
2318 2 2022
2319 2 2563
2320 2 45
2321 2 1953
2322 2 345
2323 2 242
2324 2 283
2325 2 191
2326 2 178
2327 2 2251
2328 2 65
2329 2 2004
2330 2 1648
2331 2 1372
2332 2 82
2333 2 20
2334 2 116
2335 2 2046
2336 2 1946
2337 2 2452
2338 2 1304
2339 2 260
2340 2 165
2341 2 123
2342 2 2258
2343 2 2039
2344 2 136
2345 2 2340
2346 2 248
2347 2 1080
2348 2 2252
2349 2 1976
2350 2 142
2351 2 1845
2352 2 2065
2353 2 2425
2354 2 2133
2355 2 16
2356 2 189
2357 2 266
2358 2 1766
2359 2 2166
2360 2 1311
2361 2 2382
2362 3 4602
2363 2 1454
2364 2 194
2365 3 1538
2366 2 2053
2367 2 231
2368 2 137
2369 2 2248
2370 2 160
2371 2 2373
2372 2 2316
2373 2 200
2374 2 317
2375 2 115
2376 2 113
2377 2 2126
2378 2 266
2379 2 2020
2380 2 2345
2381 2 1226
2382 2 2042
2383 2 2079
2384 2 2269
2385 2 1864
2386 2 1707
2387 2 2296
2388 2 2067
2389 2 2555
2390 2 2080
2391 2 1952
2392 2 1864
2393 2 89
2394 2 2246
2395 2 1914
2396 2 265
2397 2 22
2398 2 299
2399 9 2553
2400 2 295
2401 2 297
2402 2 2065
2403 2 2004
2404 2 2127
2405 2 2108
2406 2 276
2407 2 158
2408 2 2147
2409 2 143
2410 2 2517
2411 2 257
2412 2 103
2413 2 2240
2414 2 2628
2415 2 2100
2416 2 1998
2417 2 342
2418 2 43
2419 2 228
2420 2 14
2421 2 121
2422 2 188
2423 2 79
2424 2 54
2425 2 2285
2426 2 2159
2427 2 1917
2428 2 2219
2429 2 2047
2430 2 1981
2431 2 2087
2432 2 153
2433 2 1992
2434 2 2145
2435 2 2331
2436 2 299
2437 2 1236
2438 2 2176
2439 2 84
2440 2 123
2441 2 191
2442 2 2227
2443 2 1981
2444 2 2254
2445 2 67
2446 2 888
2447 2 66
2448 2 2071
2449 2 242
2450 2 130
2451 7 910
2452 2 2221
2453 2 2448
2454 2 2413
2455 2 2315
2456 2 2062
2457 2 282
2458 2 84
2459 2 336
2460 2 169
2461 2 10
2462 2 248
2463 2 2116
2464 2 2119
2465 2 118
2466 2 2282
2467 2 2313
2468 2 2617
2469 2 2129
2470 2 342
2471 2 165
2472 2 283
2473 2 74
2474 2 334
2475 2 106
2476 2 2440
2477 2 97
2478 2 2542
2479 2 2300
2480 2 2153
2481 2 103
2482 2 52
2483 2 2123
2484 2 2391
2485 2 1341
2486 2 2200
2487 2 55
2488 2 2071
2489 2 2289
2490 2 134
2491 2 1575
2492 2 268
2493 2 1960
2494 2 105
2495 2 89
2496 1 1047
2497 2 52
2498 2 2208
2499 2 2303
2500 2 1474
2501 2 1950
2502 2 1144
2503 2 2262
2504 2 2337
2505 2 347
2506 2 2413
2507 2 73
2508 2 2085
2509 2 1977
2510 2 1922
2511 3 1815
2512 2 141
2513 2 2630
2514 2 104
2515 2 1989
2516 2 167
2517 2 2430
2518 2 2005
2519 2 95
2520 2 1793
2521 2 2325
2522 2 162
2523 2 189
2524 2 2086
2525 2 3183
2526 2 2013
2527 2 2089
2528 2 2261
2529 2 106
2530 2 1975
2531 2 1066
2532 2 228
2533 2 2272
2534 2 1518
2535 2 1474
2536 2 88
2537 2 1651
2538 2 2111
2539 2 2141
2540 2 2145
2541 2 286
2542 2 73
2543 2 342
2544 2 2289
2545 2 2376
2546 2 1454
2547 2 347
2548 2 2519
2549 2 101
2550 5 407
2551 2 1414
2552 2 235
2553 2 2291
2554 2 2490
2555 2 1632
2556 2 217
2557 2 151
2558 2 2166
2559 2 1540
2560 9 5729
2561 2 144
2562 2 102
2563 2 167
2564 2 2403
2565 2 1950
2566 2 2478
2567 2 1963
2568 2 31
2569 2 2489
2570 2 83
2571 2 31
2572 2 1371
2573 2 1924
2574 2 186
2575 2 1965
2576 2 2291
2577 2 1887
2578 2 1714
2579 2 233
2580 2 1923
2581 2 2042
2582 2 2304
2583 2 1262
2584 2 2532
2585 2 2426
2586 2 60
2587 2 2235
2588 2 2201
2589 2 1920
2590 2 1425
2591 2 175
2592 2 2139
2593 2 837
2594 2 2421
2595 2 2569
2596 2 2237
2597 2 2217
2598 2 200
2599 2 2563
2600 2 2566
2601 2 2372
2602 2 2391
2603 2 2403
2604 2 2175
2605 2 2
2606 2 192
2607 2 1278
2608 2 2192
2609 4 3069
2610 2 2379
2611 2 2195
2612 2 937
2613 2 297
2614 2 2108
2615 2 2210
2616 2 2288
2617 2 2561
2618 2 153
2619 2 837
2620 2 2358
2621 2 2166
2622 2 1975
2623 2 1132
2624 2 1625
2625 2 16
2626 2 2339
2627 2 2007
2628 2 285
2629 2 2017
2630 2 990
2631 2 96
2632 2 2215
2633 2 1349
2634 2 1571
2635 2 2271
2636 2 2
2637 2 132
2638 2 1978
2639 2 1973
2640 2 1938
2641 2 2430
2642 2 1970
2643 2 2538
2644 2 2269
2645 2 1723
2646 2 2444
2647 2 2417
2648 2 213
2649 2 2168
2650 2 2159
2651 2 2573
2652 2 2554
2653 2 175
2654 2 2431
2655 2 2389
2656 2 1992
2657 2 2013
2658 2 2201
2659 2 88
2660 2 2002
2661 1 2851
2662 1 61
2663 1 3297
2664 1 724
2665 1 3071
2666 1 3263
2667 1 840
2668 1 3222
2669 1 759
2670 1 3010
2671 1 816
2672 1 2737
2673 1 2897
2674 1 847
2675 1 3414
2676 1 0
2677 1 712
2678 1 2676
2679 1 838
2680 1 2813
2681 1 2711
2682 1 2851
2683 1 699
2684 1 816
2685 1 2745
2686 9 4271
2687 1 3008
2688 1 3415
2689 1 1666
2690 1 2816
2691 1 3004
2692 1 850
2693 1 3085
2694 1 3005
2695 1 3428
2696 1 2729
2697 1 703
2698 1 3036
2699 1 884
2700 1 813
2701 1 747
2702 1 2899
2703 1 2901
2704 1 882
2705 1 3296
2706 1 3357
2707 1 3116
2708 1 2905
2709 1 2777
2710 1 2990
2711 1 3182
2712 1 3108
2713 1 1666
2714 1 3325
2715 1 781
2716 1 2832
2717 1 2938
2718 1 729
2719 1 3196
2720 1 3176
2721 1 3260
2722 1 3402
2723 1 990
2724 1 2814
2725 1 855
2726 1 3078
2727 1 811
2728 1 764
2729 1 3334
2730 2 480
2731 1 3018
2732 1 3293
2733 3 2886
2734 1 2845
2735 1 2789
2736 1 3236
2737 1 3045
2738 1 855
2739 1 2946
2740 1 2805
2741 1 2934
2742 1 2889
2743 1 780
2744 1 2851
2745 1 3203
2746 1 753
2747 2 3377
2748 1 827
2749 1 759
2750 1 3122
2751 1 2705
2752 1 813
2753 1 2738
2754 1 837
2755 1 2675
2756 1 876
2757 1 2678
2758 1 3338
2759 1 3236
2760 1 2807
2761 1 845
2762 1 3108
2763 1 3201
2764 1 889
2765 1 3374
2766 1 3054
2767 1 3301
2768 1 3338
2769 1 785
2770 1 2940
2771 1 812
2772 1 3031
2773 1 3199
2774 1 2718
2775 1 2851
2776 1 813
2777 1 2938
2778 1 694
2779 1 61
2780 1 764
2781 1 2982
2782 1 698
2783 1 2745
2784 1 3412
2785 1 3412
2786 1 893
2787 1 3303
2788 1 91
2789 1 3199
2790 2 3542
2791 1 794
2792 1 2934
2793 1 2861
2794 1 693
2795 1 3018
2796 1 3312
2797 1 2759
2798 1 3071
2799 1 890
2800 1 2720
2801 1 3189
2802 1 2805
2803 1 3044
2804 1 830
2805 1 3415
2806 1 3019
2807 1 688
2808 1 2765
2809 1 3126
2810 1 726
2811 1 801
2812 1 812
2813 1 2926
2814 1 741
2815 1 990
2816 1 3131
2817 1 2694
2818 1 2937
2819 1 2861
2820 1 731
2821 1 3033
2822 1 3256
2823 1 3306
2824 1 826
2825 1 3319
2826 1 840
2827 1 3119
2828 1 688
2829 1 3299
2830 1 729
2831 1 2805
2832 1 3134
2833 1 845
2834 1 3020
2835 1 2808
2836 1 3349
2837 1 3400
2838 1 1390
2839 1 3071
2840 1 3104
2841 1 737
2842 1 2690
2843 1 3185
2844 1 3040
2845 1 3090
2846 1 3257
2847 1 3271
2848 1 3402
2849 1 2880
2850 1 2807
2851 1 762
2852 1 710
2853 1 2684
2854 1 2835
2855 1 3014
2856 1 2820
2857 1 2949
2858 1 3196
2859 1 201
2860 1 2809
2861 1 3372
2862 1 869
2863 1 729
2864 1 3197
2865 1 2835
2866 1 3296
2867 1 3226
2868 1 757
2869 1 706
2870 1 3095
2871 1 3015
2872 1 2821
2873 1 804
2874 1 2715
2875 1 3285
2876 1 1656
2877 1 3371
2878 1 3168
2879 1 781
2880 1 775
2881 1 1666
2882 1 61
2883 1 2855
2884 1 3356
2885 1 1383
2886 1 259
2887 1 2993
2888 1 3233
2889 1 876
2890 1 2852
2891 1 3415
2892 1 755
2893 1 2983
2894 1 3051
2895 1 3036
2896 1 763
2897 1 3374
2898 1 3219
2899 1 854
2900 1 2977
2901 1 3024
2902 1 2875
2903 1 3412
2904 1 3421
2905 1 3233
2906 1 3223
2907 1 836
2908 1 195
2909 1 990
2910 1 719
2911 1 2802
2912 1 826
2913 6 4395
2914 1 2970
2915 1 3261
2916 1 3137
2917 1 757
2918 1 2815
2919 1 2682
2920 3 3752
2921 1 3057
2922 1 2896
2923 1 3131
2924 1 3310
2925 1 3122
2926 1 3342
2927 1 2879
2928 1 2713
2929 1 2723
2930 1 3013
2931 1 836
2932 1 736
2933 1 3286
2934 1 2754
2935 1 778
2936 1 3022
2937 1 840
2938 1 2688
2939 1 3190
2940 1 816
2941 1 797
2942 1 793
2943 1 240
2944 1 2831
2945 1 218
2946 1 3009
2947 1 3025
2948 1 2942
2949 1 3415
2950 1 3260
2951 1 3015
2952 1 2662
2953 1 695
2954 1 889
2955 1 837
2956 1 855
2957 1 808
2958 1 2931
2959 1 883
2960 1 3160
2961 1 2767
2962 1 2684
2963 1 836
2964 1 883
2965 1 2724
2966 1 2719
2967 1 2814
2968 1 766
2969 1 2934
2970 1 2681
2971 4 1401
2972 1 2706
2973 1 751
2974 1 61
2975 1 769
2976 1 687
2977 1 2979
2978 1 3007
2979 1 3361
2980 1 3045
2981 1 798
2982 1 816
2983 1 2989
2984 1 2688
2985 1 892
2986 1 813
2987 1 3254
2988 1 778
2989 1 2698
2990 1 2754
2991 1 2676
2992 1 2740
2993 1 3056
2994 1 2947
2995 1 837
2996 1 713
2997 1 2689
2998 1 2702
2999 1 2917
3000 3 2330
3001 1 847
3002 8 3008
3003 1 1895
3004 1 3157
3005 1 3361
3006 1 687
3007 1 2847
3008 1 2765
3009 1 784
3010 1 3238
3011 1 2806
3012 1 854
3013 1 876
3014 1 694
3015 1 3335
3016 1 3279
3017 1 2693
3018 1 3415
3019 1 2689
3020 1 2731
3021 1 990
3022 1 3019
3023 1 854
3024 1 845
3025 1 2805
3026 1 3329
3027 1 3330
3028 1 3076
3029 1 2725
3030 1 2680
3031 1 2952
3032 1 2859
3033 1 3381
3034 1 2706
3035 1 2928
3036 1 3015
3037 1 218
3038 1 2667
3039 1 2707
3040 1 2970
3041 1 2843
3042 1 2781
3043 1 2830
3044 1 2963
3045 1 709
3046 1 2840
3047 1 2879
3048 1 883
3049 1 3103
3050 1 2970
3051 1 2688
3052 1 2956
3053 1 3303
3054 1 736
3055 1 2765
3056 1 824
3057 1 3052
3058 1 2949
3059 1 2896
3060 1 3084
3061 1 863
3062 1 3045
3063 1 3261
3064 1 736
3065 1 826
3066 1 2808
3067 1 245
3068 1 3209
3069 1 2741
3070 1 821
3071 1 2988
3072 1 3095
3073 1 3103
3074 1 844
3075 1 2937
3076 1 306
3077 1 2737
3078 1 3322
3079 1 2722
3080 1 3391
3081 1 3044
3082 3 1414
3083 1 2679
3084 1 2697
3085 1 2799
3086 1 1534
3087 1 2755
3088 1 2675
3089 1 2665
3090 1 2808
3091 1 782
3092 1 3061
3093 1 3077
3094 1 2818
3095 1 3181
3096 1 780
3097 1 729
3098 1 2700
3099 1 3033
3100 1 2758
3101 3 1469
3102 1 2990
3103 1 3188
3104 1 3098
3105 1 3277
3106 1 3293
3107 1 2698
3108 1 2712
3109 1 812
3110 1 811
3111 1 2970
3112 1 2678
3113 1 712
3114 1 3007
3115 1 2938
3116 1 778
3117 1 3419
3118 1 3129
3119 1 3142
3120 1 3034
3121 1 2849
3122 1 3098
3123 1 860
3124 1 692
3125 1 3275
3126 1 713
3127 1 817
3128 1 2806
3129 1 3412
3130 1 2784
3131 1 850
3132 1 2979
3133 1 784
3134 1 2779
3135 1 845
3136 1 2923
3137 1 859
3138 1 3056
3139 1 2973
3140 1 737
3141 1 3192
3142 1 2931
3143 1 3368
3144 1 2760
3145 1 3079
3146 1 2850
3147 1 730
3148 1 2989
3149 1 770
3150 1 2812
3151 1 3094
3152 1 2698
3153 1 3057
3154 1 795
3155 1 3229
3156 1 2977
3157 1 2884
3158 1 821
3159 1 3126
3160 1 2758
3161 1 3333
3162 1 2981
3163 1 3040
3164 1 844
3165 1 753
3166 1 2918
3167 1 91
3168 1 2667
3169 1 3404
3170 1 3236
3171 1 734
3172 1 752
3173 1 891
3174 1 3109
3175 1 2815
3176 1 3165
3177 1 3184
3178 1 3383
3179 1 3126
3180 1 876
3181 1 3095
3182 1 3249
3183 1 3020
3184 1 2829
3185 1 882
3186 1 2705
3187 1 3010
3188 1 772
3189 1 2720
3190 1 2745
3191 1 2746
3192 1 2665
3193 3 1912
3194 1 3159
3195 1 845
3196 1 2846
3197 1 2864
3198 1 3126
3199 1 3109
3200 1 739
3201 1 2814
3202 1 3312
3203 1 847
3204 1 2765
3205 1 2814
3206 1 2725
3207 1 891
3208 1 770
3209 1 696
3210 1 2929
3211 1 2823
3212 1 2890
3213 1 2886
3214 1 2868
3215 1 2711
3216 1 3187
3217 1 2757
3218 1 3014
3219 1 2714
3220 1 2739
3221 1 3247
3222 1 718
3223 1 2661
3224 1 817
3225 1 2904
3226 1 740
3227 1 3100
3228 1 3147
3229 1 2694
3230 1 2688
3231 1 2860
3232 1 3097
3233 1 2888
3234 1 3190
3235 1 3088
3236 1 757
3237 1 2983
3238 1 753
3239 1 730
3240 1 3045
3241 1 795
3242 1 2975
3243 1 2969
3244 1 3227
3245 1 3066
3246 1 3109
3247 1 2975
3248 1 2803
3249 1 3133
3250 1 2703
3251 1 2754
3252 1 2988
3253 1 792
3254 1 2887
3255 1 2720
3256 1 3161
3257 1 765
3258 1 3135
3259 1 3119
3260 1 883
3261 1 1534
3262 1 2770
3263 1 2960
3264 1 845
3265 1 783
3266 1 2661
3267 1 2958
3268 1 2972
3269 1 3114
3270 1 2963
3271 1 2830
3272 9 3720
3273 1 2998
3274 1 3150
3275 1 2865
3276 1 3386
3277 1 736
3278 1 3021
3279 1 829
3280 1 2764
3281 1 3046
3282 1 3130
3283 1 2986
3284 1 696
3285 1 3190
3286 1 3125
3287 1 3166
3288 1 2871
3289 1 3283
3290 1 1452
3291 1 2809
3292 1 3041
3293 1 2795
3294 1 3111
3295 1 2763
3296 1 829
3297 1 3368
3298 1 2909
3299 1 3341
3300 1 3088
3301 1 2823
3302 1 3133
3303 1 3108
3304 1 3195
3305 1 2736
3306 1 2765
3307 1 3184
3308 1 2810
3309 1 2760
3310 1 2933
3311 1 3027
3312 1 3178
3313 1 743
3314 1 3102
3315 1 697
3316 1 821
3317 1 273
3318 1 3020
3319 1 3179
3320 1 2706
3321 1 4
3322 1 2879
3323 1 810
3324 1 688
3325 1 3378
3326 1 2802
3327 1 2764
3328 1 856
3329 1 752
3330 1 3036
3331 1 3011
3332 1 2978
3333 1 847
3334 1 2689
3335 1 2816
3336 1 2767
3337 1 2703
3338 1 3368
3339 1 3071
3340 1 3058
3341 1 3099
3342 1 696
3343 1 2806
3344 1 3233
3345 1 3093
3346 1 3159
3347 1 3414
3348 1 3418
3349 1 3139
3350 1 3282
3351 2 3537
3352 1 201
3353 1 2899
3354 1 3049
3355 1 3285
3356 1 2884
3357 1 3099
3358 1 3106
3359 1 892
3360 1 2764
3361 1 3015
3362 1 2907
3363 1 4
3364 1 2768
3365 1 3253
3366 1 3059
3367 1 1642
3368 1 3043
3369 1 2694
3370 1 2855
3371 1 4
3372 1 2979
3373 1 1642
3374 1 2982
3375 1 694
3376 1 3201
3377 1 687
3378 1 847
3379 1 2860
3380 1 3112
3381 1 698
3382 1 3009
3383 1 2953
3384 1 2930
3385 2 3175
3386 1 2821
3387 1 1666
3388 1 3276
3389 1 743
3390 1 2784
3391 1 3080
3392 1 706
3393 1 3207
3394 1 3020
3395 1 3143
3396 1 3215
3397 1 697
3398 1 824
3399 1 3038
3400 1 2985
3401 1 3368
3402 1 3181
3403 1 3167
3404 1 2850
3405 1 3005
3406 1 3035
3407 1 2783
3408 1 2891
3409 1 3118
3410 1 1656
3411 1 2793
3412 1 2714
3413 1 3130
3414 1 990
3415 1 749
3416 1 3366
3417 1 2995
3418 1 718
3419 1 181
3420 1 3020
3421 1 2934
3422 1 844
3423 2 2812
3424 1 688
3425 1 819
3426 1 3337
3427 1 3179
3428 1 2934
3429 1 3015
3430 1 2817
3431 1 766
3432 1 3345
3433 1 808
3434 1 2966
3435 1 3007
3436 1 859
3437 1 4037
3438 1 802
3439 1 725
3440 1 3625
3441 1 378
3442 1 418
3443 1 3978
3444 1 3700
3445 1 3596
3446 1 3489
3447 1 3823
3448 1 668
3449 1 857
3450 1 3449
3451 1 502
3452 1 796
3453 1 3644
3454 1 4033
3455 1 496
3456 1 3591
3457 3 2371
3458 1 403
3459 1 3463
3460 1 376
3461 1 3587
3462 1 879
3463 1 3968
3464 1 683
3465 1 789
3466 1 523
3467 1 517
3468 1 3736
3469 1 566
3470 1 3700
3471 1 281
3472 1 3665
3473 1 518
3474 1 425
3475 1 3446
3476 1 623
3477 1 3811
3478 1 3684
3479 1 514
3480 1 588
3481 1 3754
3482 1 682
3483 1 3890
3484 1 3453
3485 1 3922
3486 1 4037
3487 1 602
3488 1 3764
3489 1 676
3490 1 3635
3491 1 554
3492 1 658
3493 1 541
3494 1 3771
3495 1 3607
3496 1 516
3497 1 3933
3498 1 370
3499 1 3683
3500 1 365
3501 1 527
3502 1 3532
3503 1 3821
3504 1 3664
3505 1 3498
3506 1 355
3507 1 518
3508 1 378
3509 1 3764
3510 1 3811
3511 1 516
3512 1 3656
3513 1 565
3514 1 613
3515 1 3979
3516 1 468
3517 1 3528
3518 1 428
3519 1 650
3520 1 475
3521 1 437
3522 1 496
3523 1 617
3524 1 502
3525 1 372
3526 1 3692
3527 1 359
3528 1 309
3529 1 529
3530 1 3821
3531 1 3621
3532 1 3453
3533 2 3916
3534 1 561
3535 1 645
3536 1 509
3537 1 671
3538 1 602
3539 1 425
3540 10 1810
3541 1 3936
3542 1 407
3543 1 351
3544 1 491
3545 1 426
3546 1 3743
3547 1 424
3548 1 518
3549 1 549
3550 1 3511
3551 1 3715
3552 1 416
3553 1 3715
3554 1 3555
3555 1 791
3556 1 309
3557 1 662
3558 1 3476
3559 1 1085
3560 1 3656
3561 1 3692
3562 1 3739
3563 1 3729
3564 1 3798
3565 1 4027
3566 1 879
3567 1 3769
3568 1 543
3569 1 3595
3570 1 392
3571 1 403
3572 1 3932
3573 1 430
3574 1 3484
3575 1 672
3576 1 367
3577 1 868
3578 1 568
3579 1 3446
3580 1 3532
3581 1 3849
3582 1 3801
3583 1 3516
3584 1 452
3585 1 429
3586 1 872
3587 1 414
3588 1 4025
3589 1 3838
3590 1 643
3591 1 1
3592 1 633
3593 1 3749
3594 1 108
3595 1 3671
3596 1 408
3597 1 3481
3598 1 450
3599 1 3665
3600 1 3837
3601 1 630
3602 1 415
3603 1 689
3604 1 3970
3605 1 671
3606 1 3508
3607 1 442
3608 1 127
3609 1 3781
3610 1 460
3611 1 4027
3612 1 3932
3613 1 3710
3614 1 620
3615 1 636
3616 1 358
3617 1 173
3618 1 571
3619 1 3526
3620 1 516
3621 1 3685
3622 1 617
3623 1 510
3624 1 499
3625 1 499
3626 1 3761
3627 1 404
3628 1 568
3629 1 3462
3630 1 3548
3631 1 681
3632 1 135
3633 1 3583
3634 1 617
3635 1 595
3636 1 411
3637 1 3445
3638 1 3759
3639 1 671
3640 1 4029
3641 1 714
3642 1 3458
3643 1 3468
3644 1 544
3645 1 3700
3646 1 3451
3647 1 3470
3648 1 369
3649 1 3726
3650 1 496
3651 1 461
3652 1 3462
3653 1 452
3654 1 3751
3655 1 491
3656 1 453
3657 1 3579
3658 1 3547
3659 5 3148
3660 1 505
3661 1 3449
3662 1 622
3663 1 3490
3664 1 3484
3665 1 3738
3666 1 3810
3667 1 670
3668 1 3528
3669 1 555
3670 1 488
3671 1 3523
3672 1 3547
3673 1 376
3674 1 355
3675 1 543
3676 1 352
3677 1 789
3678 1 3534
3679 1 879
3680 1 628
3681 1 560
3682 1 3912
3683 1 673
3684 1 423
3685 1 789
3686 1 3594
3687 1 309
3688 1 3512
3689 1 3523
3690 1 611
3691 1 3636
3692 1 399
3693 1 3657
3694 1 3466
3695 4 840
3696 1 3830
3697 1 3463
3698 1 3484
3699 1 3906
3700 1 662
3701 1 3511
3702 1 3580
3703 1 284
3704 1 419
3705 1 48
3706 1 4004
3707 1 3461
3708 1 3471
3709 1 532
3710 1 552
3711 1 540
3712 1 3471
3713 1 3496
3714 1 681
3715 1 511
3716 1 3821
3717 1 425
3718 1 3881
3719 1 561
3720 1 595
3721 1 461
3722 1 541
3723 1 3476
3724 1 457
3725 1 3732
3726 1 447
3727 1 3923
3728 1 3616
3729 1 544
3730 1 3479
3731 1 3848
3732 1 494
3733 1 3523
3734 1 90
3735 1 499
3736 1 412
3737 1 450
3738 1 3509
3739 1 3673
3740 1 3514
3741 1 3673
3742 1 42
3743 1 3547
3744 1 3772
3745 1 350
3746 2 1448
3747 1 560
3748 1 3739
3749 1 3772
3750 1 3841
3751 1 3624
3752 2 1648
3753 1 3503
3754 1 542
3755 1 3598
3756 1 4035
3757 1 612
3758 1 530
3759 1 395
3760 1 376
3761 1 3692
3762 1 3489
3763 1 4004
3764 1 673
3765 1 520
3766 1 3825
3767 1 3473
3768 2 384
3769 1 571
3770 1 3668
3771 1 3632
3772 1 511
3773 1 3749
3774 1 3609
3775 1 3602
3776 1 166
3777 1 3443
3778 1 3643
3779 1 3708
3780 1 281
3781 1 378
3782 1 3823
3783 1 3625
3784 1 3779
3785 1 3582
3786 1 3534
3787 1 871
3788 1 491
3789 1 487
3790 1 284
3791 1 566
3792 1 3592
3793 1 3476
3794 1 494
3795 1 621
3796 1 3508
3797 1 3629
3798 1 3765
3799 1 3534
3800 1 527
3801 1 388
3802 1 3558
3803 1 3673
3804 1 355
3805 1 3482
3806 1 3558
3807 1 309
3808 1 423
3809 7 4622
3810 1 3548
3811 1 447
3812 1 472
3813 1 858
3814 1 463
3815 1 3459
3816 1 3664
3817 1 381
3818 1 127
3819 1 3489
3820 1 3822
3821 1 127
3822 1 544
3823 1 491
3824 1 3900
3825 1 1085
3826 1 3921
3827 1 416
3828 3 4108
3829 1 3807
3830 1 443
3831 1 489
3832 1 3500
3833 1 3687
3834 1 3589
3835 1 541
3836 1 626
3837 1 3600
3838 1 3505
3839 1 3802
3840 1 393
3841 1 3640
3842 1 518
3843 1 3517
3844 1 615
3845 1 3498
3846 1 3644
3847 1 1085
3848 1 3543
3849 1 655
3850 1 3487
3851 1 3810
3852 1 504
3853 1 3779
3854 1 3847
3855 1 492
3856 1 471
3857 1 3479
3858 1 3711
3859 1 3703
3860 1 457
3861 1 3562
3862 1 502
3863 1 3705
3864 1 368
3865 1 3517
3866 1 655
3867 1 403
3868 1 678
3869 1 3923
3870 1 636
3871 1 3624
3872 1 3476
3873 1 3963
3874 1 3588
3875 1 3709
3876 1 441
3877 1 615
3878 1 4025
3879 1 3778
3880 1 418
3881 1 3996
3882 1 487
3883 1 479
3884 1 626
3885 2 1202
3886 1 586
3887 1 3460
3888 1 3870
3889 1 689
3890 1 531
3891 1 3738
3892 5 5258
3893 1 487
3894 1 3709
3895 1 3655
3896 1 3583
3897 1 375
3898 1 3737
3899 1 364
3900 1 3767
3901 1 3910
3902 1 3692
3903 1 589
3904 1 612
3905 1 3530
3906 1 642
3907 1 871
3908 1 3463
3909 1 599
3910 1 3896
3911 1 448
3912 1 3883
3913 1 198
3914 1 360
3915 1 3617
3916 1 577
3917 1 602
3918 1 491
3919 1 547
3920 3 5768
3921 1 634
3922 1 3503
3923 1 0
3924 1 360
3925 1 3855
3926 1 3766
3927 1 382
3928 1 595
3929 1 127
3930 1 349
3931 1 3606
3932 1 666
3933 1 543
3934 1 3713
3935 1 595
3936 1 3987
3937 1 868
3938 1 3827
3939 1 3798
3940 1 3496
3941 1 3704
3942 1 3905
3943 1 479
3944 1 552
3945 1 3528
3946 1 428
3947 1 387
3948 1 3836
3949 1 3790
3950 1 671
3951 1 3687
3952 1 468
3953 1 3928
3954 1 603
3955 1 437
3956 1 3559
3957 1 402
3958 1 3692
3959 1 3856
3960 1 3482
3961 1 3876
3962 1 364
3963 1 3803
3964 1 352
3965 1 3866
3966 1 3583
3967 1 467
3968 1 3511
3969 1 396
3970 1 3559
3971 1 3972
3972 1 3621
3973 1 3872
3974 1 714
3975 1 3574
3976 1 3475
3977 1 702
3978 1 542
3979 1 3600
3980 1 281
3981 1 3565
3982 1 3721
3983 1 662
3984 1 320
3985 1 431
3986 1 3822
3987 1 3923
3988 1 3587
3989 1 513
3990 1 3803
3991 1 3765
3992 1 802
3993 1 611
3994 1 481
3995 1 3963
3996 1 511
3997 1 3743
3998 1 3694
3999 1 614
4000 1 3837
4001 1 776
4002 1 702
4003 1 3822
4004 1 3555
4005 1 3603
4006 1 3884
4007 1 3960
4008 1 702
4009 1 689
4010 3 5076
4011 1 477
4012 1 681
4013 1 3667
4014 1 387
4015 1 3471
4016 1 3881
4017 1 620
4018 1 3647
4019 1 351
4020 1 503
4021 1 3485
4022 1 885
4023 1 866
4024 1 427
4025 1 542
4026 1 383
4027 1 3750
4028 1 464
4029 1 3584
4030 1 655
4031 1 48
4032 1 3868
4033 1 399
4034 1 403
4035 1 638
4036 1 3948
4037 1 3819
4038 1 3730
4039 2 630
4040 9 4447
4041 2 1773
4042 2 1570
4043 2 790
4044 4 1891
4045 3 5120
4046 9 3846
4047 2 1909
4048 3 2327
4049 3 3560
4050 4 4341
4051 10 5699
4052 11 1512
4053 10 3553
4054 11 3008
4055 6 1324
4056 2 3576
4057 2 739
4058 3 187
4059 2 1292
4060 3 2307
4061 2 1474
4062 8 230
4063 4 3987
4064 4 3427
4065 4 1595
4066 4 3890
4067 2 1680
4068 3 2632
4069 13 669
4070 2 3841
4071 2 1353
4072 3 132
4073 2 1548
4074 2 2778
4075 2 3326
4076 4 4874
4077 5 1374
4078 5 3373
4079 3 3321
4080 2 1678
4081 2 1045
4082 2 1639
4083 9 2225
4084 2 677
4085 5 3084
4086 5 4080
4087 3 1454
4088 8 1920
4089 7 3387
4090 2 1092
4091 4 1581
4092 7 1691
4093 7 4620
4094 9 3445
4095 4 182
4096 2 518
4097 2 3951
4098 6 1864
4099 5 2491
4100 2 3283
4101 4 5708
4102 3 1824
4103 2 1864
4104 3 5082
4105 6 3008
4106 13 5354
4107 2 3364
4108 2 1885
4109 2 2951
4110 10 2854
4111 9 2993
4112 2 884
4113 2 1341
4114 2 1521
4115 2 1246
4116 3 813
4117 4 4119
4118 4 1414
4119 3 18
4120 2 1707
4121 2 1500
4122 2 1699
4123 4 1774
4124 2 3460
4125 2 1518
4126 3 4274
4127 6 1882
4128 3 3317
4129 2 3692
4130 7 616
4131 4 112
4132 4 2861
4133 3 214
4134 2 2743
4135 2 1595
4136 2 3610
4137 4 5670
4138 2 1712
4139 2 3464
4140 2 1420
4141 4 5762
4142 7 5369
4143 5 2413
4144 3 4487
4145 2 2661
4146 2 1201
4147 2 1003
4148 2 768
4149 7 2436
4150 2 3042
4151 6 5221
4152 8 1731
4153 3 1474
4154 4 4426
4155 4 470
4156 3 3696
4157 2 3372
4158 2 1353
4159 3 3752
4160 2 726
4161 4 2134
4162 3 1270
4163 4 3210
4164 4 4801
4165 2 3121
4166 3 2804
4167 5 3518
4168 2 1760
4169 3 695
4170 3 4316
4171 4 3666
4172 3 3837
4173 3 3697
4174 8 1203
4175 2 1252
4176 3 3399
4177 4 1961
4178 3 3234
4179 2 3008
4180 2 1711
4181 4 2362
4182 2 1267
4183 2 1396
4184 4 450
4185 2 1796
4186 8 191
4187 2 1882
4188 9 3686
4189 3 2364
4190 3 2060
4191 2 3690
4192 3 322
4193 2 2925
4194 6 2153
4195 4 1198
4196 2 1864
4197 2 724
4198 2 3744
4199 7 5800
4200 3 3086
4201 3 2415
4202 3 1971
4203 3 5317
4204 2 355
4205 2 1871
4206 7 4324
4207 4 4792
4208 2 584
4209 6 869
4210 3 5558
4211 3 1723
4212 5 4424
4213 5 1564
4214 2 1597
4215 5 4919
4216 2 739
4217 2 3603
4218 7 2065
4219 2 965
4220 3 2306
4221 2 3099
4222 10 3039
4223 4 1912
4224 8 1556
4225 4 1248
4226 2 3619
4227 2 1845
4228 2 1397
4229 7 1864
4230 8 1703
4231 6 5905
4232 3 4517
4233 7 1259
4234 3 2294
4235 2 3003
4236 2 2863
4237 4 1525
4238 2 3526
4239 4 3379
4240 3 1556
4241 3 112
4242 5 3931
4243 2 855
4244 2 1602
4245 9 1695
4246 2 837
4247 2 1845
4248 2 3088
4249 2 372
4250 3 950
4251 3 1387
4252 2 3833
4253 2 1868
4254 2 774
4255 3 2172
4256 4 96
4257 3 1127
4258 2 4019
4259 2 3251
4260 6 3176
4261 8 4395
4262 3 974
4263 3 3271
4264 5 2580
4265 4 4535
4266 6 2485
4267 4 4024
4268 4 1199
4269 3 1374
4270 12 4578
4271 3 5800
4272 5 4551
4273 4 3781
4274 2 2918
4275 11 3165
4276 3 1564
4277 3 2433
4278 4 2327
4279 3 1544
4280 8 1542
4281 3 1954
4282 3 624
4283 3 5018
4284 2 1092
4285 2 3613
4286 2 3806
4287 4 2383
4288 2 3471
4289 4 2650
4290 3 1474
4291 2 443
4292 10 1510
4293 2 1178
4294 2 1398
4295 3 3987
4296 3 4036
4297 3 2345
4298 2 3806
4299 2 1308
4300 4 3607
4301 6 3269
4302 5 823
4303 2 1845
4304 4 5317
4305 8 634
4306 2 2698
4307 2 709
4308 2 3841
4309 3 3289
4310 4 1712
4311 3 1333
4312 4 240
4313 4 3669
4314 3 3644
4315 7 132
4316 2 3841
4317 3 5072
4318 2 1726
4319 3 2111
4320 2 1909
4321 3 191
4322 3 2900
4323 3 4815
4324 3 4585
4325 3 845
4326 2 2960
4327 4 3864
4328 2 3081
4329 8 4176
4330 2 1581
4331 2 3500
4332 3 3524
4333 2 1145
4334 4 1595
4335 3 3677
4336 3 4551
4337 2 3185
4338 5 3474
4339 2 1091
4340 2 3519
4341 2 3344
4342 4 5732
4343 3 2633
4344 5 3349
4345 11 4554
4346 2 739
4347 2 869
4348 5 4081
4349 7 4294
4350 6 2851
4351 7 1712
4352 3 1324
4353 3 2915
4354 3 165
4355 2 1880
4356 2 1474
4357 6 654
4358 3 202
4359 4 813
4360 3 2934
4361 8 5768
4362 2 1884
4363 9 2299
4364 6 1003
4365 8 3008
4366 2 1478
4367 2 1442
4368 2 2698
4369 5 3569
4370 2 3529
4371 7 1952
4372 5 2344
4373 2 1474
4374 4 1307
4375 3 1932
4376 3 959
4377 4 5756
4378 2 1624
4379 2 3744
4380 2 3870
4381 3 3008
4382 2 2825
4383 6 2490
4384 7 5639
4385 3 1252
4386 3 1800
4387 10 3445
4388 4 1333
4389 2 1864
4390 3 3660
4391 2 1604
4392 3 4437
4393 9 2760
4394 3 5889
4395 2 1170
4396 5 2901
4397 2 423
4398 2 1367
4399 10 3868
4400 3 1714
4401 4 212
4402 3 126
4403 2 621
4404 4 3387
4405 4 3979
4406 2 3414
4407 2 1374
4408 4 2329
4409 2 1707
4410 2 3411
4411 4 5800
4412 2 3537
4413 2 1328
4414 3 873
4415 11 40
4416 5 1259
4417 4 5708
4418 3 837
4419 4 3148
4420 10 473
4421 4 1881
4422 3 4874
4423 2 3448
4424 4 762
4425 5 4974
4426 3 3221
4427 2 1414
4428 3 3341
4429 2 3680
4430 3 1581
4431 4 191
4432 3 4482
4433 2 3724
4434 8 5307
4435 2 802
4436 2 3008
4437 2 1142
4438 2 1849
4439 2 3452
4440 2 1864
4441 4 1383
4442 2 3189
4443 2 1142
4444 2 3576
4445 3 4753
4446 7 1864
4447 3 829
4448 2 1813
4449 9 3576
4450 7 3387
4451 6 1951
4452 6 4172
4453 5 2096
4454 4 1914
4455 2 3807
4456 3 3241
4457 3 3008
4458 2 2760
4459 2 1318
4460 10 3008
4461 2 1333
4462 4 3008
4463 6 5255
4464 2 1864
4465 2 3427
4466 2 1870
4467 3 1965
4468 4 5708
4469 4 5882
4470 3 1441
4471 7 711
4472 8 2218
4473 3 1199
4474 4 5867
4475 3 3954
4476 2 309
4477 3 4140
4478 5 733
4479 2 633
4480 4 2147
4481 6 449
4482 2 1788
4483 8 3090
4484 2 3763
4485 8 3457
4486 13 5342
4487 2 1009
4488 3 1662
4489 3 958
4490 2 2807
4491 2 1027
4492 5 520
4493 8 3600
4494 4 2153
4495 3 2095
4496 2 3367
4497 4 3703
4498 2 1909
4499 2 1132
4500 2 3955
4501 2 3489
4502 8 3447
4503 10 357
4504 2 1430
4505 3 560
4506 4 3660
4507 4 191
4508 2 553
4509 2 1637
4510 3 727
4511 2 611
4512 2 1595
4513 3 4018
4514 5 4316
4515 3 270
4516 3 264
4517 2 1723
4518 4 688
4519 2 3696
4520 2 2798
4521 3 896
4522 8 4882
4523 2 2852
4524 5 3967
4525 2 837
4526 11 1499
4527 3 2722
4528 2 3879
4529 2 3496
4530 3 1908
4531 7 2218
4532 2 1811
4533 3 3576
4534 4 2027
4535 2 2714
4536 3 2062
4537 2 0
4538 4 1518
4539 4 2121
4540 5 2903
4541 4 1778
4542 2 1372
4543 3 554
4544 7 2900
4545 2 2760
4546 5 4866
4547 2 1366
4548 7 3668
4549 2 1903
4550 3 2224
4551 2 1069
4552 3 290
4553 6 2167
4554 5 1212
4555 3 3825
4556 3 1144
4557 2 3961
4558 2 744
4559 10 5800
4560 7 1734
4561 6 1374
4562 2 616
4563 4 4336
4564 2 2715
4565 2 3238
4566 5 3086
4567 5 196
4568 3 3058
4569 2 787
4570 2 3409
4571 3 5646
4572 3 2128
4573 5 2263
4574 11 2143
4575 3 1245
4576 3 46
4577 7 4518
4578 3 4482
4579 2 3807
4580 5 2494
4581 4 4913
4582 2 1128
4583 3 3995
4584 4 5164
4585 2 2904
4586 9 2446
4587 2 884
4588 11 177
4589 2 1881
4590 4 192
4591 3 3491
4592 3 3865
4593 3 2396
4594 2 3743
4595 3 4643
4596 3 2860
4597 2 600
4598 2 1067
4599 2 3490
4600 9 2844
4601 3 2060
4602 2 726
4603 7 2900
4604 2 1691
4605 11 4376
4606 3 3320
4607 5 4395
4608 2 3456
4609 3 1159
4610 6 3241
4611 6 1201
4612 8 31
4613 6 1940
4614 2 918
4615 13 5612
4616 7 2436
4617 3 5560
4618 2 1647
4619 4 2614
4620 4 96
4621 3 112
4622 2 1003
4623 3 2663
4624 5 2440
4625 3 4180
4626 2 705
4627 3 1626
4628 11 3798
4629 4 494
4630 2 1547
4631 6 5517
4632 4 2448
4633 3 3048
4634 2 3399
4635 3 2404
4636 3 956
4637 2 1446
4638 7 3261
4639 6 3040
4640 7 5120
4641 4 766
4642 2 519
4643 2 958
4644 6 2421
4645 3 5904
4646 4 5127
4647 4 3510
4648 3 2904
4649 9 1366
4650 11 5800
4651 2 1140
4652 2 3181
4653 3 4795
4654 2 1292
4655 6 4874
4656 2 3692
4657 2 1356
4658 3 4921
4659 6 5085
4660 2 3365
4661 3 1707
4662 6 1583
4663 2 3576
4664 13 4649
4665 2 1474
4666 7 4271
4667 2 1703
4668 7 2153
4669 5 3680
4670 2 1908
4671 10 3806
4672 2 1625
4673 2 597
4674 2 1578
4675 4 1854
4676 3 5116
4677 3 3156
4678 7 1003
4679 5 683
4680 3 5855
4681 5 5412
4682 2 873
4683 4 5791
4684 4 5423
4685 8 543
4686 4 3801
4687 8 3542
4688 3 4318
4689 3 1350
4690 2 1306
4691 3 1864
4692 2 3680
4693 2 1135
4694 2 641
4695 4 1654
4696 4 3776
4697 3 1949
4698 2 1810
4699 2 2691
4700 2 2725
4701 10 5185
4702 5 1952
4703 6 3539
4704 19 5765
4705 5 1633
4706 3 264
4707 4 1140
4708 2 760
4709 3 2211
4710 9 3445
4711 4 1091
4712 7 4501
4713 2 2776
4714 3 2295
4715 2 139
4716 6 1335
4717 2 2774
4718 2 1033
4719 5 573
4720 3 4274
4721 2 2817
4722 2 920
4723 2 443
4724 5 1638
4725 2 956
4726 4 1054
4727 2 698
4728 2 1331
4729 2 1323
4730 4 3977
4731 2 997
4732 4 191
4733 3 1469
4734 2 737
4735 2 1613
4736 10 2853
4737 3 4874
4738 11 418
4739 2 472
4740 4 5747
4741 7 5420
4742 3 3008
4743 4 4758
4744 2 1369
4745 3 396
4746 3 491
4747 2 1324
4748 7 2440
4749 2 1558
4750 5 2094
4751 3 5016
4752 3 2296
4753 2 3770
4754 2 3853
4755 6 5686
4756 4 5416
4757 5 582
4758 2 2851
4759 2 1245
4760 6 3648
4761 2 1632
4762 2 240
4763 2 683
4764 6 3843
4765 5 3342
4766 2 873
4767 3 1651
4768 4 3719
4769 5 3908
4770 4 2148
4771 9 357
4772 3 1588
4773 3 3202
4774 2 1569
4775 2 3079
4776 3 112
4777 4 3521
4778 3 1274
4779 9 5164
4780 2 630
4781 6 4509
4782 2 1508
4783 2 3667
4784 10 191
4785 2 1474
4786 3 2024
4787 7 3553
4788 3 1456
4789 2 1145
4790 2 3014
4791 3 2251
4792 2 3425
4793 3 747
4794 4 1611
4795 2 1144
4796 2 1122
4797 7 3208
4798 6 477
4799 3 5868
4800 4 459
4801 2 3217
4802 3 2849
4803 5 3542
4804 2 1632
4805 3 3669
4806 4 1792
4807 5 5838
4808 4 3496
4809 7 4085
4810 2 2979
4811 2 571
4812 3 1111
4813 2 1390
4814 2 3134
4815 2 3696
4816 9 348
4817 5 956
4818 2 2706
4819 7 2421
4820 3 1014
4821 2 1429
4822 3 3129
4823 4 1805
4824 5 4395
4825 5 2698
4826 6 216
4827 2 3008
4828 12 5412
4829 2 1354
4830 17 5587
4831 2 513
4832 14 5435
4833 6 4171
4834 8 2180
4835 2 1797
4836 2 3033
4837 5 2919
4838 2 3144
4839 2 2848
4840 6 5227
4841 10 1625
4842 3 1612
4843 2 382
4844 3 2714
4845 3 1993
4846 5 235
4847 7 472
4848 4 1449
4849 3 2219
4850 2 1581
4851 3 2857
4852 4 4165
4853 3 2582
4854 3 1426
4855 2 3027
4856 2 2979
4857 2 1470
4858 11 3160
4859 5 633
4860 6 5800
4861 2 3617
4862 14 4991
4863 6 2633
4864 7 5644
4865 8 5074
4866 3 3333
4867 17 5587
4868 2 3712
4869 2 1365
4870 2 2979
4871 10 407
4872 2 1648
4873 2 3142
4874 2 1299
4875 3 5066
4876 4 434
4877 2 402
4878 2 837
4879 4 1291
4880 6 3576
4881 3 2229
4882 2 521
4883 3 4759
4884 4 5800
4885 4 1305
4886 4 1374
4887 2 1674
4888 7 4960
4889 5 1502
4890 11 1495
4891 2 540
4892 8 4294
4893 2 1166
4894 2 2670
4895 4 3362
4896 4 5729
4897 11 2479
4898 2 475
4899 5 1820
4900 2 2942
4901 2 1400
4902 5 2228
4903 4 2427
4904 2 630
4905 3 2999
4906 3 5701
4907 3 313
4908 4 1285
4909 6 2245
4910 3 3726
4911 2 1831
4912 2 981
4913 3 3833
4914 2 1831
4915 2 1796
4916 2 3968
4917 3 175
4918 2 3297
4919 2 3199
4920 2 3630
4921 2 3362
4922 4 3039
4923 2 601
4924 2 3923
4925 3 708
4926 6 1739
4927 4 1941
4928 3 3255
4929 3 949
4930 3 2548
4931 2 3593
4932 2 3220
4933 2 1419
4934 4 85
4935 2 2990
4936 4 4395
4937 7 4417
4938 2 810
4939 4 634
4940 3 2900
4941 2 2496
4942 3 33
4943 4 3883
4944 5 5800
4945 3 3048
4946 4 1232
4947 2 1874
4948 5 289
4949 2 787
4950 2 1813
4951 3 192
4952 2 3306
4953 2 1703
4954 2 1252
4955 4 3347
4956 4 5118
4957 8 4580
4958 2 621
4959 2 2688
4960 5 2496
4961 2 2972
4962 2 1478
4963 5 5513
4964 2 2929
4965 4 4456
4966 2 351
4967 2 3226
4968 2 2807
4969 3 4735
4970 3 1952
4971 3 4347
4972 2 1384
4973 2 441
4974 2 1126
4975 3 1291
4976 5 1877
4977 4 5699
4978 2 876
4979 3 1307
4980 3 1556
4981 2 540
4982 2 3940
4983 9 1199
4984 2 1374
4985 4 4547
4986 5 4252
4987 2 3651
4988 4 136
4989 2 513
4990 9 1617
4991 11 3445
4992 2 2745
4993 3 1074
4994 2 1706
4995 8 875
4996 3 3270
4997 2 3241
4998 5 3379
4999 7 1685
5000 4 5644
5001 2 1864
5002 2 1159
5003 6 790
5004 5 3833
5005 6 5699
5006 6 4554
5007 2 3086
5008 4 2633
5009 5 2448
5010 3 2167
5011 4 3004
5012 2 3008
5013 8 1669
5014 2 1201
5015 3 2242
5016 2 1376
5017 2 3184
5018 2 1418
5019 3 93
5020 4 1200
5021 3 3121
5022 5 882
5023 4 2047
5024 2 867
5025 5 2371
5026 3 2059
5027 3 246
5028 6 5409
5029 3 2602
5030 11 3402
5031 6 2167
5032 3 112
5033 3 1845
5034 4 3811
5035 5 5800
5036 3 3368
5037 3 2304
5038 3 4115
5039 3 2130
5040 10 2229
5041 3 1288
5042 2 837
5043 4 18
5044 9 5612
5045 3 5532
5046 3 2422
5047 7 3008
5048 5 1270
5049 2 762
5050 4 2304
5051 3 4125
5052 2 3354
5053 6 3736
5054 11 5346
5055 2 1145
5056 2 1136
5057 2 3217
5058 4 146
5059 3 442
5060 3 4974
5061 3 208
5062 2 3940
5063 4 2778
5064 3 2616
5065 2 2890
5066 2 1343
5067 4 4447
5068 3 4511
5069 2 1651
5070 2 1693
5071 2 3661
5072 2 1092
5073 3 4395
5074 2 4024
5075 2 2777
5076 2 837
5077 8 3008
5078 3 3638
5079 2 1825
5080 4 2816
5081 3 2731
5082 2 2670
5083 4 1007
5084 3 4868
5085 2 3833
5086 2 1571
5087 5 4466
5088 2 3617
5089 3 2639
5090 3 2165
5091 2 1742
5092 6 3014
5093 2 724
5094 2 3797
5095 3 1625
5096 10 3736
5097 2 3987
5098 2 127
5099 2 639
5100 3 1583
5101 3 1695
5102 2 1864
5103 11 4499
5104 3 2819
5105 3 5905
5106 7 3857
5107 3 2286
5108 2 1785
5109 3 3058
5110 2 3173
5111 2 3842
5112 2 436
5113 5 191
5114 4 3094
5115 7 1374
5116 2 2771
5117 3 2690
5118 2 1294
5119 2 686
5120 2 1149
5121 4 520
5122 4 2364
5123 12 4913
5124 2 3363
5125 3 1864
5126 3 215
5127 2 3558
5128 3 5288
5129 3 2756
5130 2 1665
5131 4 410
5132 5 832
5133 6 633
5134 3 4005
5135 5 1356
5136 3 2263
5137 3 1194
5138 9 1762
5139 2 2983
5140 8 4322
5141 2 844
5142 3 213
5143 3 854
5144 3 1746
5145 4 1996
5146 11 3475
5147 2 1474
5148 2 997
5149 2 3541
5150 4 2956
5151 2 499
5152 3 846
5153 3 3595
5154 2 2852
5155 9 3746
5156 2 1518
5157 2 3278
5158 2 1909
5159 3 1595
5160 3 3424
5161 3 3676
5162 3 3786
5163 2 2738
5164 3 2408
5165 6 2229
5166 2 1569
5167 2 1855
5168 3 2612
5169 2 2816
5170 4 1992
5171 2 3803
5172 9 3471
5173 7 58
5174 6 230
5175 4 800
5176 3 1686
5177 4 3224
5178 3 4874
5179 10 4795
5180 2 3417
5181 2 1171
5182 7 1412
5183 3 2797
5184 2 1864
5185 3 630
5186 3 470
5187 4 3762
5188 2 3452
5189 4 3106
5190 7 4874
5191 3 1864
5192 6 1337
5193 12 1954
5194 6 1625
5195 4 2320
5196 3 1374
5197 2 3833
5198 2 3718
5199 6 3236
5200 4 3166
5201 3 3974
5202 2 3374
5203 2 924
5204 2 1911
5205 3 2002
5206 3 1230
5207 9 4744
5208 6 486
5209 2 3148
5210 3 2225
5211 2 633
5212 2 726
5213 2 1595
5214 12 5800
5215 2 3086
5216 9 2218
5217 3 5197
5218 6 1374
5219 12 2095
5220 2 3663
5221 3 2431
5222 4 3068
5223 3 399
5224 2 1474
5225 3 884
5226 3 2972
5227 3 1342
5228 3 3617
5229 3 2080
5230 5 4447
5231 5 1872
5232 2 1003
5233 8 3911
5234 3 147
5235 2 1230
5236 2 1448
5237 2 1660
5238 2 1190
5239 2 2688
5240 2 3611
5241 2 416
5242 2 1702
5243 2 1529
5244 4 1419
5245 3 4551
5246 5 1707
5247 7 4545
5248 2 3496
5249 2 399
5250 6 2158
5251 2 1689
5252 2 423
5253 3 191
5254 7 5307
5255 3 1438
5256 3 3008
5257 5 4023
5258 3 409
5259 2 1075
5260 11 397
5261 3 2556
5262 3 787
5263 2 1475
5264 3 2060
5265 7 4919
5266 2 1813
5267 2 621
5268 3 1655
5269 5 376
5270 3 919
5271 7 552
5272 3 2612
5273 5 128
5274 5 5643
5275 3 805
5276 3 2386
5277 2 726
5278 2 3341
5279 2 1804
5280 6 5148
5281 3 397
5282 2 2698
5283 10 1203
5284 9 3489
5285 2 734
5286 4 2706
5287 3 5838
5288 2 264
5289 5 5714
5290 2 683
5291 3 1159
5292 2 1676
5293 4 3682
5294 3 2000
5295 3 74
5296 11 4874
5297 2 792
5298 5 7
5299 2 3867
5300 3 2060
5301 4 4791
5302 5 2062
5303 4 2692
5304 4 826
5305 2 3357
5306 2 615
5307 3 2219
5308 3 1909
5309 7 5084
5310 2 1092
5311 2 787
5312 2 3260
5313 3 3627
5314 4 1707
5315 6 2143
5316 2 1523
5317 2 2861
5318 3 1151
5319 9 2136
5320 5 5644
5321 2 3609
5322 4 3427
5323 6 411
5324 2 3853
5325 3 1640
5326 2 958
5327 3 1469
5328 2 409
5329 2 3541
5330 6 1365
5331 2 1199
5332 4 2280
5333 2 490
5334 2 3959
5335 9 96
5336 7 3084
5337 2 1908
5338 4 5085
5339 4 2167
5340 7 3014
5341 5 699
5342 5 3085
5343 3 24
5344 3 2017
5345 5 3519
5346 2 383
5347 6 1374
5348 5 305
5349 3 1595
5350 4 3811
5351 4 5136
5352 5 2458
5353 4 2163
5354 3 4031
5355 2 1770
5356 8 2815
5357 2 1904
5358 5 683
5359 5 3269
5360 10 4453
5361 4 3979
5362 6 97
5363 3 1203
5364 2 3569
5365 6 80
5366 2 3320
5367 5 3529
5368 4 2151
5369 2 3374
5370 3 1365
5371 2 1827
5372 2 648
5373 4 2140
5374 5 235
5375 15 5193
5376 3 784
5377 12 4991
5378 2 1513
5379 2 2994
5380 4 3355
5381 3 1172
5382 4 1270
5383 7 3529
5384 4 3553
5385 3 1146
5386 2 3275
5387 4 1112
5388 3 1025
5389 2 3443
5390 5 3331
5391 2 1430
5392 3 1694
5393 3 277
5394 3 1522
5395 2 1426
5396 2 3057
5397 4 2048
5398 6 5853
5399 4 593
5400 3 164
5401 5 4426
5402 2 2915
5403 7 1916
5404 4 3425
5405 7 5631
5406 13 4132
5407 4 2954
5408 5 621
5409 3 1564
5410 3 540
5411 6 1798
5412 2 2794
5413 2 1098
5414 2 726
5415 2 1489
5416 2 1057
5417 2 2815
5418 2 3460
5419 2 1288
5420 2 4005
5421 2 1127
5422 3 4328
5423 3 3127
5424 4 3613
5425 2 1434
5426 2 2876
5427 4 1040
5428 2 2805
5429 6 4913
5430 6 417
5431 2 1903
5432 3 3818
5433 7 1144
5434 2 1846
5435 6 4539
5436 2 3987
5437 4 1075
5438 3 4694
5439 3 4274
5440 12 2494
5441 2 4032
5442 3 5570
5443 4 422
5444 2 502
5445 8 3850
5446 2 3369
5447 6 2437
5448 5 4428
5449 3 1091
5450 4 1702
5451 2 511
5452 5 1818
5453 2 2812
5454 11 2858
5455 3 2676
5456 7 4813
5457 4 1388
5458 3 943
5459 2 1029
5460 10 5519
5461 2 1786
5462 5 2233
5463 2 1880
5464 5 2004
5465 3 3105
5466 2 3105
5467 6 3048
5468 3 2289
5469 2 3664
5470 9 2121
5471 3 2010
5472 6 5699
5473 5 1664
5474 3 1978
5475 3 3599
5476 4 230
5477 2 1227
5478 4 3728
5479 2 1145
5480 2 1689
5481 3 1372
5482 4 4602
5483 2 1707
5484 4 4954
5485 2 3173
5486 2 1274
5487 10 697
5488 5 3008
5489 2 1484
5490 2 1707
5491 2 1638
5492 3 3574
5493 12 2494
5494 2 1018
5495 2 195
5496 9 1294
5497 8 4919
5498 3 5491
5499 5 2954
5500 14 4553
5501 7 3660
5502 6 4500
5503 2 3007
5504 3 553
5505 2 1814
5506 2 3602
5507 4 1744
5508 2 1641
5509 4 3008
5510 3 4032
5511 4 1952
5512 5 63
5513 4 1426
5514 2 565
5515 4 357
5516 9 2709
5517 3 4009
5518 2 1003
5519 5 4402
5520 2 2738
5521 3 4318
5522 4 1398
5523 3 3294
5524 2 1489
5525 2 3007
5526 5 1939
5527 5 2668
5528 5 3518
5529 9 787
5530 6 2995
5531 3 2846
5532 2 3733
5533 2 1761
5534 3 654
5535 4 841
5536 3 3743
5537 3 5316
5538 2 2928
5539 2 36
5540 11 964
5541 6 4417
5542 2 924
5543 2 913
5544 5 4043
5545 2 3452
5546 9 4322
5547 7 1140
5548 3 2578
5549 3 196
5550 2 3096
5551 12 2362
5552 7 1075
5553 3 803
5554 2 1145
5555 4 3316
5556 3 2346
5557 2 1511
5558 2 2741
5559 2 1588
5560 2 674
5561 2 1707
5562 3 1678
5563 3 2218
5564 4 1275
5565 3 3317
5566 2 1466
5567 2 3680
5568 3 3322
5569 4 3568
5570 2 3020
5571 4 3001
5572 3 2060
5573 3 1961
5574 2 2745
5575 4 2991
5576 7 2304
5577 4 4324
5578 3 5461
5579 7 4874
5580 3 5232
5581 9 3112
5582 2 1651
5583 4 2342
5584 2 419
5585 7 863
5586 8 2302
5587 8 558
5588 11 4441
5589 2 3373
5590 2 3266
5591 2 2946
5592 3 2386
5593 8 3008
5594 8 4402
5595 6 4395
5596 4 3818
5597 4 3191
5598 2 2958
5599 2 1279
5600 7 1244
5601 3 2251
5602 4 212
5603 2 3570
5604 3 1907
5605 3 3771
5606 2 1014
5607 8 3008
5608 4 3281
5609 2 3954
5610 4 3497
5611 3 2126
5612 3 2794
5613 2 3576
5614 6 844
5615 2 2820
5616 3 2126
5617 3 450
5618 3 3624
5619 3 777
5620 6 3746
5621 3 724
5622 5 3008
5623 4 4938
5624 2 2803
5625 2 3595
5626 6 2853
5627 6 2140
5628 3 4874
5629 13 4926
5630 11 2304
5631 2 650
5632 3 3522
5633 3 1680
5634 2 1901
5635 3 762
5636 2 1092
5637 8 2218
5638 2 3536
5639 5 2437
5640 9 3868
5641 7 3008
5642 8 1471
5643 2 1094
5644 2 898
5645 2 3311
5646 2 457
5647 3 57
5648 2 687
5649 11 198
5650 5 733
5651 3 4347
5652 3 2553
5653 4 2099
5654 3 2208
5655 5 4725
5656 9 5295
5657 2 726
5658 9 2218
5659 2 3273
5660 3 1144
5661 5 320
5662 2 3580
5663 3 1973
5664 3 3274
5665 3 3667
5666 3 795
5667 3 2674
5668 8 3261
5669 2 2766
5670 2 3236
5671 6 3932
5672 2 3712
5673 5 2949
5674 9 5410
5675 2 1904
5676 5 1928
5677 2 884
5678 2 1540
5679 2 2946
5680 5 5800
5681 2 1558
5682 3 4763
5683 5 4915
5684 2 530
5685 6 660
5686 4 77
5687 3 2773
5688 5 1333
5689 2 694
5690 2 1625
5691 2 1651
5692 2 1263
5693 2 2715
5694 3 3831
5695 2 3099
5696 6 3947
5697 2 1703
5698 3 2997
5699 2 548
5700 7 3402
5701 2 1414
5702 6 4975
5703 5 2649
5704 3 1324
5705 2 3317
5706 3 1688
5707 8 3008
5708 2 3600
5709 3 2873
5710 3 4735
5711 10 5325
5712 4 3189
5713 3 3278
5714 2 1502
5715 3 1869
5716 2 1232
5717 6 3595
5718 2 530
5719 2 3924
5720 7 450
5721 2 2851
5722 2 3726
5723 7 3008
5724 2 3012
5725 8 1864
5726 2 1023
5727 2 493
5728 8 191
5729 2 3317
5730 3 999
5731 2 438
5732 3 2186
5733 3 387
5734 2 1340
5735 5 4442
5736 5 2727
5737 2 3200
5738 4 660
5739 2 962
5740 2 677
5741 3 5644
5742 5 3919
5743 3 2831
5744 4 1333
5745 3 1588
5746 10 621
5747 2 1606
5748 5 5369
5749 4 2319
5750 2 2685
5751 3 895
5752 4 3194
5753 5 5489
5754 3 5648
5755 3 5679
5756 2 1164
5757 4 2059
5758 2 2792
5759 6 1566
5760 6 5420
5761 5 2722
5762 2 1451
5763 2 1868
5764 7 5476
5765 13 4960
5766 10 2683
5767 8 5066
5768 2 1419
5769 3 2741
5770 2 884
5771 3 3518
5772 3 1864
5773 4 2239
5774 3 1458
5775 3 2021
5776 5 730
5777 6 2032
5778 3 2894
5779 2 1178
5780 5 4331
5781 2 1595
5782 2 2972
5783 3 380
5784 4 660
5785 2 1632
5786 9 3008
5787 3 2335
5788 5 1414
5789 3 2396
5790 3 5830
5791 2 505
5792 4 216
5793 4 1272
5794 7 5771
5795 7 5800
5796 2 3491
5797 2 2723
5798 5 1564
5799 2 1239
5800 2 3484
5801 5 5109
5802 3 4570
5803 3 2805
5804 6 1201
5805 2 3233
5806 3 1067
5807 3 3682
5808 2 1853
5809 7 3387
5810 11 2424
5811 9 2696
5812 4 2665
5813 6 2300
5814 5 3008
5815 7 1205
5816 3 3306
5817 3 2337
5818 3 3636
5819 3 3009
5820 3 4219
5821 3 1190
5822 3 2960
5823 8 95
5824 4 5636
5825 2 3283
5826 3 589
5827 4 5234
5828 2 3467
5829 7 3413
5830 2 1642
5831 5 3008
5832 2 2915
5833 2 3031
5834 11 5517
5835 4 3206
5836 4 5366
5837 2 354
5838 2 1003
5839 5 320
5840 4 3008
5841 3 1588
5842 2 2760
5843 8 3726
5844 9 1796
5845 6 2543
5846 2 3008
5847 4 357
5848 3 1531
5849 5 5669
5850 12 71
5851 3 2136
5852 9 2408
5853 3 423
5854 2 1199
5855 2 1868
5856 2 2884
5857 3 3422
5858 4 3645
5859 3 709
5860 2 1813
5861 2 813
5862 3 2000
5863 2 1159
5864 5 4187
5865 3 1290
5866 2 1038
5867 2 1538
5868 2 1595
5869 5 617
5870 2 1864
5871 2 1595
5872 2 1177
5873 2 1595
5874 4 2218
5875 3 2646
5876 6 2900
5877 6 5736
5878 3 3797
5879 2 906
5880 3 2153
5881 2 2777
5882 2 1288
5883 3 3039
5884 3 2857
5885 2 1849
5886 3 2981
5887 4 5862
5888 2 3717
5889 2 3806
5890 3 3008
5891 2 1384
5892 4 2218
5893 3 1675
5894 4 903
5895 4 3931
5896 3 5643
5897 2 2803
5898 8 3402
5899 2 1736
5900 2 2815
5901 2 3434
5902 10 3233
5903 3 2893
5904 2 568
5905 2 1366
5906 3 598
5907 2 3079
