# Local nodes
0
2
4
7
20
25
48
49
55
64
69
72
75
87
88
90
91
92
95
98
100
108
109
116
117
121
124
125
126
127
131
134
138
139
140
143
144
146
147
153
157
160
161
163
165
169
177
178
180
181
188
193
194
197
199
206
208
215
227
241
245
246
252
253
259
263
266
275
278
283
285
286
289
291
294
297
298
305
312
314
324
325
327
337
348
350
356
361
371
373
374
375
377
381
385
391
394
396
399
405
406
410
412
419
420
421
422
431
432
433
444
445
448
449
453
462
463
468
469
470
479
480
498
501
502
506
510
511
514
520
525
528
534
535
543
544
545
553
554
558
560
563
564
565
570
573
580
596
602
604
607
619
620
626
628
630
632
635
636
638
641
645
647
648
656
661
662
664
665
671
673
674
676
686
687
692
694
698
707
708
714
715
724
727
729
731
732
734
736
743
748
750
754
755
761
762
764
766
768
769
784
791
792
797
801
802
804
806
809
810
812
830
834
842
845
848
849
854
858
859
860
865
867
868
873
876
881
885
889
891
897
899
900
903
904
906
913
915
918
922
927
934
946
949
951
953
954
961
962
966
970
975
980
982
986
993
998
1001
1005
1008
1012
1018
1021
1024
1033
1036
1037
1038
1046
1049
1050
1051
1054
1055
1058
1061
1067
1070
1080
1083
1084
1087
1088
1090
1093
1096
1105
1110
1111
1115
1117
1121
1128
1136
1137
1138
1142
1148
1154
1157
1168
1170
1174
1178
1183
1184
1185
1202
1203
1206
1218
1219
1220
1224
1227
1229
1234
1239
1244
1248
1249
1252
1253
1254
1259
1261
1263
1266
1267
1269
1273
1279
1281
1282
1284
1285
1292
1297
1304
1306
1319
1324
1327
1329
1331
1332
1335
1337
1340
1344
1345
1353
1354
1355
1357
1359
1368
1372
1373
1386
1387
1399
1407
1408
1409
1418
1426
1428
1429
1430
1437
1439
1442
1446
1454
1455
1456
1457
1464
1466
1473
1475
1483
1485
1497
1498
1500
1523
1524
1527
1534
1537
1538
1545
1547
1548
1550
1551
1554
1555
1556
1558
1562
1563
1564
1565
1570
1572
1578
1580
1583
1585
1586
1597
1598
1600
1602
1604
1607
1611
1616
1621
1622
1626
1629
1630
1632
1640
1646
1648
1650
1656
1675
1676
1680
1684
1685
1687
1699
1702
1707
1715
1716
1717
1719
1720
1725
1726
1728
1742
1764
1765
1768
1771
1776
1779
1790
1791
1796
1797
1806
1812
1813
1819
1828
1831
1841
1845
1849
1851
1866
1867
1868
1875
1885
1887
1895
1903
1908
1909
1911
1918
1931
1939
1944
1953
1961
1963
1972
1976
1977
1979
1980
1981
1985
1993
1996
1997
2000
2006
2008
2013
2015
2017
2020
2021
2022
2023
2028
2032
2033
2039
2045
2046
2048
2049
2051
2055
2058
2060
2063
2073
2074
2075
2086
2087
2088
2094
2103
2107
2108
2110
2111
2116
2117
2119
2131
2136
2140
2145
2150
2154
2155
2160
2165
2166
2169
2171
2177
2182
2183
2184
2186
2190
2191
2194
2197
2198
2204
2205
2206
2217
2221
2226
2229
2230
2235
2240
2244
2246
2247
2249
2251
2252
2258
2260
2261
2262
2263
2264
2269
2270
2279
2286
2288
2289
2290
2292
2293
2296
2297
2301
2302
2306
2309
2311
2312
2314
2315
2318
2319
2321
2327
2330
2331
2334
2337
2338
2340
2343
2347
2348
2351
2353
2354
2359
2363
2365
2370
2376
2384
2386
2387
2389
2394
2397
2398
2402
2409
2410
2412
2413
2414
2417
2418
2419
2422
2426
2428
2430
2431
2435
2436
2443
2452
2454
2455
2461
2463
2464
2468
2478
2489
2494
2495
2504
2506
2507
2514
2517
2524
2527
2528
2532
2536
2538
2540
2542
2544
2545
2546
2554
2555
2558
2563
2564
2566
2567
2569
2571
2577
2584
2585
2587
2600
2603
2610
2611
2615
2616
2621
2625
2635
2639
2641
2644
2647
2651
2652
2654
2659
2660
2663
2664
2667
2674
2675
2676
2684
2698
2702
2706
2708
2712
2713
2718
2721
2727
2730
2734
2739
2741
2745
2748
2752
2755
2757
2759
2764
2766
2774
2778
2779
2788
2792
2797
2800
2802
2805
2807
2812
2815
2820
2821
2826
2827
2828
2834
2846
2852
2856
2857
2864
2870
2871
2878
2888
2890
2891
2892
2895
2896
2899
2901
2905
2908
2910
2913
2914
2916
2917
2920
2922
2923
2928
2930
2941
2946
2962
2973
2974
2975
2979
2982
2989
2992
2996
2998
2999
3000
3003
3005
3006
3012
3014
3015
3018
3023
3029
3033
3035
3036
3037
3053
3054
3057
3059
3064
3067
3072
3079
3087
3089
3093
3095
3099
3112
3121
3124
3129
3130
3132
3134
3135
3136
3137
3140
3143
3148
3150
3157
3161
3162
3169
3170
3171
3173
3180
3192
3195
3196
3203
3208
3212
3217
3218
3220
3227
3238
3239
3242
3247
3249
3250
3256
3258
3260
3264
3273
3274
3276
3277
3297
3304
3307
3308
3309
3313
3323
3325
3326
3327
3328
3330
3332
3333
3337
3339
3345
3351
3353
3357
3360
3361
3366
3368
3369
3371
3372
3374
3375
3377
3378
3386
3388
3389
3401
3406
3407
3412
3413
3415
3421
3429
3431
3432
3436
3442
3444
3446
3447
3448
3453
3454
3458
3467
3472
3474
3475
3479
3480
3484
3489
3492
3494
3498
3502
3503
3504
3505
3512
3523
3526
3530
3537
3538
3541
3548
3552
3555
3558
3560
3562
3567
3579
3588
3590
3593
3595
3599
3610
3614
3619
3622
3630
3639
3651
3656
3657
3659
3661
3662
3664
3665
3673
3674
3681
3684
3688
3689
3693
3694
3698
3700
3704
3715
3717
3718
3721
3722
3736
3739
3741
3747
3748
3752
3753
3756
3760
3762
3763
3769
3773
3776
3789
3800
3802
3803
3810
3817
3819
3820
3823
3827
3828
3830
3836
3837
3838
3839
3841
3842
3845
3851
3857
3864
3874
3877
3878
3881
3883
3884
3885
3898
3905
3910
3912
3914
3917
3923
3929
3934
3941
3942
3948
3950
3960
3976
3982
3983
3985
3990
3992
3994
4000
4006
4007
4016
4017
4019
4020
4022
4028
4033
4035
4036
4037
4042
4047
4048
4049
4055
4067
4070
4071
4073
4074
4075
4087
4106
4108
4120
4121
4122
4132
4143
4148
4149
4151
4155
4157
4158
4159
4164
4165
4167
4169
4172
4174
4175
4177
4182
4185
4190
4197
4210
4213
4214
4220
4221
4224
4225
4226
4227
4233
4235
4238
4240
4244
4247
4251
4253
4258
4261
4278
4283
4293
4296
4298
4303
4304
4306
4308
4318
4319
4320
4321
4322
4325
4327
4338
4342
4347
4352
4354
4367
4368
4385
4391
4392
4395
4396
4402
4409
4412
4414
4416
4419
4423
4424
4435
4437
4438
4440
4443
4448
4452
4474
4481
4484
4490
4492
4498
4501
4502
4504
4505
4508
4510
4523
4530
4537
4542
4543
4546
4549
4559
4565
4573
4580
4582
4588
4598
4601
4607
4614
4616
4617
4623
4627
4630
4637
4641
4646
4650
4654
4661
4662
4670
4674
4680
4682
4685
4688
4690
4694
4696
4712
4715
4716
4717
4718
4719
4726
4727
4728
4744
4745
4747
4749
4750
4752
4761
4766
4775
4780
4788
4790
4791
4794
4797
4801
4804
4810
4812
4814
4816
4818
4821
4822
4824
4825
4829
4830
4835
4836
4845
4851
4852
4854
4856
4860
4866
4867
4870
4872
4881
4884
4904
4905
4907
4908
4911
4914
4915
4918
4920
4924
4925
4929
4931
4932
4936
4938
4940
4943
4950
4954
4957
4963
4968
4971
4978
4980
4987
4992
4999
5018
5021
5024
5033
5035
5036
5040
5046
5049
5053
5056
5057
5058
5061
5063
5064
5065
5071
5073
5089
5090
5091
5092
5093
5096
5098
5100
5106
5107
5110
5111
5119
5121
5126
5127
5131
5136
5140
5143
5145
5146
5149
5153
5154
5158
5165
5171
5183
5185
5186
5187
5192
5198
5202
5204
5207
5214
5221
5223
5234
5242
5246
5249
5263
5264
5266
5276
5282
5283
5284
5285
5286
5292
5294
5297
5298
5300
5301
5305
5308
5312
5314
5316
5319
5325
5329
5337
5340
5344
5347
5351
5354
5356
5363
5365
5369
5372
5373
5376
5391
5395
5396
5397
5406
5417
5428
5431
5438
5440
5443
5444
5446
5450
5451
5453
5455
5468
5469
5475
5477
5481
5483
5484
5485
5490
5493
5494
5513
5514
5519
5521
5526
5531
5537
5538
5543
5546
5558
5560
5561
5566
5572
5574
5584
5586
5587
5591
5592
5594
5595
5599
5600
5601
5615
5621
5623
5625
5627
5633
5635
5648
5651
5659
5664
5667
5669
5679
5680
5681
5683
5689
5692
5695
5704
5711
5724
5732
5734
5739
5748
5749
5754
5755
5758
5760
5763
5769
5771
5775
5777
5779
5785
5794
5798
5799
5800
5803
5806
5817
5823
5827
5829
5844
5849
5851
5855
5860
5862
5866
5867
5876
5877
5879
5884
5885
5887
5888
5893
5894
5897
5900
5907
# Ghost nodes
18
37
57
61
67
68
71
74
77
78
79
80
93
99
104
112
133
137
151
155
158
167
172
182
190
191
192
205
209
210
218
220
231
239
248
288
313
317
323
329
336
338
363
383
390
413
417
423
427
429
434
435
442
450
455
460
466
484
487
492
493
505
517
519
540
541
568
572
578
588
591
593
598
654
683
684
688
690
695
705
711
733
735
749
772
775
779
781
821
869
875
910
921
929
933
937
939
943
967
972
996
997
1003
1014
1015
1025
1041
1043
1064
1068
1074
1076
1077
1112
1113
1119
1156
1172
1190
1196
1205
1215
1222
1230
1246
1257
1265
1294
1323
1339
1350
1356
1363
1369
1374
1381
1384
1388
1394
1434
1441
1474
1489
1506
1509
1522
1553
1575
1594
1603
1614
1618
1625
1641
1644
1665
1690
1691
1695
1697
1705
1706
1744
1753
1785
1809
1824
1836
1842
1843
1864
1873
1876
1882
1904
1921
1928
1933
1940
1952
1958
1965
1973
1987
1990
1992
2018
2024
2025
2041
2047
2059
2061
2072
2082
2097
2105
2134
2143
2180
2202
2209
2218
2224
2236
2239
2299
2305
2322
2339
2344
2345
2349
2366
2369
2371
2406
2438
2456
2472
2479
2499
2502
2515
2539
2565
2595
2605
2612
2614
2624
2630
2634
2679
2680
2693
2694
2714
2723
2725
2726
2770
2777
2803
2811
2830
2849
2851
2861
2880
2900
2903
2911
2924
2926
2929
2932
2937
2938
2954
2957
2964
2965
2981
2985
3008
3028
3043
3048
3060
3063
3073
3074
3080
3083
3086
3090
3094
3116
3119
3125
3156
3159
3166
3172
3178
3181
3189
3226
3241
3263
3282
3285
3288
3294
3298
3321
3329
3344
3347
3379
3380
3387
3395
3402
3405
3457
3471
3481
3482
3496
3518
3576
3603
3607
3643
3669
3682
3696
3711
3719
3726
3755
3761
3766
3770
3790
3796
3799
3801
3806
3812
3818
3833
3835
3840
3843
3850
3853
3859
3879
3897
3918
3919
3931
3932
3947
3961
3977
3980
3986
4002
4005
4013
4023
4031
4032
4039
4056
4059
4068
4079
4081
4082
4107
4115
4136
4140
4142
4145
4156
4160
4171
4180
4183
4184
4193
4199
4201
4205
4212
4219
4222
4241
4255
4271
4276
4291
4297
4316
4324
4326
4349
4378
4380
4382
4394
4398
4411
4447
4454
4466
4473
4478
4516
4517
4518
4521
4527
4535
4547
4554
4555
4558
4572
4585
4602
4603
4613
4621
4622
4648
4652
4665
4667
4692
4701
4720
4759
4772
4786
4792
4793
4806
4813
4819
4844
4874
4877
4894
4944
4948
4952
4953
4959
4965
4972
4979
5011
5016
5025
5027
5038
5066
5072
5075
5084
5085
5099
5102
5118
5122
5139
5142
5148
5166
5167
5206
5209
5227
5240
5241
5243
5248
5279
5299
5306
5307
5310
5311
5317
5346
5348
5355
5357
5387
5388
5409
5413
5414
5420
5430
5432
5460
5466
5479
5486
5504
5506
5523
5527
5539
5556
5559
5564
5573
5578
5581
5608
5611
5616
5634
5644
5652
5678
5716
5717
5722
5729
5735
5736
5742
5750
5751
5783
5795
5825
5828
5830
5861
5872
5881
5882
5886
5889
5891
5905
