# Local nodes
1
2
3
4
5
6
7
9
10
12
15
16
17
19
20
22
23
31
35
37
38
40
41
43
44
45
47
50
51
52
57
58
59
60
61
64
66
70
71
76
78
84
85
87
88
90
91
92
93
95
96
97
99
100
103
109
111
112
124
125
127
129
131
133
134
139
142
144
145
147
148
149
152
153
155
156
159
160
162
163
164
165
167
168
171
178
179
180
181
182
183
185
188
190
192
193
194
196
200
201
205
206
207
208
214
216
220
222
224
226
232
234
236
237
238
240
242
244
245
246
249
250
257
260
262
263
264
265
269
270
273
275
282
285
286
287
288
293
298
302
304
305
310
312
313
314
315
317
318
320
321
322
326
327
331
337
339
340
341
343
345
346
348
350
353
356
357
361
364
366
368
369
371
372
373
379
384
385
390
392
395
396
397
402
405
409
410
412
414
417
418
419
423
424
426
428
430
435
437
438
440
443
445
448
449
452
453
458
459
463
468
469
472
474
475
476
478
482
483
486
487
491
493
494
495
497
498
501
502
507
508
509
510
512
514
515
519
521
522
525
528
530
531
533
535
541
544
545
548
551
555
556
558
559
560
562
563
565
566
568
569
571
573
575
578
579
580
583
585
586
587
591
593
594
595
596
601
602
607
611
618
621
624
625
626
627
628
629
630
631
633
635
637
638
639
641
642
644
646
647
648
650
652
656
657
661
662
666
667
668
669
672
673
674
675
677
678
680
681
686
689
692
693
697
700
707
708
709
710
712
713
714
715
716
718
720
721
725
727
728
731
732
734
735
738
740
741
743
748
749
750
751
754
756
757
758
760
761
762
763
764
767
768
770
772
774
776
778
779
781
782
784
790
791
792
793
796
797
798
800
801
807
808
810
812
813
816
819
821
826
828
829
831
833
835
836
838
839
842
845
849
853
857
859
861
862
866
867
868
869
870
872
873
878
881
882
886
887
888
889
891
892
898
901
903
904
906
908
909
911
913
914
915
918
919
922
929
930
931
937
939
942
943
944
945
946
948
949
950
951
953
955
957
959
963
965
967
970
971
972
973
974
975
976
978
979
981
982
986
987
989
993
994
996
999
1001
1002
1005
1006
1008
1009
1012
1013
1018
1021
1025
1029
1030
1032
1033
1034
1037
1039
1040
1044
1051
1052
1054
1058
1059
1061
1068
1069
1071
1072
1074
1075
1076
1077
1080
1081
1083
1087
1089
1090
1093
1096
1097
1098
1101
1103
1104
1107
1108
1112
1117
1120
1121
1122
1129
1133
1136
1138
1140
1145
1148
1149
1150
1151
1153
1154
1156
1157
1159
1161
1163
1164
1167
1169
1170
1171
1172
1173
1175
1177
1182
1185
1186
1189
1190
1199
1201
1202
1208
1212
1214
1215
1216
1218
1219
1222
1223
1226
1227
1229
1232
1233
1234
1235
1236
1238
1239
1240
1243
1244
1245
1248
1249
1250
1253
1254
1255
1256
1259
1260
1261
1262
1263
1264
1273
1275
1281
1283
1284
1285
1286
1287
1290
1293
1295
1296
1297
1303
1304
1306
1307
1308
1311
1315
1316
1317
1319
1320
1324
1325
1326
1327
1328
1329
1331
1332
1333
1334
1335
1336
1337
1340
1345
1349
1351
1353
1355
1357
1365
1367
1370
1372
1374
1375
1377
1380
1382
1383
1385
1386
1392
1394
1395
1396
1397
1399
1401
1403
1405
1407
1408
1409
1412
1413
1415
1416
1419
1420
1424
1425
1428
1429
1432
1433
1435
1436
1439
1444
1445
1448
1449
1450
1451
1452
1454
1455
1456
1457
1458
1460
1461
1465
1467
1468
1469
1471
1479
1483
1486
1487
1491
1493
1494
1497
1503
1504
1506
1507
1509
1510
1511
1515
1522
1524
1529
1531
1532
1534
1538
1539
1540
1545
1546
1548
1549
1550
1551
1552
1554
1560
1561
1562
1563
1566
1567
1569
1570
1571
1572
1573
1574
1577
1579
1580
1582
1583
1584
1586
1590
1592
1593
1594
1596
1597
1600
1601
1602
1604
1608
1610
1612
1613
1618
1619
1625
1626
1629
1631
1635
1638
1639
1640
1646
1648
1649
1650
1656
1657
1659
1661
1662
1664
1667
1669
1677
1679
1680
1681
1685
1690
1694
1696
1697
1698
1700
1701
1705
1707
1708
1712
1716
1717
1718
1721
1722
1724
1725
1726
1733
1734
1735
1742
1743
1748
1757
1759
1761
1762
1763
1764
1765
1768
1769
1770
1771
1775
1776
1777
1778
1779
1782
1785
1790
1791
1797
1802
1804
1806
1810
1812
1815
1816
1818
1819
1820
1821
1822
1823
1826
1830
1833
1834
1835
1836
1837
1841
1844
1845
1848
1851
1856
1857
1861
1862
1867
1870
1871
1872
1874
1879
1882
1888
1889
1890
1892
1895
1896
1898
1904
1905
1906
1907
1908
1911
1914
1918
1919
1920
1924
1928
1929
1933
1935
1936
1937
1938
1939
1943
1945
1950
1953
1954
1956
1957
1963
1965
1967
1969
1971
1977
1978
1979
1982
1983
1992
1993
1994
1995
1997
1998
2000
2006
2007
2008
2010
2011
2012
2013
2014
2017
2019
2021
2027
2028
2030
2031
2032
2034
2035
2037
2038
2040
2047
2048
2049
2053
2054
2057
2058
2060
2061
2064
2065
2069
2072
2073
2074
2075
2076
2077
2078
2080
2081
2085
2087
2088
2090
2091
2092
2093
2095
2096
2100
2101
2104
2106
2107
2108
2110
2111
2113
2118
2123
2126
2129
2130
2131
2133
2136
2138
2140
2141
2142
2143
2145
2148
2150
2151
2154
2155
2156
2157
2159
2160
2162
2163
2165
2166
2167
2168
2175
2177
2179
2180
2181
2183
2185
2186
2188
2190
2192
2193
2194
2197
2201
2202
2204
2206
2207
2208
2209
2210
2217
2218
2222
2225
2227
2228
2229
2234
2235
2237
2238
2239
2240
2241
2243
2244
2245
2246
2247
2251
2258
2261
2262
2263
2266
2268
2269
2271
2272
2273
2274
2277
2279
2280
2281
2285
2289
2291
2293
2295
2296
2303
2308
2309
2311
2314
2315
2316
2318
2319
2321
2322
2323
2326
2330
2331
2336
2338
2339
2340
2343
2347
2350
2351
2353
2354
2356
2360
2363
2365
2366
2370
2372
2374
2378
2379
2381
2382
2383
2386
2387
2389
2394
2395
2396
2397
2398
2399
2400
2402
2409
2411
2412
2413
2414
2415
2416
2417
2419
2421
2422
2423
2425
2426
2431
2432
2436
2437
2439
2440
2442
2443
2446
2448
2449
2452
2457
2458
2459
2460
2461
2463
2464
2468
2469
2471
2474
2476
2482
2484
2486
2487
2490
2494
2497
2498
2499
2506
2510
2511
2513
2522
2528
2529
2530
2533
2536
2538
2539
2541
2542
2546
2548
2549
2553
2556
2557
2559
2563
2564
2565
2566
2568
2573
2574
2576
2582
2583
2584
2587
2589
2590
2592
2594
2596
2597
2601
2604
2606
2610
2612
2615
2616
2620
2621
2624
2627
2633
2634
2636
2638
2640
2643
2649
2651
2652
2655
2656
2660
2664
2665
2668
2670
2672
2673
2674
2675
2677
2682
2684
2687
2692
2694
2698
2699
2701
2705
2706
2708
2710
2711
2718
2721
2724
2726
2733
2734
2735
2736
2737
2739
2742
2746
2747
2748
2750
2751
2752
2754
2756
2757
2760
2762
2765
2766
2769
2771
2779
2783
2784
2785
2787
2789
2790
2794
2797
2798
2802
2803
2807
2808
2809
2811
2812
2815
2817
2820
2821
2822
2825
2826
2828
2830
2832
2834
2835
2836
2837
2838
2840
2842
2844
2845
2846
2849
2850
2851
2853
2856
2857
2864
2865
2866
2868
2876
2877
2878
2880
2887
2888
2892
2896
2897
2901
2903
2908
2910
2911
2912
2913
2914
2915
2919
2920
2922
2923
2924
2925
2928
2933
2935
2942
2943
2947
2948
2952
2954
2955
2961
2967
2968
2971
2972
2973
2975
2980
2982
2987
2989
2990
2991
2992
2994
2996
2999
3000
3002
3005
3008
3009
3010
3011
3012
3013
3015
3016
3017
3023
3026
3027
3029
3030
3034
3036
3037
3038
3039
3040
3044
3045
3046
3047
3048
3054
3056
3057
3061
3062
3064
3066
3067
3068
3072
3075
3079
3080
3084
3089
3097
3098
3101
3102
3103
3104
3105
3108
3113
3117
3119
3122
3124
3125
3126
3129
3132
3133
3137
3141
3143
3145
3146
3148
3149
3150
3153
3154
3155
3157
3160
3167
3168
3169
3171
3173
3175
3180
3182
3184
3185
3186
3187
3188
3192
3196
3198
3200
3201
3202
3206
3208
3209
3211
3214
3216
3218
3220
3221
3226
3229
3236
3239
3240
3245
3249
3250
3251
3253
3258
3259
3261
3273
3274
3275
3276
3279
3283
3284
3286
3288
3289
3291
3295
3296
3297
3300
3301
3302
3303
3305
3307
3308
3310
3311
3312
3313
3314
3315
3316
3317
3318
3320
3321
3323
3325
3326
3328
3329
3330
3333
3337
3338
3339
3341
3342
3348
3349
3356
3357
3359
3360
3361
3366
3367
3368
3375
3378
3381
3382
3384
3385
3386
3389
3390
3391
3399
3403
3406
3407
3412
3415
3416
3419
3421
3422
3427
3430
3431
3432
3433
3435
3442
3443
3444
3446
3447
3448
3450
3452
3453
3454
3458
3463
3471
3472
3473
3477
3480
3482
3483
3484
3485
3492
3493
3498
3502
3505
3506
3507
3510
3512
3515
3520
3521
3522
3523
3524
3528
3529
3530
3531
3532
3538
3540
3541
3542
3544
3546
3548
3550
3551
3556
3559
3563
3564
3566
3567
3568
3570
3572
3575
3579
3580
3581
3584
3586
3589
3591
3593
3595
3599
3600
3601
3603
3605
3607
3608
3609
3610
3611
3616
3618
3619
3621
3623
3624
3626
3630
3637
3638
3639
3640
3644
3645
3648
3650
3653
3654
3655
3656
3657
3659
3660
3661
3664
3667
3668
3671
3673
3674
3679
3683
3687
3688
3689
3693
3696
3697
3698
3699
3702
3706
3708
3710
3712
3716
3717
3718
3721
3722
3727
3728
3729
3738
3739
3741
3742
3743
3745
3746
3750
3751
3752
3758
3764
3765
3768
3770
3773
3774
3775
3776
3778
3779
3783
3784
3787
3790
3796
3798
3800
3803
3811
3814
3816
3818
3819
3820
3821
3822
3823
3826
3827
3830
3833
3834
3835
3836
3839
3840
3841
3845
3846
3849
3853
3857
3858
3864
3866
3870
3873
3876
3880
3881
3884
3885
3888
3889
3890
3892
3894
3898
3900
3902
3904
3905
3908
3910
3911
3914
3917
3919
3921
3922
3924
3928
3930
3939
3940
3942
3944
3945
3949
3951
3953
3955
3957
3959
3961
3962
3963
3965
3966
3971
3976
3979
3983
3985
3986
3988
3989
3990
3991
3994
3995
3998
4001
4005
4006
4009
4013
4015
4016
4017
4021
4024
4025
4027
4028
4029
4030
4031
4035
4036
4037
4040
4042
4043
4045
4046
4051
4054
4055
4059
4064
4066
4067
4069
4070
4071
4073
4075
4077
4079
4082
4083
4084
4085
4087
4088
4093
4095
4097
4100
4101
4104
4105
4106
4116
4117
4120
4127
4128
4131
4133
4136
4137
4138
4140
4141
4143
4144
4146
4148
4149
4151
4154
4156
4158
4159
4168
4173
4176
4179
4183
4187
4190
4192
4193
4201
4202
4205
4209
4210
4214
4217
4218
4219
4222
4225
4226
4227
4228
4233
4241
4244
4247
4249
4250
4251
4252
4254
4256
4259
4261
4262
4267
4268
4269
4272
4276
4281
4282
4287
4288
4291
4292
4296
4298
4299
4300
4303
4306
4307
4308
4309
4310
4311
4312
4314
4317
4318
4319
4321
4323
4325
4327
4329
4332
4333
4336
4337
4342
4343
4344
4345
4347
4350
4351
4352
4353
4354
4359
4361
4365
4368
4370
4374
4376
4377
4380
4381
4382
4383
4384
4388
4390
4391
4393
4395
4396
4397
4398
4403
4405
4407
4409
4413
4414
4415
4416
4417
4419
4423
4424
4426
4428
4436
4439
4440
4441
4445
4447
4453
4454
4457
4458
4460
4461
4462
4465
4466
4467
4468
4472
4473
4474
4477
4481
4486
4487
4488
4490
4493
4495
4496
4500
4502
4503
4505
4506
4510
4511
4515
4516
4519
4520
4522
4529
4530
4531
4534
4540
4541
4542
4545
4546
4548
4551
4553
4554
4557
4560
4561
4563
4567
4573
4574
4575
4580
4581
4583
4586
4590
4593
4594
4600
4601
4605
4606
4609
4611
4614
4615
4616
4617
4620
4621
4624
4627
4628
4629
4631
4632
4633
4634
4638
4639
4640
4642
4644
4645
4647
4651
4654
4659
4661
4662
4670
4672
4676
4681
4682
4687
4688
4690
4694
4696
4698
4701
4706
4707
4708
4714
4715
4716
4718
4719
4721
4723
4724
4726
4728
4733
4735
4736
4738
4739
4741
4742
4743
4745
4746
4747
4748
4752
4753
4754
4758
4759
4760
4762
4765
4766
4769
4770
4771
4773
4774
4775
4776
4777
4780
4782
4783
4788
4789
4791
4796
4797
4800
4802
4803
4809
4811
4815
4816
4818
4819
4821
4822
4824
4825
4826
4827
4828
4830
4834
4835
4839
4841
4842
4845
4847
4848
4851
4853
4855
4858
4859
4860
4863
4864
4865
4866
4867
4868
4869
4872
4877
4881
4882
4883
4886
4894
4896
4898
4899
4900
4902
4904
4905
4907
4908
4909
4912
4913
4918
4920
4922
4923
4925
4929
4930
4931
4932
4933
4934
4935
4936
4937
4938
4945
4946
4947
4951
4957
4958
4961
4967
4968
4969
4971
4977
4979
4983
4984
4986
4993
4999
5000
5002
5003
5004
5005
5006
5007
5008
5009
5010
5012
5013
5014
5017
5019
5022
5023
5024
5031
5032
5033
5034
5036
5039
5040
5044
5046
5047
5049
5055
5056
5061
5062
5064
5067
5068
5071
5073
5074
5077
5078
5082
5084
5085
5086
5087
5090
5095
5098
5099
5100
5106
5108
5110
5115
5116
5119
5120
5123
5128
5129
5131
5133
5134
5136
5138
5139
5149
5153
5155
5165
5166
5168
5170
5171
5172
5173
5175
5181
5182
5183
5185
5188
5192
5193
5194
5196
5197
5198
5199
5204
5208
5210
5216
5217
5218
5219
5221
5222
5226
5229
5230
5231
5233
5234
5238
5240
5243
5244
5245
5246
5247
5252
5253
5256
5258
5259
5260
5261
5264
5267
5270
5272
5276
5278
5279
5281
5282
5285
5286
5288
5291
5294
5297
5298
5300
5301
5303
5304
5305
5314
5315
5318
5319
5320
5321
5322
5324
5325
5327
5328
5329
5330
5331
5332
5334
5335
5336
5337
5338
5339
5342
5344
5348
5350
5351
5352
5353
5354
5355
5356
5357
5360
5361
5362
5366
5367
5368
5370
5372
5373
5375
5376
5379
5381
5383
5386
5387
5388
5389
5392
5394
5396
5397
5398
5399
5400
5401
5402
5405
5407
5408
5409
5412
5413
5417
5420
5426
5427
5429
5430
5432
5437
5438
5440
5444
5447
5448
5452
5453
5458
5459
5465
5466
5467
5468
5469
5471
5472
5473
5474
5475
5477
5478
5479
5481
5483
5485
5487
5488
5490
5491
5493
5494
5498
5499
5500
5501
5502
5504
5509
5514
5515
5517
5521
5526
5527
5531
5533
5536
5538
5541
5543
5545
5547
5549
5552
5554
5555
5557
5560
5561
5563
5564
5565
5567
5569
5572
5575
5584
5587
5588
5592
5593
5595
5596
5600
5601
5603
5604
5607
5611
5612
5615
5616
5618
5619
5620
5622
5623
5624
5625
5626
5631
5632
5633
5635
5637
5639
5641
5642
5644
5645
5647
5651
5652
5654
5658
5659
5662
5664
5665
5667
5668
5669
5670
5672
5675
5676
5678
5684
5688
5690
5692
5699
5703
5704
5705
5707
5708
5710
5711
5716
5717
5718
5719
5721
5723
5724
5727
5729
5730
5731
5734
5737
5740
5741
5742
5744
5746
5748
5749
5756
5759
5762
5768
5771
5773
5774
5775
5777
5782
5786
5787
5789
5792
5794
5799
5804
5812
5814
5819
5820
5821
5823
5825
5827
5828
5831
5832
5834
5835
5836
5839
5840
5842
5846
5847
5848
5849
5850
5851
5853
5854
5857
5858
5859
5861
5862
5863
5864
5865
5867
5872
5874
5876
5879
5883
5884
5887
5888
5890
5892
5894
5900
5904
5907
# Ghost nodes
0
11
18
25
67
77
79
94
116
126
137
146
150
172
175
191
209
227
231
239
248
253
280
329
333
377
394
399
413
434
442
450
462
464
477
490
492
505
506
517
527
529
553
557
561
589
598
654
660
683
684
690
694
705
726
733
736
773
775
777
787
832
858
860
875
876
896
921
923
928
933
997
1003
1011
1014
1015
1017
1028
1064
1067
1109
1115
1118
1137
1155
1178
1184
1196
1197
1205
1221
1230
1246
1252
1265
1282
1292
1294
1298
1309
1313
1323
1339
1342
1350
1356
1363
1381
1387
1388
1390
1426
1430
1434
1441
1447
1459
1466
1474
1499
1508
1541
1553
1564
1575
1603
1644
1654
1691
1706
1723
1732
1744
1760
1803
1805
1824
1838
1842
1864
1866
1868
1909
1910
1961
1964
1973
1985
1987
1999
2018
2023
2024
2025
2046
2059
2089
2097
2134
2153
2189
2236
2264
2275
2276
2292
2297
2298
2306
2327
2334
2335
2345
2346
2369
2371
2406
2408
2420
2429
2450
2472
2485
2502
2535
2560
2562
2595
2607
2614
2639
2654
2661
2678
2693
2695
2723
2745
2777
2778
2786
2788
2848
2858
2900
2917
2926
2929
2930
2932
2937
2944
2945
2957
2964
2983
2985
3014
3018
3020
3035
3043
3051
3063
3074
3083
3085
3086
3090
3094
3099
3112
3140
3151
3159
3162
3172
3174
3178
3181
3233
3238
3262
3268
3282
3294
3334
3344
3345
3347
3370
3379
3380
3387
3388
3395
3398
3401
3402
3405
3436
3445
3457
3467
3481
3496
3518
3526
3569
3576
3604
3617
3622
3643
3662
3669
3670
3680
3686
3719
3726
3761
3782
3801
3806
3812
3842
3859
3860
3867
3868
3879
3886
3897
3920
3923
3931
3934
3938
3941
3947
3977
3987
4019
4023
4032
4039
4048
4056
4068
4080
4081
4096
4107
4108
4115
4119
4121
4132
4135
4145
4155
4175
4184
4208
4212
4238
4253
4271
4274
4316
4378
4402
4478
4479
4482
4498
4501
4517
4521
4523
4525
4527
4528
4537
4547
4549
4550
4552
4555
4585
4607
4612
4622
4648
4652
4653
4692
4720
4750
4761
4767
4768
4772
4786
4793
4813
4814
4829
4833
4837
4874
4906
4910
4964
4982
5025
5027
5028
5038
5066
5072
5091
5093
5102
5118
5122
5125
5127
5132
5142
5148
5163
5167
5206
5209
5211
5236
5241
5263
5299
5306
5308
5309
5311
5312
5317
5346
5347
5363
5369
5391
5449
5457
5523
5524
5544
5558
5559
5571
5574
5621
5627
5661
5683
5715
5722
5732
5760
5763
5800
5817
5877
5881
5882
5886
5897
5906
