0 16 94
0 47 30
0 38 6
1 38 63
2 42 81
2 9 38
2 98 74
2 48 63
2 82 72
2 68 91
2 99 51
2 60 10
3 88 24
3 52 96
3 88 1
3 93 65
3 7 84
3 14 92
3 32 67
3 38 88
4 40 74
4 86 67
4 20 7
4 32 39
4 9 87
4 71 41
5 96 79
5 88 9
5 72 10
5 21 99
5 16 70
5 65 20
6 0 32
6 49 21
6 74 90
7 36 46
7 19 55
7 66 11
7 98 90
7 0 38
7 11 50
7 84 24
7 78 9
8 22 60
8 69 52
8 61 29
8 1 12
8 37 74
8 28 86
8 87 44
9 81 39
9 91 85
9 87 76
9 58 68
9 70 37
9 12 81
9 51 91
9 66 58
9 38 99
9 23 30
10 29 61
10 29 48
10 91 81
10 50 20
10 29 97
10 99 63
10 35 3
10 80 60
10 77 72
10 83 39
11 83 32
11 88 27
12 2 88
12 77 97
12 27 43
12 14 97
13 16 54
13 72 92
13 88 63
13 4 24
13 94 75
13 65 3
14 78 61
15 75 20
16 41 71
16 33 4
16 67 92
16 62 16
17 82 75
17 48 17
17 7 54
17 54 89
17 75 93
17 21 85
17 61 29
18 72 45
18 35 27
18 15 86
18 96 34
18 74 56
19 71 26
19 35 100
19 79 67
19 65 90
19 5 36
19 38 54
20 36 13
20 52 19
20 8 80
20 76 67
20 76 54
20 19 73
20 66 5
21 8 63
21 14 28
21 42 20
22 98 75
22 76 58
22 93 24
22 84 32
23 75 64
24 26 34
24 66 97
25 12 59
26 92 48
26 95 1
26 64 46
27 71 15
27 92 78
27 67 45
27 8 92
27 36 73
28 88 1
28 0 14
28 57 37
28 49 16
28 71 61
28 82 22
28 56 47
28 64 72
29 41 33
29 32 90
29 62 9
29 72 5
29 15 90
29 18 36
29 32 33
29 20 83
29 31 92
29 14 100
30 47 20
30 17 16
30 80 59
30 76 56
30 36 4
30 21 28
30 76 53
30 92 40
30 39 43
30 15 92
31 96 26
31 88 32
31 56 47
32 7 100
32 60 95
32 6 76
32 73 13
32 74 14
32 68 93
33 14 91
33 93 78
33 10 71
33 28 68
33 2 39
33 63 26
33 67 33
33 13 65
33 9 76
34 91 98
34 27 56
34 47 94
34 46 43
34 18 93
34 5 5
34 45 41
34 94 47
34 4 48
34 75 16
35 38 32
35 80 11
35 4 73
35 80 41
35 38 86
35 0 29
36 28 79
36 87 69
36 42 33
36 54 65
36 30 100
36 47 46
37 73 54
37 67 20
37 60 86
37 38 85
37 4 15
38 32 84
38 57 18
38 12 83
38 10 13
39 98 43
39 71 71
39 49 78
39 77 96
40 41 50
40 14 77
40 35 96
40 16 8
40 46 67
40 0 68
40 62 53
40 52 26
41 38 72
41 61 95
41 46 10
41 5 36
42 4 29
42 4 76
42 96 67
42 60 84
42 85 66
42 19 19
42 99 88
42 33 59
42 55 10
42 62 17
43 31 58
43 6 73
43 97 29
43 80 17
43 41 35
43 38 19
43 10 7
43 95 14
43 21 76
44 46 83
44 97 85
45 21 84
45 67 22
46 85 10
46 12 14
47 4 27
47 85 48
47 25 15
47 35 13
47 38 15
48 16 1
48 42 25
48 31 30
48 87 77
49 70 89
49 81 4
49 56 71
49 24 24
49 12 46
50 35 62
50 6 59
50 80 22
50 5 36
50 49 4
50 34 88
51 87 97
51 62 17
51 97 3
51 30 21
51 47 3
51 23 79
51 30 71
51 90 94
51 64 54
51 80 52
52 22 85
53 73 76
53 9 65
53 27 45
53 9 71
53 74 34
53 17 54
53 8 15
54 38 48
54 13 28
54 68 77
54 93 84
54 71 3
54 57 54
54 80 14
55 3 23
55 8 59
56 54 21
56 82 55
56 94 80
56 30 84
56 47 51
56 10 39
56 90 68
56 67 57
57 90 9
57 23 53
57 88 91
57 11 10
57 56 82
57 55 8
57 18 73
57 82 20
57 33 16
58 90 15
58 80 46
58 69 90
58 48 76
58 23 27
58 19 96
58 19 13
58 45 35
59 48 35
59 96 31
60 68 20
60 58 24
60 16 18
61 31 44
62 42 50
62 21 72
62 36 8
63 5 75
63 76 78
63 80 1
63 73 40
63 78 71
63 23 73
63 84 43
64 9 92
64 72 71
64 62 88
64 21 67
64 35 58
64 54 12
65 72 28
65 95 29
65 66 63
65 96 72
66 42 26
66 71 3
66 0 68
66 89 44
66 0 79
67 9 42
67 34 54
67 31 92
67 80 25
68 57 90
68 66 37
68 86 77
68 47 21
68 90 83
68 44 7
68 89 96
68 62 98
68 16 1
69 58 98
69 5 43
70 32 85
70 74 99
70 5 18
70 43 31
70 48 7
70 72 69
70 95 75
70 68 8
70 63 91
71 27 94
71 17 81
71 48 90
71 33 75
71 54 53
71 56 31
71 46 48
71 84 1
72 8 74
72 30 25
72 45 37
72 21 14
72 14 6
72 65 97
72 10 21
72 71 4
73 81 98
73 63 85
73 58 75
73 63 30
73 33 35
73 60 10
74 24 32
75 8 92
75 54 96
75 62 83
75 55 80
75 53 20
75 7 90
75 93 14
75 49 10
75 21 57
75 41 61
76 77 57
76 5 100
76 84 90
76 10 23
76 58 94
76 39 51
76 2 80
76 7 85
76 42 54
76 71 100
77 19 52
77 75 10
77 22 55
78 34 72
78 9 76
78 33 78
79 86 15
79 55 32
80 70 79
80 10 92
80 45 88
80 16 55
80 79 41
80 17 54
80 21 6
81 83 36
81 53 19
81 22 48
81 68 81
81 69 78
82 7 90
82 25 11
82 19 57
82 44 19
83 60 35
83 51 87
84 19 24
84 53 33
84 78 25
84 45 82
84 18 48
85 35 80
85 37 16
85 22 29
85 66 78
85 6 94
85 91 12
85 75 20
85 20 12
85 75 92
86 9 15
86 11 84
86 64 78
86 3 62
86 57 87
86 76 48
86 65 87
86 18 7
87 7 96
87 61 63
87 60 58
88 9 8
89 68 53
89 98 39
90 74 49
90 55 9
90 9 35
90 89 60
90 76 25
90 11 43
90 3 2
90 55 27
90 43 81
91 9 62
91 15 68
91 14 44
91 58 29
91 52 70
92 0 78
92 28 88
92 7 62
92 77 37
92 83 100
92 45 77
92 23 10
92 68 85
92 73 32
93 45 94
93 19 60
94 20 70
94 14 6
94 65 31
94 44 5
94 43 16
94 89 8
94 43 99
94 48 76
95 77 40
95 47 92
95 40 38
95 35 85
95 12 15
95 7 3
96 20 85
96 19 74
97 71 51
97 15 76
97 20 6
97 40 100
97 14 66
97 22 90
98 64 63
99 51 55
