2 4073 10
2 641 3
2 2111 3
2 5061 8
2 147 5
2 453 7
2 1454 8
2 1707 6
2 5867 10
2 4016 3
2 2708 9
2 5438 3
2 762 10
2 1997 6
2 2386 9
3 1449 2
4 2075 7
4 396 9
4 2739 5
4 1812 7
4 3693 7
4 4938 8
4 2536 2
4 5110 4
4 1997 4
4 2353 4
4 3173 10
4 810 6
4 2017 1
4 4745 7
4 2293 3
4 1845 8
4 3721 9
4 4247 9
4 2812 10
4 2387 7
4 2296 8
4 208 3
4 5344 8
4 3368 10
4 1602 6
4 5033 2
4 2779 8
4 1439 4
4 4303 9
4 5036 2
4 5061 6
4 596 9
4 88 4
4 5485 4
4 4227 1
4 3072 6
4 2351 10
7 535 7
7 3333 2
7 1244 7
7 5204 9
7 5298 3
9 3008 2
10 5708 6
20 1324 8
20 4073 9
20 641 10
20 5879 9
20 147 8
20 3541 9
20 1707 6
20 3037 1
20 3079 7
20 5867 1
20 4016 2
20 2708 10
20 3661 7
20 2386 5
22 1664 2
22 4015 6
22 264 7
22 1777 9
22 1232 10
22 1074 9
22 5226 5
22 1804 10
22 5128 4
22 2180 3
22 5288 7
22 2030 8
22 3624 6
22 3301 6
22 3056 3
22 1864 5
22 5279 4
22 4961 1
193 4490 3
193 1218 1
193 641 10
193 1033 3
193 2111 6
193 147 10
193 3541 7
193 1707 5
193 2684 5
193 3079 3
193 3885 8
193 5867 4
193 2386 2
193 5879 2
193 2675 2
193 762 9
193 5483 1
193 5888 10
26 3744 7
27 1952 6
35 3008 8
47 3008 4
53 2408 1
53 4722 2
53 3585 1
53 3906 8
57 4254 9
57 4479 3
57 4706 3
57 2582 6
57 4853 4
57 4516 4
57 2409 5
57 1449 6
57 1664 2
57 633 3
57 3056 4
57 1232 1
57 1487 3
57 1821 10
57 2180 7
57 2030 4
57 4961 8
57 1074 8
57 1804 3
57 2972 9
57 5128 2
57 264 10
57 5618 10
57 5279 3
57 987 2
57 5226 3
57 1777 10
57 1584 6
57 3301 1
57 5647 1
61 1836 4
67 5288 10
77 1324 7
88 2075 6
88 396 1
88 2812 3
88 208 5
88 4938 1
88 2536 4
88 5110 7
88 1997 4
88 2353 2
88 3173 2
88 2017 5
88 4745 4
88 2293 3
88 1845 2
88 4247 7
88 2387 6
88 3693 4
88 5344 4
88 3368 9
88 1439 5
88 1806 3
88 4303 6
88 5061 9
88 5485 9
88 3072 8
88 2739 4
88 2351 6
90 3386 9
90 2422 10
90 5633 3
90 5867 3
90 2296 4
90 109 10
90 1148 7
91 3857 1
91 3484 7
91 1562 1
91 2107 5
91 784 2
91 100 7
91 951 8
91 525 1
91 127 8
91 3012 4
91 5800 2
91 5098 2
91 1973 7
91 3593 3
91 4728 3
95 4419 7
95 5894 8
95 3819 2
95 3148 6
95 573 5
95 191 10
95 5823 6
100 1562 9
100 2107 1
100 525 2
100 3012 10
100 951 9
100 5468 7
100 3484 5
100 1764 10
100 3593 8
100 5098 7
100 4728 6
100 2087 4
100 3721 2
100 1331 8
100 1551 9
100 3857 9
100 5724 10
100 784 10
100 2258 5
100 4931 8
100 3472 5
100 3800 8
100 5376 4
100 2155 8
100 1083 5
100 2289 10
100 153 10
109 3386 8
109 2363 3
109 361 5
109 641 2
109 2166 8
109 147 1
109 1707 8
109 3512 7
109 2422 5
109 1018 3
109 5867 10
109 1680 7
109 1324 5
109 4932 1
109 4775 2
109 2021 1
109 2386 8
109 5633 3
111 2180 10
111 264 2
112 978 10
124 2190 2
124 5664 6
124 501 4
125 2363 8
125 1093 5
125 762 7
125 2412 5
125 5046 1
125 1768 1
125 2296 7
125 2386 6
125 4718 2
125 361 7
125 641 2
125 147 10
125 1707 10
125 5867 6
125 1602 5
125 2321 5
125 1538 3
125 3541 5
125 4932 4
125 1324 6
125 3914 10
125 1680 7
125 1248 10
125 5907 6
127 3857 10
127 3484 8
127 784 1
127 2087 1
127 2107 7
127 951 2
127 3502 1
127 5376 3
127 1716 7
127 5098 1
127 2289 4
127 4728 6
127 5106 7
128 1666 9
128 5273 3
128 2938 8
128 5060 8
128 4974 3
128 3235 1
128 29 8
128 3224 1
128 2050 2
128 855 2
128 1952 3
128 1477 7
145 633 7
145 2972 8
147 1087 7
147 2021 9
147 1254 8
147 5090 10
147 1918 10
147 3079 8
147 1090 2
147 2989 1
147 3717 8
147 1093 2
147 4087 6
147 2412 10
147 2309 1
147 2996 1
147 1454 3
147 2311 4
147 4747 3
147 385 4
147 2314 10
147 2708 5
147 5633 8
147 2032 3
147 3448 3
147 4752 7
147 2422 5
147 1185 6
147 5827 9
147 2321 6
147 2426 6
147 4474 5
147 750 5
147 3541 1
147 4932 6
147 2807 7
147 2235 3
147 2386 1
147 3914 7
147 2240 7
147 2621 8
147 298 5
147 2338 2
147 580 1
147 4042 8
147 4016 10
147 3458 6
147 762 6
147 305 9
147 2154 7
147 4661 3
147 1018 1
147 2911 3
147 1570 8
147 4775 8
147 1483 5
147 3386 2
147 4490 8
147 1033 7
147 5477 8
147 3037 8
147 5483 5
147 4120 3
147 2165 1
147 2166 8
147 2262 5
147 2828 3
147 4409 1
147 1324 4
147 1037 9
147 986 9
147 1196 2
147 1680 9
147 2834 8
147 1548 3
147 1550 10
147 1202 4
147 3567 1
147 5490 2
147 2269 7
147 607 2
147 468 5
147 350 10
147 3220 7
147 791 1
147 469 4
147 5046 2
147 1304 4
147 3674 2
147 5494 3
147 2563 1
147 1538 2
147 5049 4
147 1407 9
147 3132 7
147 2365 2
147 4423 4
147 1051 5
147 2183 3
147 4319 10
147 2363 1
147 4694 10
147 3313 3
147 3412 1
147 5149 10
147 2752 3
147 5234 1
147 1602 5
147 3492 3
147 5561 9
147 5592 5
147 4968 10
147 1219 9
147 3688 3
147 5635 10
147 5329 9
147 2675 1
147 5879 7
147 889 10
147 5071 7
147 891 1
147 544 1
147 3661 8
147 2111 5
147 3505 2
147 3698 7
147 2506 10
147 5888 1
147 2058 7
147 2296 1
147 1239 2
147 3976 2
147 361 4
147 641 10
147 5799 5
147 4067 4
147 1707 9
147 3512 9
147 1154 2
147 3339 10
147 4352 9
147 5438 4
147 5246 9
147 1768 3
147 2975 6
147 178 2
147 4073 2
147 4244 5
147 3885 5
147 453 6
147 5867 10
147 906 6
147 371 9
147 1248 8
152 2954 6
152 948 6
153 2155 8
153 656 5
153 3593 3
153 2087 5
153 784 6
153 5098 1
153 3012 9
153 2107 4
153 5468 7
153 3484 6
153 4931 4
155 1263 8
159 3008 4
159 5708 3
160 1061 1
160 748 3
160 4414 7
160 3595 1
160 5584 9
160 922 6
160 4835 7
160 2060 7
160 1429 3
160 2417 6
160 1456 6
160 1340 6
160 2815 1
160 5560 3
160 1372 1
160 4071 10
160 873 7
160 4920 3
160 4766 9
160 1249 6
160 5417 5
163 1273 8
163 2419 10
163 1357 10
163 2397 6
163 3739 10
165 1061 10
165 5285 6
165 5572 6
165 2330 6
165 3258 8
165 4835 9
165 5305 6
165 419 2
165 2815 5
165 3523 4
165 4918 10
165 4036 5
165 2131 5
165 5119 2
165 4920 4
165 812 4
165 3357 10
165 3752 7
165 1456 4
165 4158 7
165 4159 1
165 674 3
165 2060 9
165 1429 1
165 1791 6
165 2417 9
165 1797 7
165 4395 9
165 3595 10
165 873 7
165 1263 6
165 1409 6
165 5584 1
165 1386 7
165 5560 5
165 5538 7
165 5615 6
165 4071 2
165 1439 9
165 918 7
165 3530 5
165 5543 7
165 4354 1
165 5900 7
165 4872 5
165 1340 2
165 5692 4
165 2928 1
178 5879 6
178 2338 2
178 4042 5
178 3567 9
178 2269 9
178 1725 9
178 3717 7
178 641 1
178 762 9
178 4087 2
178 2412 4
178 1768 9
178 2111 10
178 4747 4
178 2996 1
178 1454 9
178 5049 9
178 2506 5
178 2314 7
178 2296 2
178 2365 6
178 5633 7
178 2386 3
178 2546 4
178 2363 8
178 3313 5
178 3412 5
178 3132 4
178 4490 5
178 1707 8
178 4718 1
178 1602 7
178 1018 1
178 1538 8
178 5483 4
178 4120 9
178 3773 10
178 4474 8
178 3661 2
178 2262 4
178 750 9
178 3541 10
178 453 5
178 5867 6
178 4409 2
178 1680 3
178 1324 9
178 3885 6
178 371 1
178 5494 2
178 5907 4
180 4860 8
181 4908 10
181 3864 1
181 245 3
181 2888 6
188 2075 9
188 2353 10
188 2812 2
188 4938 5
188 5110 3
188 1997 7
188 3173 8
188 810 7
188 2017 1
188 4745 4
188 2293 2
188 792 5
188 1845 1
188 3721 4
188 4303 5
188 2387 5
188 1534 10
188 3368 7
188 5033 4
188 2779 7
188 4247 9
188 5036 4
188 596 8
188 3661 7
188 2739 1
188 2351 7
191 1927 5
191 1680 9
191 3490 1
191 1066 10
192 1324 1
202 4081 2
202 4032 9
202 4974 2
202 1348 9
202 4358 2
202 1952 4
202 4970 3
202 3224 10
202 3852 4
202 1798 3
202 2630 1
202 4665 5
202 5237 6
202 1126 10
202 2893 5
202 1270 9
202 3234 10
202 4406 5
202 1988 2
202 4459 3
202 2492 3
202 5903 3
202 1085 9
202 1660 9
206 2060 6
206 1263 2
206 5444 2
208 2739 6
208 396 8
208 2812 2
208 3693 4
208 4938 8
208 2536 6
208 2878 8
208 5110 6
208 1997 10
208 2353 5
208 3173 9
208 972 6
208 2017 5
208 4745 2
208 1845 4
208 3721 2
208 5453 5
208 4247 7
208 2387 6
208 5344 2
208 3368 6
208 3067 1
208 5033 2
208 810 1
208 4303 4
208 5036 6
208 5061 1
208 596 9
208 5485 2
208 4227 7
208 3072 4
208 2351 9
208 2815 9
209 626 2
222 683 4
222 264 9
29 4974 10
29 3224 9
29 4243 2
29 855 7
29 4919 3
1324 4081 2
1324 2985 7
1324 2021 7
1324 1254 7
1324 1918 2
1324 3079 1
1324 1090 6
1324 1725 8
1324 2989 9
1324 3717 3
1324 1093 9
1324 4087 10
1324 2412 4
1324 2996 3
1324 1454 10
1324 2684 10
1324 4747 1
1324 2314 4
1324 3721 4
1324 2708 6
1324 5633 8
1324 2032 8
1324 3448 4
1324 2779 1
1324 4752 3
1324 1851 10
1324 2422 10
1324 1381 5
1324 1603 7
1324 4291 7
1324 4474 9
1324 750 9
1324 3541 4
1324 4932 4
1324 1018 1
1324 3914 1
1324 4107 10
1324 2621 4
1324 4490 6
1324 3282 8
1324 4042 8
1324 4016 10
1324 762 8
1324 2058 3
1324 2154 8
1324 2235 4
1324 2059 6
1324 1768 10
1324 1570 5
1324 1185 1
1324 1483 9
1324 2546 1
1324 3386 10
1324 2338 9
1324 1033 7
1324 5477 3
1324 2340 2
1324 1297 4
1324 5483 6
1324 5036 7
1324 4120 5
1324 775 6
1324 4055 5
1324 3659 5
1324 1965 1
1324 3661 10
1324 4225 10
1324 986 4
1324 1196 10
1324 1680 6
1324 683 6
1324 1345 1
1324 4032 6
1324 2834 4
1324 1548 4
1324 1202 10
1324 3567 8
1324 607 8
1324 1205 7
1324 468 6
1324 3220 7
1324 5046 7
1324 3674 3
1324 5494 5
1324 2180 5
1324 1407 8
1324 1051 7
1324 2183 5
1324 4319 5
1324 2363 7
1324 4694 6
1324 3313 6
1324 3412 5
1324 5149 7
1324 5777 9
1324 5867 10
1324 1602 5
1324 3492 8
1324 5561 7
1324 3773 4
1324 3688 8
1324 5635 5
1324 2856 2
1324 2675 5
1324 5879 3
1324 1227 9
1324 891 7
1324 544 9
1324 2111 4
1324 3698 2
1324 2506 9
1324 5888 4
1324 2723 6
1324 2296 2
1324 1239 3
1324 2386 9
1324 4718 6
1324 361 7
1324 641 2
1324 2008 8
1324 1074 6
1324 1707 2
1324 3037 6
1324 5704 2
1324 4352 2
1324 5438 10
1324 5246 10
1324 1538 1
1324 5314 6
1324 4073 2
1324 2693 1
1324 5775 6
1324 453 10
1324 3518 10
1324 5907 3
229 2951 3
229 775 8
229 2688 9
231 2386 6
239 3811 10
240 575 1
240 4312 3
240 4762 1
240 3008 7
240 2440 10
240 5078 5
240 3296 1
240 3291 10
240 2705 5
248 5615 2
261 1865 8
261 896 7
261 1784 1
261 1298 9
261 5457 10
261 4792 7
261 3086 2
261 4585 10
261 1706 9
261 1388 2
261 2018 9
261 2456 9
261 2335 7
261 1356 9
261 4521 5
261 2957 3
261 5162 3
262 3008 4
263 1357 8
263 2397 4
263 3739 7
264 4706 2
264 5066 7
264 2836 7
264 1722 2
264 4516 2
264 5288 1
264 3370 7
264 2607 5
264 3385 8
264 1864 9
264 5279 4
264 3624 5
265 3008 2
265 5708 1
269 3008 10
269 5708 9
274 2470 2
1629 4573 5
1629 558 9
277 2893 3
277 1798 8
277 4243 8
277 3234 5
277 4974 4
286 1725 8
287 3008 8
287 2556 10
287 5222 6
287 4462 7
287 369 4
287 1836 10
287 5632 9
287 3811 2
287 2040 10
287 2027 10
287 1382 5
298 5879 3
298 1548 4
298 3079 10
298 4016 10
298 641 4
298 2296 3
298 2708 1
298 4423 1
298 2183 5
298 2386 9
298 4718 3
298 3448 4
298 3412 8
298 875 7
298 1707 7
298 3029 2
298 4120 6
298 4073 10
298 3541 7
298 5867 10
298 3661 10
298 2621 9
300 1988 2
300 1952 4
300 1270 6
305 2363 2
305 361 4
305 641 10
305 2111 7
305 1707 5
305 5348 3
305 5867 5
305 5139 8
305 2386 4
312 4908 5
312 3864 3
313 4907 1
313 4300 5
313 668 8
313 5139 7
313 2751 6
327 873 10
327 1918 10
327 5879 9
327 3752 8
327 5538 5
329 4938 9
332 5895 5
343 2440 2
343 1149 1
343 3008 4
350 2363 1
350 4694 5
350 641 6
350 5879 8
350 2111 1
350 2386 3
350 1202 7
350 1707 6
350 2911 1
350 4932 6
350 5867 1
350 1037 6
350 1407 8
350 1538 1
350 5592 9
350 3458 2
361 1018 5
361 2318 8
361 1202 9
361 3567 8
361 3079 1
361 3458 8
361 3717 5
361 3220 9
361 2412 8
361 2309 5
361 2111 6
361 2996 7
361 2311 9
361 4747 7
361 2296 10
361 1185 7
361 4423 9
361 2183 1
361 2386 8
361 906 1
361 3386 8
361 4718 1
361 641 6
361 3132 4
361 1707 1
361 3512 7
361 2422 2
361 4775 10
361 5867 1
361 2321 7
361 468 5
361 3492 8
361 469 6
361 1538 5
361 4244 9
361 2165 1
361 2166 3
361 2365 10
361 2975 10
361 2752 9
361 1219 6
361 3688 5
361 3976 5
361 3698 5
361 3914 4
361 371 3
361 5633 8
361 1248 2
361 607 3
369 5670 8
369 3008 2
369 740 9
369 369 6
369 5890 7
369 2027 10
369 2994 2
371 5879 5
371 2338 4
371 4042 4
371 3567 4
371 641 6
371 762 9
371 2111 4
371 2506 5
371 2314 2
371 5633 6
371 2363 1
371 2546 9
371 4718 6
371 3412 8
371 1386 6
371 1707 9
371 5867 1
371 3541 6
371 4932 8
371 4409 9
371 2386 4
377 2923 3
385 4424 7
385 4073 8
385 641 8
385 5046 2
385 2111 1
385 1548 2
385 1707 8
385 3037 9
385 1154 8
385 5867 4
385 5071 4
385 4016 5
385 2996 6
385 2708 10
385 762 10
385 2386 9
389 442 1
394 1836 10
396 2075 6
396 2353 9
396 2812 7
396 4938 1
396 2536 10
396 2878 1
396 5110 9
396 1997 4
396 3173 8
396 810 2
396 2017 9
396 4745 2
396 3721 2
396 4303 7
396 2387 8
396 3693 9
396 5344 7
396 5297 2
396 5033 5
396 1439 6
396 4247 1
396 5036 10
396 5061 3
396 1021 3
396 5485 6
396 2739 5
410 1244 6
410 5131 3
410 3366 7
412 1061 4
412 5305 9
412 2815 5
412 4835 2
412 4918 10
412 5119 8
412 4920 9
412 3752 5
412 4158 6
412 1454 1
412 2060 8
412 1429 4
412 1456 6
412 3595 3
412 873 4
412 5584 6
412 5560 8
412 5538 6
412 4071 9
412 5417 10
412 5543 9
412 1340 5
413 5376 4
413 3557 2
417 469 8
419 541 9
419 5305 10
419 2815 3
419 734 2
419 4920 5
419 3357 5
419 5584 1
419 4158 2
419 2060 5
419 1429 6
419 1456 2
419 3595 4
419 873 1
419 2160 5
419 4617 9
419 1263 4
419 3752 3
419 5560 2
419 5538 10
419 5396 10
419 4071 6
419 1648 4
419 2347 8
419 5543 4
419 1340 5
419 5692 8
419 2928 4
423 1791 5
434 4938 3
435 5034 7
442 844 1
442 2433 10
442 4277 10
442 1474 4
442 1016 10
442 2472 4
442 890 5
442 4955 9
442 3670 2
442 1114 9
442 3744 3
442 711 1
442 1066 4
442 4585 7
442 2683 8
442 4959 2
442 1356 10
442 1927 6
442 2641 5
442 1673 3
442 2688 5
442 3490 1
442 2231 4
442 5118 8
442 5895 4
442 3861 6
442 1836 1
442 3370 9
442 5215 1
442 5237 3
442 5059 2
442 2371 10
442 1521 3
442 3393 8
442 3347 3
442 5800 7
442 4230 10
449 4908 4
449 4327 6
449 3864 8
449 4481 5
453 5879 1
453 1548 7
453 5827 8
453 1227 8
453 762 10
453 3220 2
453 2412 9
453 1018 6
453 2111 6
453 2017 10
453 4747 8
453 1407 10
453 2365 2
453 1239 6
453 1483 10
453 2386 3
453 2387 2
453 4694 8
453 641 7
453 5799 10
453 5867 3
453 5800 6
453 5704 7
453 5483 5
453 3885 5
453 5234 3
453 4225 3
453 2621 5
453 1248 1
458 3002 10
458 1898 4
458 3008 6
458 1635 6
3057 734 6
3057 5584 1
3057 3752 5
3057 3325 10
3057 4601 6
3057 1263 1
3057 5625 2
3057 1429 2
3057 5538 6
3057 1456 4
3057 5615 2
3057 3595 7
3057 1372 9
3057 5396 1
3057 1648 2
3057 2160 3
3057 873 5
463 1244 8
468 5879 2
468 3079 3
468 1725 7
468 3717 4
468 1093 5
468 762 4
468 3220 1
468 2111 1
468 2996 7
468 1454 8
468 1407 4
468 2296 8
468 2386 10
468 4718 5
468 641 10
468 1707 2
468 5867 1
468 1538 4
468 750 10
468 3541 4
468 3914 5
468 5494 1
469 3541 4
469 2111 8
469 1965 4
469 1112 8
469 2339 2
469 1707 2
469 4932 3
469 3079 5
469 4501 7
469 4016 5
469 5234 10
469 5867 10
469 2612 4
469 2386 9
469 5888 8
478 2040 3
478 4380 3
478 1836 4
478 1507 2
478 3008 3
488 1952 10
488 3744 5
492 5376 3
498 1331 5
498 1562 6
498 2155 8
498 2008 8
498 656 10
498 2107 2
498 3502 10
498 2296 7
498 842 9
498 2538 7
498 5468 7
498 3484 3
498 1229 3
501 1685 10
501 2461 4
501 2528 10
501 5664 8
504 2018 4
504 1356 3
504 3395 8
504 1388 5
504 2134 10
505 1459 6
510 1061 10
510 2651 3
510 5305 9
510 2815 1
510 4835 7
510 4920 8
510 3994 6
510 2413 3
510 3308 7
510 5584 8
510 4158 9
510 1454 4
510 2060 4
510 1429 5
510 1456 5
510 2914 2
510 5560 7
510 873 7
510 3752 10
510 674 5
510 3498 7
510 3595 10
510 5538 9
510 2920 2
510 2757 7
510 4071 7
510 4143 4
510 797 4
510 5543 1
510 1441 4
510 4872 5
510 1340 9
510 4354 4
510 2402 6
514 3333 10
514 4866 5
514 764 5
515 1722 9
515 5288 4
515 3680 10
515 3385 7
515 1864 10
515 5128 9
517 2397 2
525 3857 2
525 641 8
525 3942 5
525 3012 1
525 5376 9
525 3593 3
529 3870 5
533 5670 8
533 3008 10
535 1244 8
535 1911 8
535 3839 10
3222 2951 5
3222 4874 2
3222 2099 3
544 641 10
544 1602 9
544 3541 7
544 1707 2
544 4932 7
544 3079 1
544 5867 6
544 4016 3
544 2815 4
544 2708 3
544 3661 2
544 2386 9
548 5699 1
555 2382 10
555 2954 5
555 3045 3
558 2584 8
558 5136 8
558 4908 9
558 2263 9
558 4573 7
558 3864 8
558 5587 7
558 4696 7
558 4866 10
558 626 5
558 3776 6
560 1061 5
560 5584 9
560 3752 9
560 1456 5
560 4158 2
560 2060 2
560 3595 7
560 5305 6
560 1263 6
560 5538 8
560 4505 2
560 1340 10
560 2815 2
560 5560 1
560 4835 5
560 4071 9
560 873 6
560 4918 5
560 5543 4
560 4920 8
563 3857 9
563 1339 3
563 3484 10
563 3276 5
563 2279 8
563 4728 7
573 4719 4
573 2397 9
573 3337 7
573 5894 8
573 5325 2
573 3739 8
573 3148 7
573 1357 9
575 669 9
575 3008 1
580 3079 4
580 4073 4
580 5879 7
580 3505 6
580 750 6
580 3541 9
580 1707 3
580 4694 8
580 3661 10
580 2506 2
580 5867 2
580 4016 1
580 2296 4
580 3717 3
580 2708 9
580 2386 1
587 2081 8
587 1507 7
587 994 8
587 669 8
587 3209 10
587 3379 4
589 4362 3
594 1120 1
594 4045 7
594 1836 6
594 3008 1
596 2739 9
596 2812 1
596 4938 2
596 2536 2
596 1997 4
596 3173 6
596 810 7
596 2017 3
596 1121 10
596 1845 10
596 3721 1
596 4247 2
596 2387 7
596 5344 10
596 5297 8
596 5033 5
596 2779 6
596 4303 7
596 5036 6
596 5061 10
596 3541 8
596 4227 4
598 1680 6
606 5457 9
606 3334 6
606 2335 6
606 5162 5
623 5177 5
624 4282 2
624 5708 1
626 3864 4
626 3673 8
626 4908 4
626 2263 8
626 4573 9
626 3776 10
626 1553 8
626 3333 7
626 3457 7
626 5396 9
626 1394 1
633 4479 1
633 4706 2
633 2836 7
633 2151 5
633 4516 5
633 1664 8
633 3056 4
633 1232 6
633 3569 2
633 4859 4
633 2180 8
633 2030 8
633 5229 4
633 5133 5
633 4864 7
633 3624 7
633 978 1
633 1074 3
633 1804 9
633 2972 6
633 1579 4
633 5782 6
633 774 2
633 1552 9
633 5368 9
633 4993 6
633 1584 4
633 5392 2
633 5211 1
633 4961 1
633 5288 5
641 1087 3
641 2021 10
641 5090 6
641 1918 10
641 3079 5
641 1090 7
641 2989 5
641 1093 2
641 4087 8
641 2412 5
641 2309 7
641 2996 10
641 1454 3
641 2311 2
641 4747 5
641 2708 5
641 5633 10
641 2032 3
641 2318 9
641 4752 3
641 2422 5
641 1185 5
641 5827 9
641 2426 8
641 4474 5
641 750 6
641 3541 6
641 4932 8
641 2807 6
641 2235 3
641 3914 2
641 2240 6
641 2621 7
641 4042 3
641 4016 1
641 3458 7
641 2154 3
641 4661 6
641 1018 7
641 2911 6
641 1570 7
641 4775 9
641 2338 9
641 5477 8
641 3037 1
641 5483 4
641 4120 5
641 2165 4
641 2166 10
641 2828 9
641 4409 3
641 986 1
641 1680 5
641 2834 7
641 1550 3
641 1202 8
641 3567 7
641 5490 4
641 607 2
641 5438 2
641 5046 9
641 3674 6
641 5494 6
641 2563 1
641 2975 7
641 791 6
641 4319 8
641 3132 6
641 2752 7
641 4423 10
641 1051 10
641 2183 2
641 1407 4
641 2363 7
641 4694 1
641 3313 1
641 3412 9
641 5149 7
641 4244 7
641 5234 5
641 1218 7
641 1602 5
641 3492 10
641 5561 4
641 5592 10
641 1219 8
641 3688 1
641 5635 9
641 2675 10
641 5879 4
641 889 9
641 5071 4
641 891 5
641 3661 7
641 2111 5
641 3505 5
641 5246 7
641 2506 8
641 2058 10
641 1239 6
641 3548 10
641 2386 4
641 4718 4
641 5799 4
641 4067 4
641 1707 7
641 3512 1
641 1154 10
641 3339 10
641 1538 1
641 4073 8
641 3885 9
641 5867 2
649 3825 7
649 2688 4
649 3392 1
649 2704 5
649 2284 7
649 1884 3
649 3518 7
649 2586 1
2078 1382 1
2078 1924 9
2078 1836 1
2078 3008 7
656 3857 8
656 4037 9
656 1562 4
656 2155 5
656 784 2
656 2107 3
656 1083 8
656 1716 8
656 1331 7
656 3593 7
656 3484 9
661 743 6
661 3273 8
661 918 1
661 5183 9
662 5894 8
662 1357 1
662 2397 10
662 3739 5
662 1428 8
668 3607 8
668 2047 6
668 1509 4
668 3919 6
668 5139 8
668 5388 8
669 5012 4
669 994 5
669 3113 2
669 831 6
669 4069 10
669 1836 4
669 5846 5
669 3551 4
669 2040 8
669 5379 1
669 2069 7
673 3857 5
674 5305 7
674 3169 7
674 2815 9
674 4835 4
674 4918 1
674 4036 8
674 1439 4
674 5119 4
674 5584 9
674 4158 3
674 2060 9
674 1429 1
674 1456 8
674 3595 9
674 873 8
674 2160 2
674 1263 6
674 1409 5
674 3752 6
674 5560 1
674 5538 5
674 4071 1
674 5900 4
674 3530 3
674 2347 6
674 3325 4
674 5543 10
674 4601 7
674 4627 10
674 1340 9
674 3498 5
674 4296 8
686 1061 3
686 5305 10
686 2815 3
686 4835 8
686 734 1
686 5119 1
686 4920 1
686 4918 5
686 4158 9
686 2060 7
686 1429 8
686 812 4
686 1456 3
686 4395 5
686 3595 7
686 873 1
686 1263 4
686 1409 4
686 5584 6
686 5560 2
686 5538 2
686 5396 7
686 4071 7
686 5543 10
686 1340 3
690 3812 9
691 1798 7
692 5584 5
692 5543 2
692 3752 7
692 1340 9
692 4158 4
692 2060 2
692 3595 5
692 5305 10
692 1429 7
692 5538 3
692 4872 8
692 1456 9
692 2815 1
692 5560 9
692 4835 7
692 4071 7
692 873 6
692 4918 10
692 4920 2
707 1434 5
707 5494 1
707 1707 2
707 4932 5
707 1725 7
707 2296 3
711 4959 4
711 1660 1
711 3744 5
712 1382 8
712 3291 3
712 3008 4
713 1149 3
713 1189 3
713 2027 5
713 3008 5
713 2163 3
715 3273 4
715 918 2
727 5285 5
727 5625 3
727 4766 5
727 2331 6
727 2815 2
727 4835 9
727 4918 6
727 4036 9
727 1648 9
727 3548 6
727 3752 10
727 4158 6
727 1977 8
727 2060 3
727 1429 10
727 812 10
727 4395 9
727 5560 6
727 873 9
727 2160 8
727 1263 2
727 1409 1
727 4510 1
727 5584 5
727 4325 2
727 5538 2
727 5615 10
727 4071 10
727 1439 1
727 2013 6
727 2347 9
727 3325 4
727 5543 4
727 5900 8
727 4627 9
727 4872 8
727 1340 3
727 4296 4
733 2586 7
733 3148 7
734 1061 7
734 5285 1
734 541 9
734 2330 1
734 5625 9
734 2217 1
734 2815 5
734 4835 9
734 1372 4
734 4918 5
734 4036 1
734 2131 1
734 5119 5
734 4920 6
734 3994 2
734 1012 8
734 4158 2
734 1454 2
734 2060 5
734 1429 7
734 5900 6
734 1456 5
734 3595 3
734 873 8
734 2160 2
734 1263 6
734 2389 7
734 5584 6
734 5560 8
734 5538 10
734 5615 9
734 1439 2
734 4071 6
734 1648 10
734 918 5
734 3530 3
734 2347 4
734 5543 6
734 4601 5
734 4627 5
734 3239 3
734 4872 4
734 1340 4
734 4159 8
740 2994 4
740 4179 5
740 3008 2
740 5890 4
743 2797 1
743 3664 9
743 3357 1
743 5584 1
743 1456 6
743 2468 4
743 2060 9
743 1771 1
743 5659 2
743 4614 6
743 3662 10
743 801 7
743 3273 10
743 3595 1
743 918 10
743 5183 6
743 1263 3
5060 4974 1
5060 1988 9
5060 3224 9
5060 4243 3
5060 2050 10
5060 1660 9
5060 4358 2
5060 855 3
5060 1952 4
5060 1270 5
748 1061 10
748 3357 10
748 5584 3
748 922 1
748 4158 8
748 2060 10
748 3595 5
748 5305 4
748 5538 7
748 812 9
748 1456 9
748 1340 9
748 4395 10
748 2815 6
748 5560 1
748 4835 9
748 4071 8
748 873 8
748 4918 10
748 4920 4
750 5329 9
750 3378 10
750 5879 1
750 2269 9
750 3079 8
750 5071 4
750 3717 1
750 5867 1
750 762 8
750 5246 7
750 5149 5
750 2309 10
750 2235 2
750 1454 4
750 5049 9
750 5888 8
750 1570 6
750 2314 4
750 2296 5
750 2365 6
750 1239 8
750 1051 10
750 2386 3
750 5635 3
750 4718 7
750 3313 6
750 5799 7
750 1707 5
750 1851 2
750 5561 8
750 1033 4
750 1602 7
750 5483 7
750 4120 4
750 1218 10
750 2262 4
750 3541 8
750 3339 1
750 3885 10
750 1083 1
750 2621 7
750 1680 4
750 1248 9
758 1619 6
758 1320 4
762 2318 8
762 5490 7
762 2269 5
762 5049 1
762 3313 7
762 4016 4
762 1093 2
762 3220 8
762 2412 9
762 2058 3
762 791 6
762 2111 9
762 2996 3
762 2506 1
762 1570 5
762 2314 3
762 1407 4
762 2296 3
762 1185 4
762 2708 6
762 4423 7
762 2386 7
762 5635 2
762 3386 6
762 4424 3
762 3448 10
762 3412 6
762 5477 2
762 4752 7
762 1707 10
762 5276 6
762 1154 1
762 2365 7
762 4718 2
762 1602 5
762 5438 7
762 1768 5
762 5483 1
762 2166 7
762 4120 9
762 4073 10
762 3661 4
762 3885 10
762 3541 4
762 5867 1
762 2235 3
762 906 5
762 2032 1
762 2621 9
762 1680 2
762 1248 8
764 3864 6
764 4866 6
764 4908 9
764 4395 4
764 5800 2
774 2151 4
774 4254 1
774 2180 2
774 1664 5
775 5120 10
782 4299 4
782 3068 1
782 3008 9
784 1562 7
784 2107 1
784 3502 4
784 3012 4
784 951 6
784 5468 5
784 3484 9
784 3942 7
784 1764 3
784 3593 5
784 5098 7
784 2258 4
784 2087 6
784 1331 10
784 1551 8
784 3857 1
784 5724 3
784 1716 4
784 5106 7
784 4728 4
784 4931 4
784 3180 10
784 3472 9
784 5376 2
784 5038 3
784 2155 9
784 1083 8
784 2289 2
784 3800 2
787 5279 8
791 5722 4
791 3481 7
791 3669 7
791 1093 6
791 2111 5
791 2964 4
791 3405 4
791 4527 2
791 1768 8
791 2296 2
791 3726 1
791 2708 2
791 2183 3
791 2386 8
791 2363 2
791 3132 8
791 2345 2
791 1538 8
791 3541 1
791 4409 7
791 1680 5
791 5907 3
792 3173 8
792 2812 3
792 5344 5
792 2017 9
792 4938 4
792 5297 1
792 2351 10
792 3368 3
792 4247 2
792 1806 6
792 1997 2
792 2387 6
2106 2040 6
2106 1836 6
2106 4380 9
2106 5261 8
2106 3008 8
797 1061 7
797 5305 3
797 2815 6
797 4835 1
797 4918 4
797 4920 2
797 5584 8
797 4158 6
797 1454 6
797 2060 1
797 1429 10
797 1456 4
797 2914 1
797 3595 7
797 873 8
797 2797 10
797 3752 1
797 5560 9
797 5538 5
797 4071 4
797 5417 4
797 5543 2
797 1340 2
801 2797 7
801 5584 3
801 3273 3
801 1456 5
801 3595 3
801 918 9
801 5183 6
810 2812 5
810 4938 1
810 1997 4
810 2353 5
810 3173 2
810 2017 6
810 4745 9
810 1845 6
810 4247 1
810 2387 5
810 3693 4
810 5344 2
810 3368 1
810 5036 9
810 5061 9
810 3072 9
810 2351 10
812 5285 5
812 1977 8
812 2815 6
812 1648 8
812 4920 10
812 3357 6
812 4158 9
812 1454 6
812 2060 5
812 1429 6
812 1456 5
812 3023 2
812 5560 10
812 873 6
812 4617 3
812 1263 6
812 5584 2
812 1386 4
812 3595 6
812 5538 5
812 5615 10
812 4071 2
812 5900 6
812 2013 2
812 5543 7
812 4872 5
812 1340 8
812 3498 5
812 5692 3
812 3239 4
825 4178 8
825 1270 8
825 1988 2
825 3612 8
825 1348 3
825 1952 9
825 4919 6
825 5237 3
826 5304 3
826 3575 3
826 1089 6
826 4977 5
826 3908 3
826 5699 2
828 1074 10
831 5846 7
842 3773 5
842 5477 5
842 2008 9
842 2107 9
842 2856 5
842 1083 3
842 4143 5
855 4243 1
855 4974 9
858 3593 1
858 3012 5
860 2923 4
5084 3811 6
873 4542 2
873 3258 4
873 5625 5
873 2217 8
873 3169 10
873 4835 9
873 2131 8
873 4920 3
873 3994 10
873 2413 3
873 1353 6
873 2417 7
873 1456 7
873 4190 4
873 913 2
873 1263 6
873 915 7
873 5538 3
873 3630 3
873 1648 1
873 5543 10
873 4296 8
873 5285 6
873 2330 4
873 3523 9
873 4766 1
873 2331 4
873 2815 10
873 1372 4
873 5119 4
873 4918 5
873 2060 4
873 2914 3
873 3023 2
873 5560 7
873 2160 9
873 2546 8
873 3752 4
873 1386 6
873 3357 1
873 2920 4
873 5692 6
873 2347 10
873 3297 3
873 4872 4
873 4682 1
873 2928 6
873 4414 2
873 5572 4
873 5305 3
873 4036 10
873 1439 6
873 4505 4
873 1977 5
873 1012 3
873 5584 9
873 2757 8
873 3530 5
873 4601 6
873 3498 8
873 3830 2
873 3239 6
873 1061 6
873 541 10
873 2197 4
873 5882 1
873 4158 8
873 4159 7
873 1429 6
873 3595 2
873 4617 6
873 845 6
873 2389 5
873 4821 3
873 5615 3
873 4071 10
873 5900 1
873 1080 8
873 4354 3
873 1157 5
873 1340 3
873 1626 4
873 3983 7
5360 5699 9
5360 4453 5
889 5046 9
889 2111 2
889 2021 8
889 1707 8
889 4747 7
889 5867 6
889 1570 10
889 4016 9
889 2386 10
889 5483 5
889 2154 5
890 2921 1
891 2111 6
891 5090 3
891 1918 9
891 5867 2
891 2856 8
891 2386 10
896 5787 5
896 5457 4
896 1706 6
896 2018 5
896 1356 5
896 4521 2
896 2957 7
903 2397 1
903 5894 3
903 5325 8
903 3739 9
903 3819 9
903 3990 6
903 970 2
903 3148 10
903 2419 2
903 1357 6
904 4151 9
906 2363 7
906 5879 1
906 5477 5
906 1538 9
906 4042 10
906 3541 3
906 1707 2
906 3037 5
906 1680 4
906 3079 8
906 1979 1
906 5867 2
906 2296 1
906 1768 10
906 2021 9
906 2386 2
906 5907 8
908 4299 3
908 3068 7
908 3008 10
5541 4417 2
913 5584 10
913 5543 1
913 1340 8
913 5305 10
913 3595 4
913 2060 6
913 1429 9
913 1157 7
913 5538 3
913 1456 5
913 4190 7
913 2815 10
913 5560 6
913 4835 8
913 4071 3
913 4918 8
913 5623 6
913 1263 6
913 4920 7
914 3008 5
915 1061 7
915 2347 2
915 5584 8
915 5543 7
915 1340 5
915 4158 9
915 1454 7
915 3595 6
915 2060 4
915 5538 8
915 1456 7
915 2815 8
915 5560 8
915 4835 5
915 4071 6
915 4920 3
918 3664 3
918 4788 8
918 3480 6
918 4614 1
918 5615 10
918 5659 10
918 1456 2
918 3595 1
918 5025 4
918 2797 10
918 5584 7
918 2468 6
918 1771 9
918 5183 5
918 3273 3
918 5396 6
920 4425 6
920 4722 1
922 2013 4
922 5584 8
922 5444 7
922 5543 3
922 4325 9
922 5538 2
922 4872 8
922 1456 6
922 2815 4
922 3595 10
922 2928 7
928 1584 2
929 3068 10
929 5670 4
929 1848 5
929 3008 10
929 3029 4
929 5350 7
929 4299 6
939 4059 10
939 1292 1
939 3919 9
945 2954 7
945 2151 6
945 5229 8
948 2954 10
948 3062 9
948 3045 2
950 2687 9
950 3068 7
950 3008 3
950 2163 3
950 5353 4
950 5120 10
950 1823 7
950 3510 1
950 4250 2
950 4299 9
950 2027 3
950 1649 7
950 3870 9
5616 2394 1
951 3857 4
951 3484 9
951 3012 6
951 3800 9
951 2087 2
951 2107 9
951 1154 4
951 5376 4
951 1716 8
951 2289 3
951 3593 3
951 4728 8
970 4719 7
970 2397 1
970 3917 4
970 3739 2
970 1357 8
972 3173 5
972 2812 2
972 3693 1
972 4247 4
977 2630 10
978 1804 4
978 2180 6
978 1374 7
978 1074 4
978 4961 10
986 1454 6
986 1707 7
986 4932 6
986 3885 4
986 2386 7
987 1405 6
987 4853 7
987 5279 3
988 1270 9
988 1988 2
988 1952 9
988 2099 7
989 1920 9
989 3008 2
989 3068 4
989 1308 2
989 3900 4
989 4299 9
989 2027 5
990 1576 7
990 2630 1
994 4653 8
994 3113 9
997 3072 4
1002 1413 5
1008 3484 6
1008 4728 3
1012 5285 6
1012 5305 3
1012 2815 7
1012 4835 5
1012 4920 7
1012 4918 6
1012 3752 9
1012 4158 4
1012 2060 7
1012 1429 3
1012 1456 7
1012 5311 5
1012 3595 8
1012 2160 6
1012 1263 7
1012 5584 9
1012 5560 8
1012 5538 8
1012 5396 6
1012 4071 7
1012 2013 3
1012 2347 5
1012 3325 10
1012 5543 4
1012 4601 4
1012 1157 4
1012 4872 1
1012 1340 6
1521 4114 1
1521 3347 2
1018 5879 10
1018 4718 7
1018 4042 5
1018 3567 3
1018 3079 3
1018 1725 2
1018 1148 3
1018 5046 7
1018 2111 2
1018 1304 1
1018 5494 1
1018 2314 8
1018 2338 5
1018 5633 5
1018 2386 5
1018 2546 9
1018 2363 4
1018 3412 5
1018 1707 9
1018 5867 10
1018 3541 3
1018 4409 4
1021 3173 7
1021 1997 1
1021 2353 2
1021 2812 7
1021 5344 9
1021 4745 8
1021 4938 7
1021 5297 8
1021 2351 3
1021 3368 9
1021 1845 6
1021 4227 3
1021 3721 8
1021 4247 3
1021 2387 3
1021 2017 2
1021 5036 8
3159 1074 7
1033 4718 1
1033 5879 5
1033 3541 5
1033 1707 10
1033 5234 2
1033 1918 6
1033 5867 5
1033 3079 7
1033 3717 5
1033 2386 8
1035 3058 5
1037 2996 2
1037 1407 8
1037 5438 4
1037 3412 6
1037 5592 7
1048 2688 1
1051 2363 5
1051 2111 6
1051 3567 8
1051 4225 3
1051 4409 2
1051 1680 9
1051 5867 6
1051 1602 4
1051 1093 2
1051 3412 10
1051 1707 8
1051 5633 3
1051 2386 4
1051 2546 2
1061 541 7
1061 2651 7
1061 2197 7
1061 5305 5
1061 2217 9
1061 2815 9
1061 3523 1
1061 4918 4
1061 4920 9
1061 3994 6
1061 1353 6
1061 4158 9
1061 1454 8
1061 2060 7
1061 1429 4
1061 2417 3
1061 1456 2
1061 4190 10
1061 2914 6
1061 5560 9
1061 2160 3
1061 3752 1
1061 5584 4
1061 2468 2
1061 3595 6
1061 5538 5
1061 4071 4
1061 5543 5
1061 3630 6
1061 1441 4
1061 1340 5
1061 4354 3
1061 4835 2
1061 5692 7
1061 5300 10
1061 4159 4
1061 2928 5
1066 5441 5
1066 3490 10
1066 3980 10
1066 1474 10
1066 1927 7
1066 1379 8
1066 4959 6
1066 1114 4
1066 2531 1
647 1357 6
647 2397 8
647 3739 2
647 1428 6
1074 1694 7
1074 2836 7
1074 4516 8
1074 1664 7
1074 3056 7
1074 1232 8
1074 5527 9
1074 1487 3
1074 3301 2
1074 5226 4
1074 1405 1
1074 2180 1
1074 2030 4
1074 5229 4
1074 4961 4
1074 4015 4
1074 3576 6
1074 1804 6
1074 2972 6
1074 5618 4
1074 2210 4
1074 5782 10
1074 5279 7
1074 1552 6
1074 3390 10
1074 1777 5
1074 4993 2
1074 3624 4
1074 5647 7
1080 2347 1
1080 2160 1
1080 5584 9
1080 5543 10
1080 3752 1
1080 1340 4
1080 2060 8
1080 3595 3
1080 5305 1
1080 1429 2
1080 5538 9
1080 1456 9
1080 2815 1
1080 5560 5
1080 4835 3
1080 4071 8
1080 4918 8
1080 1648 5
1080 4920 9
1083 3857 8
1083 3484 7
1083 3800 2
1083 2289 7
1083 3012 7
1083 2107 4
1083 3593 9
1083 4728 5
1085 4974 7
1085 2256 10
1085 2893 1
1085 3852 2
1085 1798 4
1085 4665 8
1085 1525 5
1085 3197 5
1085 4198 7
1087 2111 10
1087 1707 8
1087 1851 1
1087 2506 10
1087 5867 6
1087 1227 1
1087 1483 3
1087 2386 8
1087 5704 7
1089 3575 6
1089 4977 8
1089 3908 3
1089 5699 6
1089 4453 9
1089 4769 9
1090 2386 6
1091 3744 7
1093 5879 3
1093 4042 8
1093 3079 8
1093 1725 6
1093 3220 6
1093 2111 5
1093 5494 3
1093 1407 7
1093 2296 8
1093 2386 9
1093 2363 4
1093 3313 5
1093 4752 5
1093 1707 3
1093 3512 1
1093 2422 8
1093 5867 7
1093 2166 10
1093 3885 7
1093 3541 6
1093 4932 10
1093 4409 2
1093 4225 3
1113 3234 8
1113 4974 4
1113 5511 6
1113 3791 4
1113 5109 3
1113 1651 5
1113 2941 3
1113 1525 3
1113 1952 2
1113 4919 3
1115 2353 4
1117 3273 7
1117 5538 3
1120 4045 4
1120 1920 6
1120 3008 4
1120 1149 9
1121 3173 8
1121 2812 4
1121 3693 5
1121 4938 9
1121 1845 2
1121 4247 1
1121 5036 2
1126 4379 4
1126 3234 7
1126 4162 4
1126 1952 4
1126 4974 1
1126 2717 3
1126 3021 8
1126 4425 6
1126 2893 4
1126 4243 3
1126 4970 8
1126 3852 4
1126 2630 3
1126 4665 4
1126 1660 2
1126 3197 9
1126 3744 9
1126 5752 6
1126 5237 2
1651 3058 4
1148 4087 7
1148 4042 5
1149 1920 8
1149 3008 9
1149 5120 1
1149 1286 8
1149 4068 6
1149 3653 9
1149 4647 7
1149 1848 9
1154 2021 5
1154 5090 7
1154 4016 8
1154 2058 7
1154 2154 2
1154 2111 6
1154 3505 6
1154 3674 8
1154 2996 3
1154 1454 9
1154 2708 7
1154 2386 3
1154 4694 4
1154 3412 8
1154 5799 6
1154 5477 8
1154 1707 9
1154 5867 10
1154 1602 4
1154 5438 8
1154 4073 3
1157 1409 6
1157 5584 9
1157 5543 9
1157 1340 10
1157 3595 5
1157 2060 3
1157 1429 6
1157 5538 5
1157 1456 4
1157 4071 5
1157 2815 9
1157 5560 10
1157 4835 3
1157 4523 4
1157 1263 2
1157 4920 4
1165 2257 2
1165 1952 9
1165 1270 3
1169 2687 8
1169 3068 7
1169 3008 2
1169 2163 1
1169 3638 4
1169 4299 1
1169 3236 1
1185 2111 1
1185 1202 3
1185 1707 2
1185 5049 1
1185 2506 1
1185 5867 5
1185 1538 9
1185 2386 10
1189 1920 10
1189 3008 1
1189 5078 7
1189 3638 9
1189 2027 1
1189 1649 9
1189 3236 10
1196 3313 1
1196 3885 2
1196 1680 3
1548 5879 8
1548 3079 7
1548 3313 8
1548 4016 10
1548 3661 3
1548 5046 8
1548 2111 7
1548 1407 5
1548 2296 8
1548 2708 10
1548 2183 9
1548 2386 4
1548 3448 2
1548 1707 1
1548 3037 2
1548 5867 10
1548 4073 1
1548 3541 1
1550 2363 2
1550 4775 9
1550 2386 4
1202 4752 8
1202 1707 3
1202 3079 7
1202 2262 5
1202 5867 3
1202 3885 1
1202 1602 3
1202 3914 4
1202 3492 2
1202 1538 8
1202 2386 9
4379 1660 4
4379 1952 9
4379 3744 1
1218 2414 3
1218 2834 2
1218 1455 10
1218 2684 1
1218 2296 4
1218 5483 5
1218 5879 9
1219 2111 7
1219 5867 5
1219 2386 7
1227 4694 8
1227 3313 9
1227 5477 1
1227 1407 7
1227 2779 4
1227 5438 10
1227 1239 3
1227 5799 8
1229 2008 2
1229 2538 1
1239 5879 1
1239 3079 7
1239 5071 5
1239 4016 3
1239 3717 5
1239 2111 7
1239 2996 8
1239 1454 10
1239 2708 2
1239 1483 4
1239 2386 1
1239 5799 1
1239 5477 6
1239 1707 7
1239 5867 1
1239 5704 3
1239 4073 1
1239 3541 7
1239 3661 4
1240 3008 6
1244 5600 6
1244 4908 5
1244 3864 10
1244 4546 8
1244 5298 10
1244 4866 6
1244 5204 7
1246 4938 7
1248 5879 5
1248 3079 3
1248 3717 8
1248 2412 10
1248 1768 2
1248 3132 8
1248 5633 6
1248 2386 5
1248 1707 9
1248 5867 10
1248 1602 3
1248 2321 3
1248 2166 10
1248 3541 10
1248 4409 10
1248 4225 3
1249 5305 9
1249 2815 10
1249 4835 10
1249 4918 8
1249 5119 2
1249 3994 1
1249 5584 6
1249 4158 1
1249 2060 6
1249 1429 6
1249 1456 10
1249 3595 7
1249 2160 7
1249 1263 1
1249 2546 9
1249 3752 8
1249 5560 3
1249 5538 10
1249 4071 9
1249 2347 8
1249 5543 8
1249 1340 6
1249 1409 2
1254 3541 9
1254 1707 4
1254 3079 1
1254 5867 10
1263 5285 9
1263 4542 3
1263 4414 8
1263 5444 9
1263 541 4
1263 2330 1
1263 4835 6
1263 5305 4
1263 2217 9
1263 2060 2
1263 3169 10
1263 3523 5
1263 1372 3
1263 4036 1
1263 5119 9
1263 4920 8
1263 3994 6
1263 4918 8
1263 3752 6
1263 4158 3
1263 3530 5
1263 4159 7
1263 2820 8
1263 1429 1
1263 2131 7
1263 2417 7
1263 1456 10
1263 4395 5
1263 3325 6
1263 3595 2
1263 4617 10
1263 1409 6
1263 2797 1
1263 5625 10
1263 2389 6
1263 5584 10
1263 1386 8
1263 5560 10
1263 5538 5
1263 2920 8
1263 5481 2
1263 2394 10
1263 4296 4
1263 1439 7
1263 4071 9
1263 1648 5
1263 4143 5
1263 2013 9
1263 4766 5
1263 2347 8
1263 2160 3
1263 5572 5
1263 3297 4
1263 5543 1
1263 5615 10
1263 4601 5
1263 5900 4
1263 4627 9
1263 4872 4
1263 1340 1
1263 1626 1
1263 3308 3
1263 3498 4
1263 5692 1
1263 5300 6
1263 5396 2
1263 3239 5
1263 2928 4
1265 3852 4
1265 1357 2
1265 1952 5
1270 5048 4
1270 4974 2
1270 5418 3
1270 4234 7
1270 1348 7
1270 1952 8
1270 3744 10
1270 1568 2
1270 3128 7
1270 5382 3
1270 3852 7
1270 4665 8
1270 2003 6
1270 3197 7
1270 4162 2
1270 5511 10
1270 2893 4
1270 4243 4
1270 2523 4
1270 3557 10
1270 5237 7
1270 3234 9
1270 2099 10
1270 4970 7
1270 1660 7
1273 1357 4
1273 1428 9
1273 5325 8
1273 3739 9
1273 4516 8
1273 3148 7
1273 2419 1
1273 1864 2
1273 2937 5
1281 2319 4
2017 2075 1
2017 3719 9
2017 2739 10
2017 1812 4
2017 2536 8
2017 2878 3
2017 1323 6
2017 5110 5
2017 1997 8
2017 3173 9
2017 4745 3
2017 2293 9
2017 1845 2
2017 3721 3
2017 5453 7
2017 4247 8
2017 3693 3
2017 5344 1
2017 5297 5
2017 3067 4
2017 5033 5
2017 1806 4
2017 4303 9
2017 5036 8
2017 5061 1
2017 5485 2
2017 4227 3
1286 5120 4
1287 2238 3
1287 3008 2
1287 2705 8
1292 2061 1
1292 4654 1
1292 5716 3
1292 3482 1
1292 4059 1
1292 5139 8
1295 3008 10
1304 2338 1
1304 2111 5
1304 2363 5
1304 1707 10
1304 5494 4
1304 3567 2
1304 5867 5
1304 1725 7
1304 5800 3
1304 5633 7
1304 2386 2
1304 2546 2
1308 4299 1
1308 3623 7
1308 3008 10
1308 3068 10
1311 4453 10
1311 3575 6
1311 2360 1
1317 3008 4
1323 4440 2
1323 2277 2
1326 3008 1
1331 3857 8
1331 3484 4
1331 1562 10
1331 3800 5
1331 4728 1
1331 2107 7
1331 5468 3
1339 4938 4
1340 5444 10
1340 3258 9
1340 5625 2
1340 5264 8
1340 2217 2
1340 4835 7
1340 4920 8
1340 3994 8
1340 2413 3
1340 1353 10
1340 1454 3
1340 2417 4
1340 1456 3
1340 4190 2
1340 3000 10
1340 5538 4
1340 3630 7
1340 5543 4
1340 5734 1
1340 2330 7
1340 3523 5
1340 3830 4
1340 2331 8
1340 2815 8
1340 1372 4
1340 5119 9
1340 3548 3
1340 4918 8
1340 2060 8
1340 2914 7
1340 3023 7
1340 5560 8
1340 2160 8
1340 2546 1
1340 3752 3
1340 3029 8
1340 5300 4
1340 3297 7
1340 4872 4
1340 2928 10
1340 4414 9
1340 5572 4
1340 2651 10
1340 5305 7
1340 4505 10
1340 1791 2
1340 1597 6
1340 1797 7
1340 1409 5
1340 5584 6
1340 2757 6
1340 3530 4
1340 5417 2
1340 1441 9
1340 5692 2
1340 3239 6
1340 541 1
1340 2197 10
1340 4523 7
1340 4158 10
1340 4159 4
1340 1429 10
1340 3595 1
1340 4617 5
1340 845 1
1340 4821 4
1340 5615 6
1340 4071 10
1340 5900 6
1340 4354 4
1340 2402 6
1340 3983 8
1342 5279 5
1345 3689 6
1345 3432 10
1345 2856 3
1345 5329 8
1348 3234 5
1348 2134 4
1348 1988 7
1348 4974 4
1348 3557 10
1348 2893 7
1348 4243 10
1348 4970 5
1348 4665 6
1348 2729 4
1348 1952 4
1348 3744 3
1348 5752 10
1350 3058 8
1350 4689 2
1350 3124 4
1350 4974 9
1350 5128 3
1353 1409 5
1353 5584 2
1353 5543 4
1353 3752 8
1353 4158 1
1353 2060 2
1353 1454 8
1353 3595 7
1353 5305 7
1353 1429 2
1353 5538 5
1353 1456 7
1353 2815 7
1353 5560 3
1353 4835 4
1353 4071 1
1353 4918 8
1353 4920 7
1356 755 6
1356 5135 4
1356 1784 1
1356 5325 3
1356 3676 10
1356 2960 6
1356 3786 2
1356 5161 7
1356 5162 5
1356 3287 9
1356 1865 10
1356 3086 8
1356 1706 4
1356 2335 3
1356 5456 6
1356 5457 9
1356 3927 9
1356 1388 9
1356 3844 9
1356 5215 8
1356 1361 8
1356 2473 8
1356 1623 3
1356 1298 8
1356 2681 7
1356 4657 1
1356 4200 3
1356 2018 10
1356 2456 3
1356 3395 10
1356 2495 5
1356 4994 9
1356 3374 1
1356 2957 3
1357 4440 2
1357 3990 1
1357 3148 3
1357 3337 4
1357 1819 1
1357 1640 2
1357 2419 9
1357 5823 10
1357 1428 4
1357 5894 8
1357 2892 6
1357 3819 3
1357 2397 9
1357 3659 10
1357 3827 10
1357 4419 4
1357 1685 8
1361 1388 2
1363 2815 1
1372 4542 1
1372 541 4
1372 4766 9
1372 2331 1
1372 3169 2
1372 4036 7
1372 5119 9
1372 5584 2
1372 1429 6
1372 2131 2
1372 1456 1
1372 3595 1
1372 3752 8
1372 5538 2
1372 5481 2
1372 2394 5
1372 1648 1
1380 3008 2
1382 5379 3
1382 5261 7
1382 3008 5
1382 1826 1
1382 3638 1
1382 3286 7
1382 2027 2
1382 5034 4
1382 3870 3
1382 3236 5
1386 2013 2
1386 2347 1
1386 5305 5
1386 1429 4
1386 4872 6
1386 2914 3
1386 5615 7
1386 4395 8
1386 5285 8
1386 2160 5
1386 1648 5
1386 4920 4
1388 5135 10
1388 4566 5
1388 5787 9
1388 5016 6
1388 5162 9
1388 1865 3
1388 3086 4
1388 1706 10
1388 4114 2
1388 2335 8
1388 2134 1
1388 5457 3
1388 3927 5
1388 2252 4
1388 2018 2
1388 2456 6
1388 3395 5
1388 4521 7
1388 2957 1
1389 3115 5
1405 3175 3
1405 4993 3
1405 3576 2
1405 5066 2
1405 2151 2
1405 1804 3
1405 2972 1
1405 2180 6
1405 5288 4
1405 5128 5
1405 5229 9
1405 3385 2
1405 1232 5
1405 1864 10
1405 3680 6
1407 2338 2
1407 2021 3
1407 3567 8
1407 4016 10
1407 2412 6
1407 5046 4
1407 2111 4
1407 2996 8
1407 1454 3
1407 1768 8
1407 2506 5
1407 5888 7
1407 1570 10
1407 2296 3
1407 2708 7
1407 1483 6
1407 2386 1
1407 2546 7
1407 2363 5
1407 4694 5
1407 3412 7
1407 4067 2
1407 2340 3
1407 3037 10
1407 5867 2
1407 5704 9
1407 1602 3
1407 5438 4
1407 1806 10
1407 1538 5
1407 5483 7
1407 2165 1
1407 3541 9
1407 4932 9
1407 3661 2
1407 5635 2
1407 2621 9
1407 1680 9
1407 5907 8
1408 5344 6
1408 5148 1
1408 4247 8
1409 4414 8
1409 5444 3
1409 2330 7
1409 5305 7
1409 3830 1
1409 4835 5
1409 4918 6
1409 3994 3
1409 1797 10
1409 2060 4
1409 1429 10
1409 2417 4
1409 1456 2
1409 3000 4
1409 3595 1
1409 2651 10
1409 2546 3
1409 3752 1
1409 5584 1
1409 5560 1
1409 5615 6
1409 5900 7
1409 3530 8
1409 5543 7
1409 4354 9
1409 4872 2
1409 3239 2
1413 3251 3
1413 3146 8
1413 5699 4
1413 3544 2
1413 3908 8
1415 1718 9
1428 2397 4
1428 5894 4
1428 3739 2
1428 4440 6
1429 4542 5
1429 2060 4
1429 3258 10
1429 5625 10
1429 2217 3
1429 3169 10
1429 3523 8
1429 2131 3
1429 4920 6
1429 3994 10
1429 2413 4
1429 1454 7
1429 2417 3
1429 1456 4
1429 4190 9
1429 2914 2
1429 5538 5
1429 1648 7
1429 5543 10
1429 5285 10
1429 2330 10
1429 4835 4
1429 4766 3
1429 2331 1
1429 2815 6
1429 5119 8
1429 4918 5
1429 2820 5
1429 4395 4
1429 3023 5
1429 5560 4
1429 2160 2
1429 2546 4
1429 3752 10
1429 3357 2
1429 2920 6
1429 5396 8
1429 2347 6
1429 3297 8
1429 4872 7
1429 5481 3
1429 2928 6
1429 4414 4
1429 5572 10
1429 2651 4
1429 5305 7
1429 3480 9
1429 4505 3
1429 1791 10
1429 5584 9
1429 3530 8
1429 3325 5
1429 4601 4
1429 3498 3
1429 5692 8
1429 3239 2
1429 541 7
1429 2197 4
1429 4158 7
1429 4159 5
1429 3595 2
1429 4617 4
1429 845 9
1429 2389 7
1429 4821 1
1429 5615 5
1429 2394 7
1429 3830 2
1429 4071 8
1429 5900 5
1429 4354 5
1429 1626 1
1429 3983 10
1439 5285 6
1439 2739 3
1439 4542 8
1439 4036 8
1439 4920 1
1439 4158 6
1439 2060 5
1439 5538 4
1439 5396 8
1439 1648 4
1439 2013 9
1439 2347 8
1439 4601 8
1439 4627 9
1439 4872 6
1439 5485 2
1441 2330 9
1441 2815 8
1441 1791 9
1441 1456 6
1441 3595 10
1441 5560 8
1441 5584 6
1449 4706 9
1449 1552 8
1449 5062 4
1449 2836 7
1449 1584 1
1449 3966 7
1449 4848 3
1449 2180 2
1449 5452 6
1449 3624 4
1449 3056 4
1449 1232 6
1449 3940 4
1454 5329 6
1454 3541 9
1454 2675 2
1454 1562 6
1454 2363 1
1454 4244 9
1454 3258 4
1454 4120 4
1454 2269 2
1454 2911 10
1454 3830 6
1454 2331 7
1454 5071 9
1454 4016 5
1454 607 3
1454 3220 3
1454 2412 10
1454 5119 9
1454 2154 5
1454 2111 9
1454 2506 2
1454 2996 9
1454 2563 3
1454 5049 9
1454 4747 8
1454 1570 7
1454 2296 10
1454 2160 2
1454 4872 8
1454 2386 6
1454 2546 1
1454 845 4
1454 3313 2
1454 3994 4
1454 4752 5
1454 5090 5
1454 2365 7
1454 5867 9
1454 2165 8
1454 1716 2
1454 1602 3
1454 4352 5
1454 2321 10
1454 3492 4
1454 1768 5
1454 1538 4
1454 5483 8
1454 2426 3
1454 4968 5
1454 3885 10
1454 4932 2
1454 2807 2
1454 2235 9
1454 3688 7
1454 2621 3
1454 1680 2
1454 4087 2
1455 2684 9
1455 3773 8
1455 2828 2
1456 3258 6
1456 5625 10
1456 2217 8
1456 3523 4
1456 4918 6
1456 4920 7
1456 3994 1
1456 2413 2
1456 4505 2
1456 4190 10
1456 5538 8
1456 1648 10
1456 2896 8
1456 3273 6
1456 4296 8
1456 1563 1
1456 2330 4
1456 4835 4
1456 3830 3
1456 2331 10
1456 2815 10
1456 5119 10
1456 2060 1
1456 2914 1
1456 3023 10
1456 2160 10
1456 2546 4
1456 3752 8
1456 3357 3
1456 5300 7
1456 2347 1
1456 3297 9
1456 3630 8
1456 4872 5
1456 3662 6
1456 2928 6
1456 3664 8
1456 4788 1
1456 4414 8
1456 5572 5
1456 5305 10
1456 1597 9
1456 4510 10
1456 2468 9
1456 2757 3
1456 3530 1
1456 5153 6
1456 5872 6
1456 4354 7
1456 3498 6
1456 5692 5
1456 3239 9
1456 541 10
1456 2197 9
1456 4523 7
1456 4159 8
1456 4617 6
1456 845 5
1456 4821 3
1456 5615 3
1456 4071 2
1456 5900 10
1456 3983 2
1459 5066 2
1459 4516 5
1459 5118 5
1459 1864 3
1459 5279 6
1460 3008 4
1474 3744 7
1474 4665 1
1474 3175 2
1477 2470 4
1477 3224 2
1483 4073 8
1483 3313 9
1483 2111 9
1483 5799 7
1483 1707 1
1483 4694 8
1483 5477 5
1483 5867 5
1483 2779 4
1483 5438 10
1483 2386 4
1483 2708 7
1487 1804 1
1497 2246 1
1497 5373 7
1497 2319 8
1497 3375 4
1507 3068 10
1507 5670 8
1507 3008 9
1507 1836 6
1507 3113 3
1507 4299 8
1507 2027 6
1507 3870 3
1509 4907 8
1509 2047 4
1509 4136 5
1509 5348 7
1509 2030 1
1509 2751 3
1509 4300 4
1509 5139 8
1525 4974 5
1525 4237 3
1525 2492 8
1525 4665 5
1525 1660 9
1525 4198 7
1525 5903 4
1533 3058 7
1533 4974 1
1533 2492 4
1533 5903 7
1533 3744 7
1533 2523 2
1534 3173 10
1534 2812 4
1534 4938 8
1534 5297 9
1534 2351 6
1534 3368 3
1534 1845 1
1534 4247 4
1534 1997 7
1538 5879 4
1538 2269 2
1538 3079 7
1538 3220 1
1538 2412 3
1538 2996 2
1538 5049 8
1538 2506 2
1538 1570 10
1538 2314 5
1538 2296 2
1538 2365 2
1538 4423 4
1538 2386 5
1538 5635 3
1538 3313 2
1538 5477 5
1538 4752 6
1538 1707 7
1538 2422 4
1538 5867 1
1538 5483 2
1538 4120 5
1538 3885 7
1538 3541 4
1538 4932 6
1538 3914 6
1538 2621 3
1538 1680 7
1551 2107 9
1551 2087 7
1551 2289 9
1551 3593 9
1551 3484 9
1560 2040 1
1560 2037 8
1560 1920 9
1560 3008 7
1562 3593 2
1562 3857 1
1562 2155 3
1562 3800 5
1562 2107 1
1562 3012 7
1562 5376 6
1562 2289 6
1562 5468 4
1562 4728 7
1563 2797 7
1563 3273 4
1563 5584 6
1563 3595 3
1568 5418 5
1568 1988 10
1568 1952 7
1570 2675 10
1570 4042 1
1570 2269 7
1570 2111 7
1570 4747 6
1570 1768 4
1570 2506 3
1570 2296 8
1570 5633 8
1570 2386 10
1570 2363 4
1570 3313 3
1570 5477 10
1570 5777 7
1570 1707 3
1570 5867 10
1570 1602 6
1570 5483 5
1570 3079 5
1570 4474 7
1570 3541 2
1570 4932 6
1570 1680 6
1570 5907 5
1575 5379 9
1576 2630 1
1579 5229 9
1581 4665 5
1584 2836 8
1584 1804 7
1584 5128 3
1584 3301 5
1584 5288 6
1594 1791 10
1595 4521 2
1597 2815 1
1597 4835 9
1597 4918 1
1597 4158 3
1597 2060 10
1597 3595 4
1597 5584 9
1597 5560 7
1597 4071 4
1602 5879 8
1602 2338 3
1602 3079 3
1602 3717 5
1602 3220 10
1602 5046 3
1602 2111 1
1602 5049 8
1602 2314 8
1602 2296 10
1602 2365 8
1602 2708 9
1602 2183 8
1602 2386 4
1602 4424 7
1602 3412 1
1602 4067 9
1602 4490 10
1602 1707 5
1602 3037 2
1602 5477 5
1602 4244 1
1602 4718 8
1602 5246 5
1602 5561 8
1602 5483 2
1602 4120 9
1602 4073 6
1602 3885 9
1602 3541 6
1602 5867 3
1602 5633 6
1602 3661 8
1602 3036 1
1602 1680 1
1612 4842 2
1612 5288 5
1619 368 5
1619 2291 6
1619 3008 2
1625 1791 6
1626 2013 9
1626 2347 2
1626 3752 7
1626 4627 2
1626 4872 7
1626 1648 8
1626 2160 6
1626 4036 6
1628 3234 7
1628 4974 5
1635 3008 2
1640 4719 5
1640 5325 2
1640 3739 1
1640 3148 3
1644 3472 5
1648 5285 6
1648 4542 10
1648 2330 1
1648 3169 6
1648 4835 6
1648 4036 4
1648 3752 1
1648 1977 9
1648 2060 1
1648 2131 5
1648 4395 7
1648 3595 9
1648 2160 9
1648 4617 8
1648 2389 7
1648 5584 10
1648 5538 7
1648 2920 8
1648 5396 3
1648 4296 6
1648 2013 5
1648 2347 2
1648 5900 2
1648 4627 10
1648 3239 9
1648 4872 1
1648 3498 10
1648 5615 8
1648 5692 8
1648 4159 8
1648 2928 2
1649 1920 7
1649 3008 3
1649 3638 9
1649 3068 10
1649 3463 7
1649 5350 7
1649 4299 9
1649 2027 6
1649 3870 9
1649 3236 10
1660 1988 8
1660 4974 6
1660 3744 10
1660 2893 6
1660 5227 6
1660 3852 9
1660 1798 1
1660 3370 6
1660 2862 3
1660 4107 5
1660 1952 2
1660 5237 1
1664 4853 7
1664 1804 3
1664 5473 4
1664 2972 2
1664 2180 1
1664 5647 5
1666 3224 10
1666 4974 1
1667 4137 7
1667 3653 5
1667 1920 4
1667 3008 7
5212 3744 4
1673 1738 8
1673 1114 7
1673 3393 9
1680 5879 8
1680 2834 10
1680 3079 2
1680 3313 2
1680 3717 7
1680 3220 2
1680 2412 6
1680 5046 10
1680 2111 10
1680 2996 6
1680 5049 5
1680 2506 6
1680 2314 2
1680 2296 8
1680 2365 10
1680 4423 5
1680 5633 2
1680 2386 2
1680 5635 2
1680 2363 7
1680 3448 9
1680 3132 7
1680 4067 1
1680 4752 5
1680 1707 9
1680 5477 8
1680 5867 6
1680 1768 8
1680 5483 10
1680 4120 10
1680 2165 9
1680 3885 2
1680 3541 10
1680 4932 5
1680 2621 9
1680 5907 5
1685 2461 8
1685 4999 6
1685 3739 6
1685 2528 10
1685 5664 3
1694 2080 2
1694 2180 4
1694 5229 7
1694 5392 2
1694 4961 8
1696 4136 8
1696 5139 3
4516 5567 7
4516 3986 5
4516 5066 7
4516 1722 4
4516 2972 6
4516 5288 8
4516 5007 8
4516 5618 3
4516 3385 3
4516 1864 5
4516 5279 4
4516 5128 9
1703 4230 7
1705 3728 9
1705 4750 2
1705 5652 9
1706 755 5
1706 1298 2
1706 2681 3
1706 3086 5
1706 5325 5
1706 2456 7
1706 3395 5
1706 4994 1
1706 5135 9
1706 2957 3
1706 5162 9
1706 3287 1
1707 1918 6
1707 3079 9
1707 2989 5
1707 3717 2
1707 4087 4
1707 2412 4
1707 2309 7
1707 2996 9
1707 2311 5
1707 2314 6
1707 2708 1
1707 5633 5
1707 2032 4
1707 2318 6
1707 4752 10
1707 1851 2
1707 2422 3
1707 5827 10
1707 4474 7
1707 3541 8
1707 4932 5
1707 2386 1
1707 3914 5
1707 2240 6
1707 2621 2
1707 2338 9
1707 4042 9
1707 4016 8
1707 4661 2
1707 2235 1
1707 2911 5
1707 5561 1
1707 3386 9
1707 4490 8
1707 5477 2
1707 5483 1
1707 4120 1
1707 2166 1
1707 2828 10
1707 4409 1
1707 4225 8
1707 2834 1
1707 3567 8
1707 5490 1
1707 2269 7
1707 607 2
1707 3220 4
1707 5046 5
1707 3674 8
1707 5494 7
1707 2563 9
1707 5049 2
1707 4319 9
1707 3132 7
1707 2365 2
1707 4423 5
1707 2183 6
1707 2363 4
1707 4694 5
1707 3313 9
1707 3412 6
1707 2752 7
1707 5867 3
1707 3492 4
1707 5592 8
1707 4968 6
1707 3688 2
1707 5635 9
1707 5879 3
1707 5071 10
1707 3661 6
1707 2111 7
1707 3505 10
1707 3698 1
1707 2506 5
1707 5888 8
1707 3976 9
1707 4718 7
1707 5799 6
1707 3512 9
1707 3339 1
1707 4352 9
1707 5246 4
1707 5314 3
1707 4073 7
1707 4244 9
1707 3885 2
1713 3058 4
1713 4689 7
1713 5109 6
1713 4974 3
1716 3593 1
1716 3857 8
1716 2155 2
1716 3012 6
1716 2107 5
1716 5468 3
1716 3484 3
1716 4931 10
1233 1804 1
1718 1836 7
1718 5120 6
1718 3291 9
1718 2192 3
1722 5288 8
1722 1864 3
1725 4120 6
1725 2363 6
1725 2996 10
1725 4042 6
1725 5867 5
1725 2314 7
1725 2386 1
1725 2296 7
1725 2338 6
1725 4087 3
1725 5483 1
1725 3458 6
1739 4926 5
1764 3857 4
1764 2289 10
1771 5183 10
1777 2210 1
1777 3986 5
1784 1865 5
1784 1298 7
1784 3086 9
1784 4657 7
1784 5215 2
1791 3830 4
1791 3288 6
1791 5417 2
1791 2651 7
1791 2197 5
1791 5538 3
1791 4872 5
1791 4821 4
1791 4354 6
1791 5300 9
1791 2624 2
1791 4082 4
1798 4974 8
1798 5411 5
1798 2893 2
1798 3852 4
1798 3744 3
1798 1975 8
1798 5237 4
1804 3546 5
1804 3986 2
1804 2836 10
1804 4479 9
1804 5716 6
1804 5139 9
1804 1821 2
1804 2180 8
1804 4961 3
1804 2014 8
1804 4853 9
1804 2972 10
1804 5618 9
1804 5782 6
1804 5279 1
1804 1552 2
1804 3301 10
1804 3775 9
1804 3624 7
1804 5647 8
1804 3482 6
1806 2075 2
1806 3173 1
1806 2353 2
1806 2812 8
1806 4745 9
1806 4938 3
1806 2351 9
1806 1845 5
1806 5033 3
1806 1997 4
1806 4247 8
1806 2387 9
1812 3173 4
1812 2812 8
1812 2815 5
1812 4247 8
1812 2387 4
5231 1872 4
5231 2497 9
5231 2705 9
1819 3739 9
1821 5279 6
1823 3068 6
1823 3008 6
1823 4173 7
1823 3638 10
1823 4299 5
1823 3236 4
1824 4424 5
1826 3653 8
1826 3008 5
1836 1920 6
1836 3008 10
1836 2705 10
1836 4299 3
1836 2027 3
1836 5379 4
1836 4395 8
1836 3188 9
1836 5890 6
1836 4750 6
1836 2612 10
1836 3236 10
1836 4640 9
1836 2594 4
1836 3295 7
1836 5350 8
1836 2069 1
1836 3068 9
1836 5705 2
1836 2429 3
1836 3638 9
1836 2101 8
1842 4627 9
1845 2075 10
1845 2353 6
1845 2812 8
1845 3693 6
1845 4938 2
1845 2536 8
1845 2878 9
1845 5110 10
1845 1997 10
1845 3173 2
1845 4745 5
1845 3721 8
1845 5453 8
1845 4247 1
1845 2387 3
1845 5344 6
1845 5297 9
1845 3368 7
1845 3067 2
1845 5033 2
1845 4303 1
1845 5036 6
1845 5061 10
1845 5485 2
1845 4227 1
1845 2739 3
1845 2351 1
1846 4243 7
1848 3068 10
1848 4762 8
1848 3008 8
1848 2093 7
1848 4299 5
1848 5890 9
1848 2225 4
1851 3541 10
1851 3079 8
1851 5633 5
1851 5879 5
1856 2785 3
1856 5288 3
1864 5279 10
1864 3624 2
1864 3825 6
1864 5288 8
1864 3385 3
1864 5567 7
1864 2397 9
1864 3148 6
1864 4440 1
1864 2688 3
1872 763 2
1872 5120 2
1872 3008 7
1881 4970 4
1884 3392 5
1884 4362 1
3297 5584 9
3297 5543 2
3297 3752 6
3297 2060 5
3297 3595 3
3297 5305 2
3297 5538 8
3297 2815 5
3297 5560 5
3297 4835 7
3297 4071 2
3297 4918 1
3297 4920 10
1896 3008 9
1898 3008 3
2291 3008 10
2291 1320 7
2291 3419 10
2291 5708 2
2291 368 3
1918 4694 5
1918 3541 2
1918 3079 5
1918 2340 3
1918 5867 9
1918 2314 7
1918 2386 8
1918 3717 4
1918 2412 6
1918 5592 5
1918 5879 2
4647 3510 3
4647 5353 3
4647 3008 9
1924 5670 9
1924 3008 7
1924 2440 3
1924 5120 6
1924 5708 3
1924 3638 7
1924 5840 4
1924 5350 6
1924 3870 5
1924 3236 2
1927 3490 1
1927 3980 5
1927 4959 4
1927 1114 3
1932 4371 9
1952 5273 5
1952 4974 3
1952 5418 9
1952 4234 4
1952 2862 1
1952 3460 5
1952 3744 1
1952 3058 10
1952 3128 9
1952 5382 8
1952 3557 1
1952 5048 5
1952 3224 5
1952 2941 5
1952 3852 8
1952 2630 8
1952 4665 3
1952 2003 9
1952 2523 7
1952 4919 2
1952 4371 5
1952 2134 3
1952 4162 5
1952 4643 9
1952 5511 2
1952 2893 5
1952 4243 9
1952 2492 1
1952 3197 4
1952 4198 4
1952 3025 5
1952 5752 8
1952 5237 2
1952 3234 4
1952 1988 4
1952 4702 3
1952 4358 6
1952 2900 10
1952 5109 7
1952 4459 10
1952 5497 8
1952 2099 8
1952 4970 1
1952 2717 1
1952 2050 9
1952 2983 6
1953 3173 5
1953 2812 3
1953 5344 5
1953 3541 2
1953 3661 7
1953 2684 7
1953 2296 3
1953 1997 6
1953 4247 4
1961 2353 5
1977 2013 3
1977 2347 8
1977 2060 2
1977 5625 2
1977 5305 5
1977 5538 1
1977 4872 3
1977 4395 3
1977 4296 7
1977 2160 9
1979 5900 8
1988 4974 1
1988 4234 2
1988 3744 4
1988 3128 3
1988 5382 7
1988 5048 4
1988 3852 7
1988 5237 3
1988 4665 1
1988 2003 7
1988 3197 2
1988 4162 8
1988 5511 6
1988 2893 4
1988 4243 6
1988 3557 1
1988 2523 9
1988 3234 1
1988 2099 4
1988 4970 2
1997 2075 7
1997 2812 10
1997 4938 10
1997 2878 8
1997 5110 8
1997 2353 6
1997 3173 5
1997 4745 6
1997 3721 3
1997 5453 1
1997 4247 3
1997 2387 2
1997 3693 2
1997 5297 2
1997 3368 1
1997 5033 5
1997 2779 7
1997 4303 9
1997 5061 5
1997 5485 10
1997 4227 9
1997 2739 6
1997 2351 6
2008 2107 3
2008 5468 1
2013 5285 9
2013 2218 10
2013 541 1
2013 5625 9
2013 5305 1
2013 4766 10
2013 4918 8
2013 4036 9
2013 5119 3
2013 3994 3
2013 2060 6
2013 2160 5
2013 845 9
2013 4325 8
2013 2920 9
2013 5615 9
2013 3530 6
2013 3325 7
2013 5543 4
2013 5900 3
2013 4296 3
2013 5692 9
2013 3983 6
2013 3239 10
1285 4908 3
1285 3864 1
1285 4395 10
1285 1285 10
2018 5457 6
2018 5325 2
2018 3676 5
2018 4114 7
2018 3395 4
2018 2495 5
2018 3374 6
2018 5161 2
2019 5261 2
2019 3295 10
2019 3008 10
2021 2989 7
2021 2111 6
2021 2506 6
2021 2563 2
2021 2340 4
2021 2296 7
2021 2752 6
2021 2386 2
2021 5635 3
2021 3313 5
2021 5775 1
2021 5477 9
2021 4752 2
2021 5314 9
2021 3659 5
2021 4932 6
2024 5777 10
2027 3075 10
2027 1920 5
2027 4762 9
2027 3008 6
2027 3419 10
2027 3589 8
2027 2129 8
2027 4299 1
2027 5379 4
2027 2994 9
2027 3998 10
2027 5120 7
2027 5509 10
2027 3900 3
2027 3291 4
2027 5222 6
2027 3155 10
2027 3236 5
2027 2163 1
2027 5078 3
2027 569 2
2027 3068 8
2027 2040 2
2027 3600 2
2027 4457 4
2027 4534 2
2027 4380 1
2027 3638 1
2027 5846 6
2027 3870 2
2027 5840 4
2030 4946 2
2030 1232 4
2030 2061 2
2030 2972 1
2030 3546 1
2030 2180 10
2030 5128 9
2030 5716 9
2030 3301 10
2030 5139 3
2030 3056 5
2030 5279 10
2030 3624 9
2031 3008 10
2032 2111 4
2032 5777 4
2032 5867 10
2032 2386 1
2032 2675 7
2032 5633 2
2032 5483 6
2037 5078 3
2037 3008 10
2040 5670 3
2040 3008 9
2040 3102 2
2040 3870 6
2042 3518 6
3325 2330 1
3325 4766 8
3325 2131 2
3325 3752 4
3325 2060 10
3325 2417 1
3325 5584 5
3325 5538 7
3325 5615 10
3325 2394 3
3325 3530 6
3325 4872 3
3325 3498 10
3325 3239 7
3325 2928 4
2047 4907 1
2047 2061 1
2047 4136 7
2047 3482 7
2047 2751 1
2047 4300 3
2047 5139 10
2047 5023 2
2050 3224 7
2058 4424 6
2058 2111 6
2058 3541 8
2058 2296 1
2058 3717 10
2058 2386 7
2058 2154 10
2060 4542 5
2060 5444 9
2060 3258 4
2060 5625 4
2060 5264 1
2060 2217 1
2060 3523 5
2060 2131 9
2060 4920 7
2060 3994 6
2060 2413 9
2060 2417 6
2060 4190 1
2060 3000 6
2060 4395 3
2060 5538 6
2060 5543 10
2060 5734 9
2060 4296 7
2060 5285 2
2060 2330 5
2060 4835 9
2060 4766 5
2060 2331 6
2060 2815 8
2060 5119 2
2060 3548 7
2060 4918 4
2060 2914 4
2060 3023 6
2060 5560 7
2060 2160 2
2060 2546 10
2060 3752 6
2060 5396 7
2060 5300 1
2060 2347 1
2060 3630 3
2060 4872 9
2060 2928 4
2060 4414 6
2060 5572 1
2060 2651 4
2060 5305 10
2060 4036 1
2060 4505 3
2060 1797 6
2060 5584 8
2060 2468 5
2060 4325 7
2060 2757 7
2060 3530 3
2060 5417 7
2060 4601 1
2060 3498 2
2060 5692 1
2060 3239 7
2060 541 9
2060 2197 10
2060 4158 1
2060 4614 4
2060 4159 8
2060 3595 10
2060 4617 2
2060 845 9
2060 4821 2
2060 5615 6
2060 3830 9
2060 4071 4
2060 5900 2
2060 4354 6
2060 4627 8
2060 3983 10
2061 4136 5
2061 5473 9
2061 4059 10
2061 3919 1
2069 5012 1
2069 3008 4
2075 3173 4
2075 2812 9
2075 3693 3
2075 4938 2
2075 2351 3
2075 3368 6
2075 5110 10
2075 5061 4
2075 4303 10
2075 3072 1
2075 3505 3
2075 4247 5
2075 2387 6
2080 5229 1
2081 3008 10
2081 3113 5
2087 3180 8
2087 3857 6
2087 3942 1
2087 2155 1
2087 2107 7
2087 3593 8
2087 5098 2
2087 5468 6
2087 3484 5
2093 2440 10
2093 3008 1
2097 5376 3
2098 3197 2
2099 5511 2
2099 5653 2
2100 2238 9
2101 3811 8
2107 3012 10
2107 5468 9
2107 3484 8
2107 3942 6
2107 2155 7
2107 3593 6
2107 5098 1
2107 2258 9
2107 2888 4
2107 3857 4
2107 5724 1
2107 4728 1
2107 4931 9
2107 3800 4
2107 2289 10
2107 5376 8
2111 3079 6
2111 2989 7
2111 3717 4
2111 4087 10
2111 2309 5
2111 2996 6
2111 4747 5
2111 2314 8
2111 2708 10
2111 5633 5
2111 2318 8
2111 3448 2
2111 4752 9
2111 5561 1
2111 5827 6
2111 2426 8
2111 4474 5
2111 4932 8
2111 2386 8
2111 3914 4
2111 2621 9
2111 3541 6
2111 2338 9
2111 4042 5
2111 4016 10
2111 2154 4
2111 4661 1
2111 2235 4
2111 2911 8
2111 4775 4
2111 3386 1
2111 4490 7
2111 5477 3
2111 2340 8
2111 5483 1
2111 4120 4
2111 2166 9
2111 2828 10
2111 3661 2
2111 2834 9
2111 3567 4
2111 2269 10
2111 5438 2
2111 3220 8
2111 5046 10
2111 3674 7
2111 5494 5
2111 2563 4
2111 5049 3
2111 4319 1
2111 2752 6
2111 4423 4
2111 2183 7
2111 4694 4
2111 3313 10
2111 2365 9
2111 5234 3
2111 5592 6
2111 5635 10
2111 5879 8
2111 5071 3
2111 3505 8
2111 2506 2
2111 5888 7
2111 2296 1
2111 3976 4
2111 5799 3
2111 4067 1
2111 3037 8
2111 3339 7
2111 1768 4
2111 2975 4
2111 4073 3
2111 3885 10
2111 5867 5
845 5584 8
845 5417 8
845 5543 3
845 3595 1
845 4325 2
845 5538 4
845 4872 9
845 2815 10
845 5560 9
845 4071 1
845 4918 9
845 2546 9
845 4920 2
2129 4101 7
2129 3008 2
2129 5708 7
2131 5285 3
2131 4542 3
2131 3169 8
2131 4920 1
2131 4158 8
2131 5396 5
2131 2160 7
2131 3752 9
2131 5538 5
2131 5615 6
2131 2347 7
2131 4601 6
2131 4296 4
2131 5692 4
2134 2456 5
2134 2473 5
2134 5048 9
2134 5325 10
2134 4161 2
2134 4970 7
2134 4114 8
2134 2630 9
2134 5457 9
2134 4994 7
2134 4919 3
2136 5221 4
2136 5319 7
2136 5851 1
2137 2688 9
2140 3836 1
2140 2246 7
2140 2319 5
2140 5627 4
2140 5373 2
2143 5704 8
2150 5771 8
2151 1552 10
2151 4706 10
2151 5368 2
2151 5567 8
2151 2836 2
2151 4853 3
2151 2972 8
2151 2180 1
2151 3301 3
2151 1232 5
2151 5279 4
2151 4961 2
2153 4362 7
2154 4932 2
2154 5090 6
2154 4747 2
2154 5867 2
2154 2386 8
2154 3688 7
2154 2412 3
2154 5483 2
2155 3857 9
2155 3800 10
2155 3484 8
2155 2258 8
2155 3036 4
2155 2289 2
2155 3593 2
2156 4299 8
2156 3068 4
2156 5120 6
2160 5285 9
2160 4542 10
2160 5572 5
2160 541 2
2160 2330 4
2160 4835 6
2160 5305 6
2160 2331 4
2160 3169 4
2160 2815 3
2160 3523 9
2160 4918 8
2160 4036 1
2160 5119 4
2160 3548 3
2160 3752 3
2160 4158 10
2160 3595 4
2160 4920 10
2160 4617 5
2160 2389 8
2160 5584 3
2160 5560 9
2160 5538 2
2160 2920 9
2160 5481 7
2160 2394 7
2160 4296 7
2160 4071 6
2160 5900 2
2160 2347 7
2160 5543 8
2160 4601 1
2160 3239 10
2160 4872 10
2160 3498 8
2160 5615 10
2160 5692 10
2160 3983 4
2160 4159 2
2160 2928 5
2163 3068 1
2163 3008 10
2163 5353 2
2163 3510 10
2163 4299 8
2163 3870 6
2165 4932 4
2165 2269 7
2165 5090 1
2165 5867 7
2165 2296 9
2165 2240 5
2165 2621 1
2165 2412 4
2165 2386 2
2166 2363 4
2166 5046 3
2166 3541 1
2166 1768 9
2166 5867 5
2166 2621 1
2166 2386 5
2166 5907 3
2210 5128 4
2179 3068 7
2179 5593 7
2179 2440 10
2179 3638 9
2179 4299 3
2179 3236 1
2180 3546 3
2180 3986 4
2180 2836 5
2180 4834 6
2180 2408 10
2180 3056 8
2180 1232 7
2180 3301 8
2180 4859 10
2180 5226 10
2180 3020 8
2180 5473 6
2180 5229 6
2180 4961 9
2180 4015 10
2180 3175 4
2180 4853 6
2180 2972 3
2180 5128 8
2180 5618 8
2180 5782 1
2180 5279 8
2180 1552 8
2180 3390 1
2180 5368 10
2180 5567 1
2180 3775 3
2180 5392 3
2180 3624 1
2180 5647 9
2180 5288 9
2183 4120 2
2183 4073 4
2183 3541 8
2183 5867 4
2183 3448 6
2183 2296 9
2183 2996 10
2183 4775 5
2183 2240 6
2183 2386 9
2197 2330 1
2197 2815 5
2197 4835 7
2197 4920 5
2197 4158 5
2197 3595 5
2197 4617 4
2197 5584 4
2197 5560 6
2197 5538 8
2197 5615 9
2197 4071 5
2197 5543 9
2197 4354 9
2197 2235 2
1416 5288 3
2217 541 5
2217 5625 5
2217 5264 2
2217 3830 5
2217 2815 6
2217 4835 3
2217 5119 6
2217 4920 8
2217 4918 3
2217 4158 9
2217 4505 2
2217 3595 2
2217 5584 4
2217 5560 8
2217 5538 6
2217 5396 7
2217 4071 8
2217 5543 10
2222 4136 9
2222 3919 7
2225 5261 1
2225 3008 7
2225 4282 9
2225 5210 1
2225 2272 9
2225 5120 8
2225 5632 8
2225 3149 3
2225 5622 3
2225 4083 7
2231 4277 7
2231 2433 7
2232 2256 9
2235 5879 8
2235 3541 2
2235 3079 2
2235 2506 1
2235 5867 3
2235 5071 4
2235 2675 3
2235 3717 3
2235 5777 6
2235 4474 4
2235 2386 9
2236 3541 4
2236 2684 2
2236 2296 7
2240 2834 2
2240 4932 8
2240 5049 4
2240 5867 6
2240 2386 7
2244 3518 7
2244 3839 10
2246 3836 10
2246 2319 8
2246 1911 9
2250 3224 7
2250 4114 4
2256 4974 6
2256 2893 6
2256 5497 9
2256 5237 1
2258 3857 7
2258 2289 10
2258 3012 8
2258 3593 7
2262 4718 6
2262 3412 9
2262 5879 7
2262 3541 10
2262 3079 7
2262 2506 2
2262 5867 6
2262 2314 9
2262 2296 2
2262 3717 4
2262 5633 10
2262 2386 4
2263 5136 1
2263 4573 3
2263 3776 8
2263 4696 5
2263 5351 10
2264 2630 8
2269 4490 7
2269 5879 5
2269 3541 2
2269 4932 4
2269 3079 9
2269 5867 4
2269 2296 3
2269 3220 2
2269 2386 2
2272 5708 8
2272 3008 7
2275 3744 10
2277 3719 6
2277 5279 8
2279 3276 6
2284 4362 4
2284 3518 9
2289 3593 8
2289 3857 8
2289 3942 7
2289 3800 10
2289 3012 9
2289 2992 6
2289 5468 1
2289 3484 5
2289 3472 10
2293 3173 3
2293 2812 3
2293 5344 5
2293 4745 3
2293 2351 9
2293 3368 7
2293 5110 2
2293 4227 6
2293 4303 5
2293 4247 6
2293 2387 5
2296 5879 5
2296 2363 9
2296 3079 6
2296 3717 9
2296 3220 5
2296 1768 9
2296 3357 6
2296 4319 4
2296 2996 9
2296 2412 6
2296 5049 10
2296 2506 9
2296 2314 4
2296 2365 6
2296 4423 2
2296 2386 3
2296 5635 4
2296 4490 6
2296 3412 3
2296 5477 4
2296 4752 1
2296 1554 5
2296 5867 6
2296 3313 3
2296 2321 6
2296 5483 9
2296 4120 10
2296 3541 3
2296 4932 10
2296 4409 7
2296 5633 7
2296 3885 5
2296 4055 7
2296 2621 9
2296 5494 8
2296 5907 6
2309 3541 3
2309 3079 10
2309 5867 6
2309 3567 3
2309 2386 1
2309 2546 2
2311 2363 5
2311 2422 9
2311 5867 4
2311 4775 1
2311 2386 8
2314 5329 3
2314 5879 2
2314 2363 1
2314 4120 10
2314 3079 6
2314 4718 4
2314 5049 6
2314 5494 10
2314 1768 2
2314 2506 8
2314 2365 9
2314 5633 5
2314 2386 7
2314 2338 8
2314 3412 9
2314 5149 8
2314 5867 5
2314 5800 3
2314 3492 2
2314 5483 2
2314 2426 8
2314 3541 6
2314 4932 5
2314 3885 5
2314 5907 9
2096 2735 1
2096 5699 2
2096 4453 3
2318 5879 3
2318 3541 9
2318 3079 6
2318 5867 10
2318 3412 8
2318 2386 10
2319 3836 8
2319 5749 2
2319 373 7
2319 5627 6
2319 5373 3
2321 4932 10
2321 2412 8
2321 2506 2
2321 5867 7
2321 3313 9
2321 2621 4
2321 2975 6
2321 2386 9
2330 2651 7
2330 5305 10
2330 3830 6
2330 2815 8
2330 4835 8
2330 4918 6
2330 4036 6
2330 5119 1
2330 4920 2
2330 3752 2
2330 4158 3
2330 3000 1
2330 5560 6
2330 5584 7
2330 3595 2
2330 5538 3
2330 4821 9
2330 5615 8
2330 4296 5
2330 4071 6
2330 5300 3
2330 5417 6
2330 5543 2
2330 4627 4
2330 4872 9
2330 4354 6
2330 5396 5
2331 2815 6
2331 4835 8
2331 4918 6
2331 4920 3
2331 4158 9
2331 3595 2
2331 5584 3
2331 5560 4
2331 5538 5
2331 5615 8
2331 4071 9
2331 2347 5
2331 5543 10
2335 5787 1
2335 1298 4
2335 3086 4
2335 4114 6
2335 5215 10
2338 5879 5
2338 4042 10
2338 3567 1
2338 3079 3
2338 3717 4
2338 4087 1
2338 5046 7
2338 5494 4
2338 2365 7
2338 2386 5
2338 2546 6
2338 2363 7
2338 5867 5
2338 3541 6
2338 4409 3
2340 4694 8
2340 5046 1
2340 3132 5
2340 2386 8
2345 5777 8
2346 4959 5
2347 5285 3
2347 4542 1
2347 4835 10
2347 3169 7
2347 3523 10
2347 4036 7
2347 3548 3
2347 3994 1
2347 3752 9
2347 3595 7
2347 4617 8
2347 2389 2
2347 5584 9
2347 5538 6
2347 2920 8
2347 5481 2
2347 4296 6
2347 5900 1
2347 5615 8
2347 4601 2
2347 4627 3
2347 3498 10
2347 5396 3
2347 5692 9
2347 3239 2
2347 2928 3
2351 2739 1
2351 4938 4
2351 2536 3
2351 2878 10
2351 5110 9
2351 3173 9
2351 4745 10
2351 3721 7
2351 4247 10
2351 2812 6
2351 2387 2
2351 5344 2
2351 3067 2
2351 5033 7
2351 2779 8
2351 4303 10
2351 5036 2
2351 5061 5
2351 2923 5
2351 5485 6
2351 4227 8
2353 2739 10
2353 2536 10
2353 2878 1
2353 5110 8
2353 3721 7
2353 5453 5
2353 2387 6
2353 3693 4
2353 5344 9
2353 5297 9
2353 3067 6
2353 5033 4
2353 5061 3
2353 5485 4
2360 5699 9
2360 3575 1
2363 3567 8
2363 4087 7
2363 3458 8
2363 3220 7
2363 2412 6
2363 2996 7
2363 5049 1
2363 2506 4
2363 2365 9
2363 4423 2
2363 4042 7
2363 2386 5
2363 5635 6
2363 3386 3
2363 3313 10
2363 5477 4
2363 4752 9
2363 3512 2
2363 2422 4
2363 4775 4
2363 5867 9
2363 3492 2
2363 1768 2
2363 5483 1
2363 4120 3
2363 3885 9
2363 3541 9
2363 4409 6
2363 5633 4
2363 3976 8
2363 2546 2
2363 2621 6
2363 5494 7
2363 607 1
2365 5879 10
2365 4042 5
2365 3079 7
2365 4718 3
2365 5046 7
2365 1768 8
2365 2506 4
2365 5633 9
2365 3386 9
2365 3412 7
2365 5477 1
2365 2422 1
2365 5867 1
2365 4073 8
2365 3773 4
2365 3541 8
2365 4932 5
2365 4409 9
2365 3661 2
2365 5907 8
2382 3062 6
2382 5499 4
2382 5407 5
2382 2954 7
2382 3045 9
2386 5090 7
2386 3079 4
2386 2989 2
2386 3717 6
2386 4087 6
2386 2412 4
2386 2996 5
2386 4747 6
2386 2708 7
2386 5633 5
2386 3448 9
2386 4752 1
2386 2422 3
2386 5827 8
2386 2426 7
2386 4474 8
2386 4932 7
2386 2807 5
2386 3914 4
2386 2621 2
2386 4042 4
2386 4016 10
2386 3458 9
2386 4661 9
2386 2911 6
2386 4775 1
2386 1768 8
2386 3386 6
2386 4490 7
2386 5477 3
2386 3037 3
2386 5483 1
2386 4120 5
2386 2828 10
2386 4409 1
2386 4225 9
2386 2834 5
2386 3567 7
2386 5490 4
2386 607 8
2386 3220 2
2386 5046 8
2386 3674 6
2386 5494 3
2386 2563 4
2386 5049 4
2386 3132 4
2386 2752 8
2386 4423 10
2386 4319 8
2386 4694 7
2386 3313 2
2386 3412 6
2386 5149 8
2386 4244 1
2386 5234 6
2386 3492 7
2386 5561 6
2386 5592 1
2386 4968 2
2386 3885 5
2386 3688 2
2386 5635 6
2386 5329 6
2386 2675 4
2386 5879 4
2386 5071 3
2386 3661 5
2386 3505 2
2386 3698 4
2386 2506 2
2386 5888 4
2386 3976 9
2386 4718 6
2386 5799 1
2386 4067 3
2386 3512 6
2386 3339 10
2386 4352 9
2386 5438 4
2386 5246 6
2386 5276 1
2386 2975 9
2386 5314 10
2386 4073 8
2386 5775 4
2386 5867 7
2387 2739 4
2387 4938 1
2387 2536 5
2387 2878 2
2387 5110 8
2387 3173 10
2387 4745 4
2387 3721 2
2387 5453 7
2387 4247 4
2387 2812 10
2387 3693 7
2387 5344 5
2387 5297 1
2387 3368 8
2387 3067 8
2387 5033 4
2387 4303 3
2387 5036 3
2387 5061 3
2387 5485 1
2387 4227 1
2389 3752 6
2389 4601 6
2389 5538 3
2389 4542 5
2389 5396 9
2389 5615 4
2391 4919 2
2391 3115 7
2394 5611 2
2394 3752 1
2394 5243 6
2394 5538 2
2394 5615 7
2397 4440 2
2397 3990 4
2397 3148 10
2397 5118 1
2397 5894 10
2397 2419 10
2397 2777 4
2397 2892 9
2397 3819 4
2397 2664 4
2397 3196 4
2397 3659 10
2397 5066 4
2397 5325 4
2397 3739 5
2397 3274 1
2397 5241 3
2399 2553 7
2402 5560 6
2402 5538 2
2406 4440 5
2408 3812 6
2408 2630 8
2408 4970 7
2409 5279 2
2412 3220 8
2412 1768 4
2412 5046 2
2412 2996 9
2412 2975 4
2412 5049 3
2412 4718 9
2412 3412 4
2412 4752 6
2412 4244 5
2412 5867 7
2412 5246 4
2412 3541 6
2412 4932 5
2412 5907 2
2413 3595 9
2413 3308 6
2413 5543 8
2413 3752 6
2413 4158 5
2413 4143 3
2413 4835 1
2413 5305 9
2413 5538 8
2413 5584 10
2413 2815 10
2413 5560 4
2413 3498 10
2413 4071 9
2413 4920 1
2414 2684 3
2414 3773 9
2414 2828 8
2417 3752 6
2417 4158 8
2417 5560 10
2417 5305 10
2417 5538 4
2417 2815 4
2417 4835 5
2417 3498 2
2417 4071 4
2417 4918 5
2417 5543 6
2419 4719 8
2419 5894 4
2419 5325 10
2419 3739 6
2419 3148 5
2419 2937 7
2422 3079 9
2422 5046 1
2422 5049 4
2422 3132 3
2422 5633 3
2422 3386 1
2422 3412 10
2422 5477 6
2422 3512 6
2422 4775 8
2422 5867 5
2422 3541 1
2426 4718 4
2426 3541 3
2426 4932 2
2426 3661 5
2426 5867 3
2426 4016 5
2426 5438 4
2426 3412 4
2431 5221 1
2433 2939 5
2433 4277 1
2433 3861 10
2433 3347 2
2433 3812 8
3387 4853 9
3387 3148 3
3387 3518 7
2440 3008 7
2440 5120 10
2440 5078 4
2440 4748 5
2440 4624 3
2450 4417 8
2452 3347 4
2456 755 6
2456 1298 7
2456 3086 1
2456 3395 6
2456 4521 3
2456 2957 6
2456 5162 4
2460 4299 2
2460 3068 1
2460 5120 8
2460 3008 5
2468 4788 2
2468 3357 6
2468 5584 10
2468 5469 2
2468 3273 1
2468 3595 5
2468 4473 6
2468 5183 3
2473 3395 10
2473 4114 4
2482 3008 10
2492 4162 4
2492 4702 10
2492 4974 6
2492 2893 1
2497 763 9
2497 5120 2
2497 3008 10
2497 5858 5
2506 3458 9
2506 3717 1
2506 3220 4
2506 1768 8
2506 5046 2
2506 2996 8
2506 5049 3
2506 4747 4
2506 4423 10
2506 4042 3
2506 5477 5
2506 5867 1
2506 5438 4
2506 4120 3
2506 3541 10
2506 4932 10
2506 3885 6
2506 2621 10
2506 5907 5
2523 5109 8
2523 4974 2
2523 4568 4
2528 2929 2
2531 4959 7
2536 2812 8
2536 4938 9
2536 5110 4
2536 3173 7
2536 4745 8
2536 3721 7
2536 4303 2
2536 3693 6
2536 5297 10
2536 3368 8
2536 3067 5
2536 4247 10
2536 5036 4
2536 5061 7
2536 3072 6
2546 4042 2
2546 2815 7
2546 4835 5
2546 4918 3
2546 4087 1
2546 4920 3
2546 4158 8
2546 5560 2
2546 5584 3
2546 3595 5
2546 4071 10
2546 5538 10
2546 4120 5
2546 5543 5
2546 5494 9
2547 5418 4
2553 5652 1
2556 5261 1
2556 3008 2
2563 5777 10
2563 4932 8
2563 5276 1
2563 5867 4
2563 2675 2
2563 5483 8
2574 5139 4
3530 2815 5
3530 4835 8
3530 5119 4
3530 3357 10
3530 4918 2
3530 5584 8
3530 4158 6
3530 3595 6
3530 3752 6
3530 5560 3
3530 4325 2
3530 5538 4
3530 5396 1
3530 4071 1
3530 5417 3
3530 5543 10
3530 4872 4
2582 4853 1
2582 5128 8
2586 5528 10
2586 4362 10
2586 2688 1
2586 3163 3
3593 3012 4
3593 5468 6
3593 3484 9
3593 3942 10
3593 2992 8
3593 5098 10
3593 4728 1
3593 3857 8
3593 5724 8
3593 4931 1
3593 3180 4
3593 3800 9
3593 5376 3
3596 5237 4
2594 5120 7
2594 3291 7
2596 3008 10
2615 3864 6
2615 4908 4
2621 2996 5
2621 1768 7
2621 4775 6
2621 2708 9
2621 3412 10
2621 5477 10
2621 5867 4
2621 5483 1
2621 3541 6
2621 4932 7
2621 4225 8
2621 3914 7
2621 5907 5
2630 4974 1
2630 2717 2
2630 2893 9
2630 4243 8
2630 3234 3
2630 4665 9
2630 3158 8
2630 4358 6
2630 3744 6
2641 4959 8
2651 5417 6
2651 5305 9
2651 5560 6
2651 5538 9
2651 4835 2
2651 4071 5
2651 4918 5
2651 5119 10
2652 5221 8
2675 5046 7
2675 4932 4
2675 5867 2
2675 5483 4
2675 5879 4
2681 5457 5
2681 4521 2
2681 2957 3
2681 5162 4
2683 2921 9
2683 5766 9
2683 5066 3
2687 3008 4
2688 3825 1
2688 4362 8
2688 5239 1
2688 5066 7
2688 4673 4
2688 4959 1
2688 2704 6
2688 2921 8
2688 3518 9
2688 4555 10
2704 4362 7
2704 3518 5
2705 4380 9
2705 5120 10
2705 4068 7
2708 5071 10
2708 4016 10
2708 3505 9
2708 3674 1
2708 4694 8
2708 5799 5
2708 5477 3
2708 3037 10
2708 5867 8
2708 4120 8
2708 3541 2
2708 3661 4
2717 4970 3
2718 5396 9
2723 3313 6
2735 5699 8
2735 3575 4
2736 4299 2
2736 4417 7
2736 3068 10
2739 2812 5
2739 4938 8
2739 5110 3
2739 3173 5
2739 4745 8
2739 4247 4
2739 3693 10
2739 5344 4
2739 3368 6
2739 4303 2
2739 5036 10
2739 5061 7
2739 5485 7
2739 3072 8
2748 4908 7
2748 4327 7
2748 3864 6
2751 3607 7
2751 3178 10
2751 5139 3
2751 3919 6
2752 5879 9
2752 3541 1
2752 3079 3
2752 4747 8
2752 5867 5
2752 5483 10
2754 3727 8
2754 5708 8
2754 3168 9
2754 3821 10
2754 4101 7
2754 5379 2
2757 5584 9
2757 5543 4
2757 3752 9
2757 4158 8
2757 4835 3
2757 5305 2
2757 3595 9
2757 5538 9
2757 3977 1
2757 2815 5
2757 5560 2
2757 4071 3
2757 4918 5
2757 4920 4
2760 5716 7
2777 4230 10
2779 3173 8
2779 2812 4
2779 5344 6
2779 4938 6
2779 5297 8
2779 3368 10
2779 4247 9
2779 5704 8
2787 4137 7
2787 3008 2
2797 3664 7
2797 4788 8
2797 5469 7
2797 3273 10
2797 3480 8
2797 5183 2
2807 4490 1
2807 4968 1
2807 5417 6
2807 4932 4
2812 2878 2
2812 5110 6
2812 3173 5
2812 4745 4
2812 3721 8
2812 5453 1
2812 4247 10
2812 3693 10
2812 5344 9
2812 5297 4
2812 3067 6
2812 5033 6
2812 4303 1
2812 5036 8
2812 5061 7
2812 2923 8
2812 5485 8
2812 4227 2
2815 5444 6
2815 3258 9
2815 5625 7
2815 5264 10
2815 3523 4
2815 4920 3
2815 3994 6
2815 5098 5
2815 4190 9
2815 3000 8
2815 5538 5
2815 3630 7
2815 5543 6
2815 4835 8
2815 3830 9
2815 5119 5
2815 3548 8
2815 4918 10
2815 2914 5
2815 3023 5
2815 5560 2
2815 3752 9
2815 4872 6
2815 2928 7
2815 4414 4
2815 5572 2
2815 5305 6
2815 4505 9
2815 1797 8
2815 5584 9
2815 4325 10
2815 4143 5
2815 5417 1
2815 5692 10
2815 3239 6
2815 541 5
2815 4523 4
2815 4159 4
2815 3595 4
2815 4617 7
2815 502 5
2815 3432 8
2815 4821 6
2815 5615 8
2815 4071 1
2815 5900 1
2815 4354 10
2815 5356 7
2815 3983 1
2820 3752 7
2820 5305 3
2820 5538 7
2820 5615 1
2828 3773 2
2828 5867 6
2828 5561 3
2834 4932 1
2834 4409 7
2834 3885 10
2834 5867 8
2834 5561 2
2834 5633 8
2836 4479 2
2836 4993 6
2836 5392 9
2836 5229 2
2836 3301 8
2836 4961 2
5110 4938 5
5110 3173 1
5110 4745 10
5110 4303 9
5110 4694 1
5110 3693 6
5110 3368 3
5110 5036 3
5110 5061 8
5110 5485 10
5110 3072 10
2845 1920 1
2845 4066 8
2845 3008 2
2845 5077 9
2856 3412 7
2856 5867 9
2862 4665 4
2862 3852 8
5314 3412 5
5314 5149 10
5314 5867 8
2878 3173 9
2878 4745 8
2878 3693 8
2878 4938 3
2878 3368 3
2878 4247 10
2892 3739 5
2893 4970 6
2893 4665 10
2893 3744 2
2893 5903 2
2893 5237 3
2896 5584 6
2896 3595 7
2911 5867 10
2914 5584 1
2914 5543 1
2914 3752 10
2914 4158 4
2914 3595 10
2914 4835 6
2914 5538 6
2914 5560 5
2914 4071 9
2914 4918 2
2914 4920 7
2920 3752 1
2920 5538 6
2920 4872 4
2920 5615 2
2928 4835 3
2928 4918 6
2928 4920 3
2928 5584 9
2928 4158 7
2928 3595 4
2928 3752 4
2928 5560 6
2928 5538 1
2928 5615 9
2928 4071 6
2928 5543 10
2932 5379 9
2937 4440 2
2937 3148 5
2937 5279 10
2939 3861 3
2941 4665 8
2944 5279 6
2951 5903 4
2954 5499 4
2954 5407 3
2954 3820 4
2954 3045 1
2954 3062 5
2957 755 6
2957 1865 3
2957 1298 4
2957 3086 1
2957 5325 10
2957 3395 5
2957 5135 9
2957 5215 5
2957 4521 4
2957 5162 5
2957 4200 2
2960 5215 1
5786 3008 8
2972 3056 6
2972 1232 10
2972 5226 2
2972 3680 5
2972 5229 6
2972 4961 1
2972 4015 3
2972 3576 10
2972 5128 9
2972 5782 1
2972 5279 8
2972 5392 7
2972 5288 10
2975 4718 7
2975 5049 2
2975 3885 6
2975 5867 9
2983 5139 1
2989 2996 10
2989 5867 3
2992 3036 4
2994 4179 10
2994 5379 1
2996 5879 8
2996 3079 10
2996 3220 6
2996 5046 7
2996 3674 9
2996 1768 7
2996 5775 10
2996 3132 5
2996 4067 4
2996 5477 3
2996 5867 10
2996 3313 3
2996 4120 9
2996 4073 6
2996 3659 10
2996 3541 6
2996 3661 7
2996 4016 10
2996 5494 9
2996 5907 7
3000 4158 3
3000 5560 10
3000 4835 9
3000 4071 8
3000 4918 9
3002 3008 7
3008 3075 9
3008 4179 1
3008 569 5
3008 4462 3
3008 3522 5
3008 3168 5
3008 4088 10
3008 4742 2
3008 3998 9
3008 3900 1
3008 4001 10
3008 3236 6
3008 3155 8
3008 5641 6
3008 3727 5
3008 3750 5
3008 4101 10
3008 4380 7
3008 4381 2
3008 3102 5
3008 4105 5
3008 3638 2
3008 5846 1
3008 5199 7
3008 5012 1
3008 4762 2
3008 3188 4
3008 5840 3
3008 4299 9
3008 763 10
3008 3645 1
3008 3016 4
3008 4457 2
3008 3291 9
3008 3653 2
3008 5210 5
3008 4493 9
3008 3029 1
3008 5814 4
3008 3296 5
3008 5034 8
3008 4312 7
3008 3209 2
3008 3463 6
3008 5488 4
3008 3477 2
3008 1920 2
3008 5670 10
3008 4365 7
3008 3945 10
3008 5047 6
3008 4137 7
3008 3485 7
3008 5723 6
3008 3133 8
3008 368 2
3008 5632 10
3008 3314 3
3008 4045 7
3008 5593 7
3008 4054 10
3008 4436 1
3008 1320 1
3008 3419 10
3008 3589 7
3008 3149 8
3008 5607 7
3008 4468 9
3008 5379 10
3008 3697 7
3008 5509 3
3008 5077 7
3008 3507 1
3008 5078 8
3008 3510 4
3008 5890 2
3008 5831 4
3008 3702 10
3008 3295 5
3008 4068 6
3008 3433 1
3008 3066 6
3008 5350 5
3008 5256 2
3008 4534 6
3008 5707 7
3008 5353 7
3008 4827 1
3008 4460 9
3008 4173 6
3008 4066 7
3008 5622 4
3008 3710 1
3012 5376 5
3012 5468 9
3012 5098 9
3012 3857 4
3012 5724 1
3012 4728 8
3012 3180 10
3012 3472 5
3016 4299 5
3016 3068 7
3016 5670 4
3016 3295 1
3021 4919 6
3023 5584 5
3023 5543 2
3023 3752 2
3023 4158 6
3023 3595 4
3023 5305 2
3023 5538 9
3023 4395 9
3023 5560 10
3023 4835 1
3023 4071 4
3023 4918 2
3023 4920 7
3025 5418 3
3034 4961 7
3036 4718 5
3036 3472 8
3036 3879 4
3036 3639 2
3036 4728 10
3037 4120 9
3037 4073 7
3037 3448 1
3037 5046 3
3037 5477 1
3037 3674 4
3037 5867 7
3037 4016 2
3037 5799 1
3054 4037 9
3056 3546 4
3056 4015 7
3056 5128 6
3056 5618 3
3056 3301 9
3056 1232 2
3056 5279 3
3056 3624 10
3058 4568 2
3058 5109 2
3058 3744 10
502 5800 4
502 5444 1
502 3752 3
3067 3173 10
3067 4745 6
3067 3693 9
3067 4938 2
3067 3368 6
3067 4227 1
3067 4247 1
3067 5036 3
3068 5670 6
3068 4762 7
3068 3419 5
3068 4299 2
3068 5379 7
3068 569 2
3068 5120 3
3068 3998 10
3068 5509 3
3068 3507 3
3068 5222 3
3068 3653 2
3068 3623 7
3068 3600 1
3068 3068 5
3068 4045 5
3068 4380 3
3068 3209 10
3068 4250 4
3068 4457 5
3068 5846 1
3068 5840 4
3072 5485 5
3072 4303 10
3075 1920 1
3077 3115 10
3079 5879 9
3079 4718 6
3079 3567 2
3079 4244 2
3079 4016 5
3079 3717 6
3079 5149 10
3079 3835 2
3079 3674 5
3079 4490 2
3079 5888 10
3079 4423 10
3079 5633 8
3079 5635 8
3079 4694 8
3079 3313 2
3079 5799 2
3079 4775 1
3079 5561 9
3079 5867 5
3079 4932 7
3079 3492 3
3079 1768 2
3079 5483 10
3079 4120 10
3079 5049 8
3079 3541 10
3079 3339 10
3079 3885 5
3079 5071 9
3079 3688 4
3079 3698 6
3079 3914 10
3079 5494 9
3079 5907 1
3086 755 9
3086 1865 9
3086 5135 9
3086 1298 7
3086 4521 5
3086 4657 10
3086 4994 5
3086 3374 4
3086 5007 1
3086 5215 1
3086 4566 4
3086 4200 2
3089 3347 6
4474 4120 3
4474 3773 5
4474 3885 4
4474 5867 2
4474 5246 9
3102 3510 4
3102 3870 8
701 3518 9
3115 3410 4
4478 5279 10
5438 4694 1
5438 5867 8
5438 5704 10
5438 4016 9
5438 3661 6
5846 4299 3
3132 4087 6
3132 5049 6
3132 4718 10
3132 3313 7
3132 4067 5
3132 4244 10
3132 5867 6
3132 4120 5
3132 3885 6
3132 3914 7
3133 3133 7
3133 5222 7
3133 4462 10
3146 3544 3
3146 3908 9
3148 3990 9
3148 3337 7
3148 1003 2
3148 4395 6
3148 3576 1
3148 5209 1
3148 4419 3
3148 5317 6
3148 5894 5
3148 4555 4
3148 3819 8
3148 3659 4
3148 3739 10
3148 5711 9
3149 5210 2
3150 5734 9
3150 3150 7
3153 5139 10
3155 5708 2
3166 3393 9
3168 5708 7
3169 3752 8
3169 4601 6
3169 5305 10
3169 5538 2
3169 3388 4
3169 5615 6
3169 4019 1
1114 5097 6
1114 3490 9
1114 3393 1
1114 4959 8
1114 4955 7
5444 5543 2
5444 3380 10
5444 5305 1
5444 5538 3
5444 3432 7
5444 3308 9
5444 4143 6
3173 3360 2
3173 4938 7
3173 4745 6
3173 3721 9
3173 5453 9
3173 4247 5
3173 3693 2
3173 5344 6
3173 5297 9
3173 5490 8
3173 3368 3
3173 5033 5
3173 4303 6
3173 5036 2
3173 5061 10
3173 2923 8
3173 5485 1
3173 4227 7
3175 3385 1
3178 5215 5
3180 3857 9
3180 3942 7
3180 3249 10
3180 3484 6
1232 3546 6
1232 4946 3
1232 3624 5
1232 5128 4
1232 5716 1
1232 5618 8
1232 3301 4
1232 5279 6
1232 4961 3
3194 5752 3
3197 3612 5
3197 3852 7
3197 4665 7
3197 4919 10
3199 4919 1
3498 5305 3
3498 5900 9
3498 3308 5
3498 5584 7
3498 4395 8
3498 3595 10
3498 3752 6
3498 5538 6
3498 5615 7
3498 5692 4
3209 3638 10
3209 3113 9
3209 4299 5
3209 3236 1
3220 3717 9
3220 1768 6
3220 5561 7
3220 3412 6
3220 5867 8
3220 4120 4
3220 3541 2
3220 4932 1
3220 4225 3
3220 5907 9
541 4835 5
541 4920 2
541 3752 3
541 4158 8
541 3595 7
541 5584 9
541 5560 5
541 5538 1
541 5396 4
541 4071 6
541 5543 4
541 4872 9
541 5615 7
3224 3235 10
3224 5177 3
3224 3234 1
3224 4358 4
3234 4178 2
3234 4162 3
3234 4324 7
3234 4406 2
3234 4970 8
3234 3852 2
3234 4665 6
3234 4358 8
3234 3612 1
3236 4380 6
3236 5670 1
3236 569 7
3236 5078 3
3236 5353 3
3236 3811 10
3236 5708 7
3236 4282 7
3236 5199 5
3239 5305 5
3239 4835 9
3239 4918 8
3239 5584 4
3239 4158 9
3239 4395 1
3239 3595 2
3239 3752 5
3239 5560 10
3239 5538 7
3239 5396 7
3239 4071 3
3239 5543 10
3239 4872 2
3239 4296 5
3249 1895 7
3251 4259 1
3251 4769 6
3258 5543 2
3258 3752 5
3258 4158 1
3258 3595 6
3258 5305 6
3258 5538 7
3258 5584 1
3258 5560 3
3258 4835 7
3258 4071 1
3258 5900 3
3258 4920 3
3273 3664 3
3273 5584 6
3273 5469 4
3273 3480 7
3273 5659 1
3273 3662 1
3273 3595 8
3273 5183 6
3274 5664 2
3286 5708 8
3287 4521 9
3291 4640 8
3291 4173 6
3291 5379 3
1320 368 1
1320 5708 8
3512 3386 3
3512 5046 9
3512 5867 10
3512 4775 2
3512 5633 6
1895 3857 4
3301 1552 7
3301 4015 8
3301 4706 4
3301 5226 10
3301 5128 7
3301 3624 6
3301 4961 2
1911 5373 7
1911 5298 7
1911 5204 1
1911 3375 8
1920 5670 9
1920 4762 8
1920 3419 7
1920 5840 6
1920 5379 4
1920 4088 6
1920 4457 4
1920 4748 10
1920 5210 10
1920 569 9
3308 5285 6
3308 3752 4
3308 5538 5
3308 4143 8
3313 5329 4
3313 5879 6
3313 4042 8
3313 3717 5
3313 1768 1
3313 5635 6
3313 5477 9
3313 5867 7
3313 5704 2
3313 3773 9
3313 3541 2
3313 4932 7
3313 3661 6
3313 5907 10
3323 4938 2
3333 4866 2
3333 3366 7
3334 3546 6
3334 5215 10
3337 5823 10
3337 5894 4
3337 3739 4
3337 3819 6
3337 4419 6
3339 5879 4
3339 3541 10
3339 4932 2
3339 5867 8
3339 3717 8
3347 4277 7
3347 3861 1
3347 3393 10
3347 4955 3
2218 5704 6
3357 5543 10
3357 3752 10
3357 3595 6
3357 5305 1
3357 5538 3
3357 4614 7
3357 4395 9
3357 5584 8
3366 4866 6
3368 4745 3
3368 3721 7
3368 4247 4
3368 5344 9
3368 5033 2
3368 4303 7
3368 5036 2
3368 5851 9
3368 5061 9
3368 2923 10
3368 5485 9
3368 4227 1
3370 4959 2
3370 3670 4
3370 5646 6
3380 5560 10
3385 4993 6
3385 3719 4
3385 5288 5
3385 5066 4
3385 3624 6
3385 5279 3
3385 5128 6
3386 5867 6
3386 4775 10
3386 5633 6
3392 3518 5
3392 4362 3
3393 4955 9
3395 5457 5
3395 5325 6
3395 4114 4
3395 4994 2
3395 4521 10
2584 4573 6
3412 4016 3
3412 5246 6
3412 5494 8
3412 5049 10
3412 4319 2
3412 4718 9
3412 5561 7
3412 5867 3
3412 4120 7
3412 3541 2
3412 3885 3
3419 5120 10
3419 5708 7
3419 4001 7
3419 4299 2
3432 5543 4
3432 5538 8
3433 4827 2
3445 3589 4
3448 5799 1
3448 3505 8
3448 3661 5
3448 4423 1
3458 5494 9
3458 1768 3
3458 5867 2
3458 607 1
3458 5907 5
3460 5418 1
3463 763 1
3463 5858 9
322 4192 1
322 3607 8
322 5139 6
3472 4938 10
3480 3664 10
3480 5183 2
3482 3919 2
3484 3942 5
3484 5376 7
3484 4772 10
3484 5098 8
3484 3857 1
3484 5724 9
3484 5317 1
3484 4728 5
3484 5800 1
3490 4599 1
3490 3980 3
3490 4959 10
3490 5215 7
3492 5879 2
3492 4932 3
3492 3541 3
3492 607 4
3492 3717 5
3496 3819 7
3505 4073 10
3505 5867 1
3505 4016 7
3507 4299 4
3507 5708 2
3510 4827 4
3510 3870 2
3518 5528 4
3518 4362 5
3518 5771 2
3518 5800 1
3518 4167 4
3518 3576 1
4542 5285 4
4542 3994 5
4542 3752 6
4542 4601 6
4542 4159 8
4542 5538 9
3523 4835 8
3523 5119 2
3523 3548 9
3523 4158 10
3523 3595 2
3523 5584 5
3523 5560 10
3523 5538 7
3523 4071 4
3523 5543 8
3523 4920 9
3523 3983 5
3541 3717 1
3541 4087 8
3541 4747 4
3541 5633 3
3541 5635 7
3541 4752 8
3541 4775 9
3541 4932 7
3541 3914 3
3541 4016 5
3541 5561 7
3541 1768 1
3541 4490 1
3541 5477 10
3541 5483 7
3541 4120 9
3541 4409 7
3541 4225 6
3541 3567 3
3541 5049 6
3541 5046 5
3541 5494 3
3541 4423 10
3541 4694 6
3541 5149 1
3541 5867 9
3541 5061 6
3541 3688 2
3541 5329 1
3541 5879 5
3541 5071 2
3541 5888 8
3541 5799 1
3541 5344 7
3541 4073 10
3541 4244 9
3541 3885 9
3541 5907 10
3544 4259 4
3544 5699 5
3544 3908 9
3546 5072 6
3546 4961 5
3548 4158 9
3548 5560 2
3548 4835 4
3548 4918 5
3567 4042 9
3567 4087 8
3567 5494 8
3567 5867 4
3567 4120 8
3569 3744 4
3575 5699 10
3575 4453 10
3576 5325 1
3585 4722 1
3589 5708 7
3595 5625 1
3595 5717 5
3595 4918 8
3595 4920 9
3595 3994 8
3595 4505 3
3595 4190 8
3595 5538 8
3595 4296 5
3595 4013 5
3595 4835 1
3595 3830 4
3595 5119 10
3595 4398 7
3595 3752 3
3595 5300 6
3595 3630 10
3595 4872 7
3595 3662 5
3595 3664 5
3595 4788 10
3595 4414 10
3595 5572 8
3595 5305 7
3595 4510 8
3595 5153 2
3595 5872 8
3595 4354 7
3595 5692 1
3595 4523 6
3595 4159 8
3595 4617 9
3595 4821 7
3595 5615 3
3595 4071 10
3595 5900 8
3595 3983 4
3600 5261 3
3600 3697 7
3600 5120 3
3600 5708 1
3600 4493 7
3600 4299 1
3607 4907 7
3607 5348 8
3607 4192 8
3607 4300 3
3607 5139 9
3610 4136 1
3610 5348 4
3610 5139 1
3610 3919 6
3612 4974 2
3612 4919 4
3908 5699 4
3908 4769 4
3618 4083 9
3623 4299 10
3624 4015 6
3624 5226 3
3624 5288 3
3624 5618 2
3624 5279 6
3624 5128 6
3630 5584 8
3630 5543 1
3630 4158 10
3630 5538 2
3630 4190 8
3630 5560 5
3630 4835 10
3630 4071 10
3630 4920 1
3638 4380 5
3638 5670 7
3638 569 5
3638 5078 2
3638 5353 3
3638 3811 2
3638 5708 3
3638 4282 8
3638 5199 10
3645 763 5
3645 5858 3
3653 4299 4
3659 5325 4
3659 3739 6
3659 3827 6
3661 3693 7
3661 4016 7
3661 3674 10
3661 5049 10
3661 4718 8
3661 4694 9
3661 5799 2
3661 5867 5
3661 4120 1
3661 4073 2
3661 3885 4
3661 5071 1
3662 5584 3
3662 5183 10
3664 5469 1
3664 5584 1
3664 5183 8
3670 4959 2
3674 4424 9
3674 5867 10
3674 4016 5
3676 5161 2
3680 5007 4
3680 5279 9
3680 3825 8
3680 5567 1
3688 5879 3
3688 5867 2
3688 5483 7
3693 4938 6
3693 4745 8
3693 3721 4
3693 5453 10
3693 4247 10
3693 5344 7
3693 5297 3
3693 4303 3
3693 5036 7
3693 5061 3
3693 5485 6
3697 4173 2
3697 5261 8
3698 5867 10
3706 5261 9
3717 5879 4
3717 4016 2
3717 5888 1
3717 5561 9
3717 5635 3
3717 4718 5
3717 5799 7
3717 4244 4
3717 4120 5
3717 5867 7
3717 3885 6
3717 5071 5
3719 5279 9
3721 4938 9
3721 4745 3
3721 4247 3
3721 5477 2
3721 5297 8
3721 5033 4
3721 5061 10
3721 4227 4
3727 5708 3
3728 5478 3
3728 5652 9
3739 3917 7
3739 4440 6
3739 3990 3
3739 5823 7
3739 5894 7
3739 3819 6
3739 3827 6
3739 4419 6
3744 4974 4
3744 5072 1
3744 5118 4
3744 4917 7
3744 4525 6
3744 3852 8
3744 4665 1
3744 3879 5
3744 4813 2
3744 4198 1
3744 4459 3
3744 4970 4
3752 5625 2
3752 5305 1
3752 4766 3
3752 4835 9
3752 4918 9
3752 4036 4
3752 5119 6
3752 3994 7
3752 4158 7
3752 4159 1
3752 4617 9
3752 5584 6
3752 5560 1
3752 4325 9
3752 5538 7
3752 4821 7
3752 5615 8
3752 4296 6
3752 4071 7
3752 4143 9
3752 5543 1
3752 4601 10
3752 5900 9
3752 4872 6
3752 5481 7
3752 5692 9
3761 5777 9
3770 5704 4
3773 4120 8
3773 4718 3
3773 3885 8
3776 5136 7
3776 4573 7
3776 4696 3
3776 5351 7
3786 5457 10
3786 5162 2
2614 4627 9
3797 4198 2
3811 5261 10
3811 4585 8
3811 5350 3
3811 5034 3
3812 5615 5
3819 5325 6
3821 5708 10
3825 5528 5
3825 4362 6
3825 5066 7
3825 4555 2
3827 5894 8
3830 4835 6
3830 4918 1
3830 5119 7
3830 4920 5
3830 4158 5
3830 5584 7
3830 5560 8
3830 5538 4
3830 5417 1
3830 5543 10
3833 5704 2
3836 5373 6
3839 5771 5
3852 4243 9
3852 4023 3
3852 4665 7
3852 5882 5
3852 4358 8
3857 5098 1
3857 5724 10
3857 5106 6
3857 4728 6
3857 4931 2
3857 5468 9
3857 3800 4
3857 5376 3
3861 4277 2
3864 4327 3
3864 4866 5
3870 4380 1
3870 5078 4
3870 4762 5
3870 5120 3
3870 3900 7
3870 4457 6
3885 5879 7
3885 1768 5
3885 5046 10
3885 5633 3
3885 5635 4
3885 4718 2
3885 5867 4
3885 5483 6
3885 4932 5
3885 4409 2
3885 5907 6
3890 4066 3
3890 5077 9
5560 5625 7
5560 5264 9
5560 4835 10
5560 4920 2
5560 3994 8
5560 4505 7
5560 4190 10
5560 5538 3
5560 5734 1
5560 5119 9
5560 4918 2
5560 5300 3
5560 4872 3
5560 4414 10
5560 5572 2
5560 5305 8
5560 1797 2
5560 5584 4
5560 5417 1
5560 5692 7
5560 4158 8
5560 4159 9
5560 4617 1
5560 4821 7
5560 5615 1
5560 4071 4
5560 5900 7
5560 4354 7
5560 3983 7
3906 4722 7
3914 5879 2
3914 4752 4
3914 5867 9
3914 4423 4
3919 4907 10
3919 4654 6
3919 5742 4
3919 4136 7
3919 5716 10
3919 4059 10
3919 4300 10
3919 5139 1
3931 5895 3
3942 3800 1
3947 5376 9
3961 5538 3
3976 5867 3
3977 5396 3
3980 5800 4
5136 4573 2
5136 5351 1
3983 5584 10
3983 5543 1
3983 4158 8
3983 4835 6
3983 5538 7
3983 4872 2
3983 4071 5
3983 5119 10
3983 4920 9
3986 5229 2
3987 5279 3
3990 5325 6
3994 5305 8
3994 4835 1
3994 4920 6
3994 5584 10
3994 4158 8
3994 5538 1
3994 5396 7
3994 4296 8
3994 4071 1
3994 5543 1
3994 4872 1
3994 5615 1
3998 4299 2
4001 368 6
4015 5368 3
4015 5288 6
4015 5392 10
4015 5618 7
4015 4859 4
4016 5879 10
4016 5071 5
4016 4067 4
4016 4423 7
4016 4694 6
4016 5477 9
4016 5867 1
4016 4120 7
4016 4073 3
4028 5221 3
4036 5285 10
4036 5625 8
4036 5305 9
4036 4617 4
4036 4510 10
4036 5538 4
4036 5396 5
4036 4296 2
4036 4872 1
4036 5615 10
4042 5046 1
4042 5494 2
4042 5049 8
4042 5633 8
4042 5867 7
4042 4120 10
4042 4932 4
4045 5120 1
4045 4493 10
4045 4299 3
4051 5699 8
4067 5477 8
4067 5867 10
4067 4190 3
4067 5879 6
4071 4414 4
4071 5572 4
4071 5417 6
4071 5305 8
4071 5119 3
4071 4920 3
4071 4918 4
4071 4505 8
4071 4158 9
4071 4159 6
4071 1797 1
4071 4190 8
4071 4617 7
4071 5625 9
4071 5584 8
4071 5538 10
4071 4821 9
4071 5615 2
4071 5264 4
4071 5900 1
4071 5543 9
4071 4354 3
4071 4872 4
4071 4835 4
4071 5692 6
4073 5071 9
4073 4694 1
4073 5799 7
4073 5477 9
4073 5867 9
4073 4120 8
4074 4959 4
4083 4282 8
4087 5879 3
4087 5867 9
4087 5494 10
4087 5633 8
4088 4299 7
5592 5879 2
5592 5234 3
5592 5867 5
4101 5708 2
2668 5527 4
4115 4938 8
4120 5879 9
4120 5046 6
4120 5494 9
4120 1768 6
4120 4718 2
4120 4694 4
4120 5477 7
4120 5867 4
4120 4932 4
4120 4409 5
4120 5633 5
4120 5907 6
3158 4970 6
4136 5716 3
4136 5139 2
4137 5261 6
4137 5670 2
4143 5285 10
4143 5538 6
4143 5543 8
4151 5221 3
4158 5285 8
4158 4414 4
4158 5572 7
4158 5305 6
4158 5264 10
4158 5119 8
4158 4918 5
4158 4505 5
4158 1797 1
4158 4617 5
4158 5625 7
4158 5584 10
4158 5538 2
4158 4821 1
4158 5615 4
4158 5417 8
4158 4354 5
4158 5900 5
4158 4872 8
4158 5734 1
4158 4835 3
4158 5692 2
4159 5285 4
4159 5305 3
4159 4835 3
4159 4920 2
4159 4918 8
4159 5584 1
4159 5538 9
4159 5396 7
4159 5543 2
4159 5615 5
4161 4919 4
4161 4974 8
4162 4974 7
4162 5903 3
4173 5261 3
4178 5497 8
4178 4974 10
1298 1865 4
1298 5135 5
1298 5457 5
1298 5787 10
1298 5215 1
1298 4521 4
1298 5162 6
4190 5584 7
4190 4835 2
4190 4918 2
4190 4920 9
4198 4974 4
4198 4665 8
4210 5049 10
4212 4424 1
4212 5128 4
4215 4919 3
4225 5867 7
4225 4775 7
4227 4938 9
4227 4247 4
4227 5033 3
4227 5344 2
4227 5036 10
4230 4959 9
4230 4926 10
4230 5629 5
4243 4459 5
4243 4970 8
4243 4358 8
4244 4932 3
4244 5867 8
4244 5879 1
4247 4938 1
4247 4745 4
4247 5453 3
4247 4303 2
4247 5477 10
4247 5344 4
4247 5297 9
4247 5033 2
4247 5036 10
4247 5061 8
4247 2923 2
4247 5485 6
4248 4665 2
4250 4299 8
4259 4769 5
4282 5509 10
4296 5625 1
4296 4766 10
4296 5584 7
4296 4617 7
4296 5538 10
4296 4601 7
4296 4627 4
4296 4872 8
4299 5670 8
4299 4762 5
4299 5379 3
4299 5120 4
4299 5509 5
4299 5222 3
4299 569 3
4299 4380 4
4299 4457 2
4299 5840 4
4300 5139 3
4303 4938 5
4303 5344 7
4303 5036 1
4303 5061 2
4303 5485 4
607 4932 5
607 4409 2
607 5867 4
607 1768 9
607 5633 2
607 5907 5
4319 5867 6
4324 4974 2
4324 5497 6
4325 5543 2
4325 5305 8
4325 5538 6
4325 4872 1
4325 4920 9
4327 4908 1
4327 4546 9
4327 4866 10
4352 4932 8
4352 5867 2
4352 5888 7
4354 4835 5
4354 4920 5
4354 5584 10
4354 5538 3
4354 5417 6
4354 5543 9
4358 4974 10
4358 4970 7
4358 4665 6
4380 5261 3
4380 5652 10
4380 4750 4
4395 5285 3
4395 4866 2
4395 5692 8
4395 4872 1
4395 5584 8
4395 5325 5
4395 4617 2
4395 5615 6
4395 5900 5
4409 5049 4
4409 5867 10
4414 5584 2
4414 5417 2
4414 5543 1
4414 5538 2
4414 4505 4
4414 4835 9
4414 4918 5
4414 4920 10
4417 4937 3
4417 5708 2
4417 5890 9
4417 4946 2
4423 1768 1
4423 4718 5
4423 5867 4
4423 5417 2
4423 5907 7
4424 5799 6
4424 3124 4
4425 4665 5
4425 4974 3
4440 5894 2
4440 5066 6
4453 5699 8
4459 4974 1
4462 5222 2
4468 5708 2
4473 4614 7
4490 5775 7
4490 5879 2
4490 4932 8
4490 5234 10
4490 4775 9
4490 5888 10
4490 5867 7
4490 5046 8
3276 4728 5
4505 5584 7
4505 5543 3
4505 5625 3
4505 4835 7
4505 5538 3
4505 5119 10
4505 4920 10
4510 5584 8
4510 4627 5
4521 755 5
4521 5325 4
4521 4994 1
4521 5135 4
4521 5162 7
4523 4920 6
4523 5584 1
4527 5777 4
3522 5632 2
3522 5708 8
4546 4866 2
4568 4974 1
4573 5587 10
4573 4696 6
4573 5351 1
4585 5215 4
368 5708 6
4599 4959 6
4601 5285 2
4601 5396 7
4601 5538 3
4601 5615 10
4601 5692 4
4602 4974 4
763 4827 6
763 5858 7
4614 5469 2
4617 5305 2
4617 4835 6
4617 4920 2
4617 5584 6
4617 5538 4
4617 5417 3
4617 5543 3
4617 4627 8
4627 5285 8
4627 5615 6
4640 5120 5
4657 1865 6
4657 5135 5
4661 5867 7
4665 4974 9
4665 4919 3
4665 4970 1
4665 5882 9
4745 4938 6
4745 5453 10
4745 5344 5
4745 5297 5
4745 5033 8
4745 5036 7
4745 5061 4
4745 5485 3
4689 5109 3
4692 5106 8
4694 5879 10
4694 5049 9
4694 4752 7
4694 5867 4
4694 5704 4
4696 5351 2
4702 5903 9
4702 5511 7
4706 5229 7
4718 5329 7
4718 5879 8
4718 5046 4
4718 5049 2
4718 5867 3
4718 5483 5
4719 4419 6
4728 5724 7
4728 5468 3
4728 5376 4
4747 4932 2
4747 5483 1
4750 5652 3
4752 1768 5
4752 5633 9
4752 5477 5
4752 5122 2
4752 5867 9
4752 5483 10
4752 5907 8
4762 5379 9
4766 5285 2
4766 5625 3
4766 5305 6
4766 5538 7
4766 4872 8
4769 5699 7
4775 5477 3
4775 5867 4
4775 5633 5
4786 5777 7
4788 5584 3
4813 4955 5
4821 5584 3
4821 5538 8
4821 4835 6
4821 5305 3
4821 4920 10
4827 5353 10
4830 5587 9
4835 5572 6
4835 5305 3
4835 5119 3
4835 4918 6
4835 1797 1
4835 5625 9
4835 5584 9
4835 5538 7
4835 5543 9
4835 5615 3
4835 5264 8
4835 5900 6
4835 4872 1
4835 5734 10
4835 4920 3
4835 5692 10
1768 5049 10
1768 5483 3
4860 5221 5
4860 5800 4
4860 5851 8
4864 5644 5
4866 5600 6
4866 4908 9
4867 5587 9
4872 5285 10
4872 5625 10
4872 5305 3
4872 4918 10
4872 5119 6
4872 4920 10
4872 5584 7
4872 5538 4
4872 5396 8
4872 5543 9
4872 5900 10
4872 5615 5
4872 5692 4
4874 5903 4
4907 5139 4
4918 5305 4
4918 5584 2
4918 5538 3
4918 5615 5
4918 5543 6
4918 4920 3
4918 5692 8
4919 5273 10
4919 5265 5
4919 5497 6
4920 5572 6
4920 5625 2
4920 5305 2
4920 5119 6
4920 5584 4
4920 5538 10
4920 5543 7
4920 5615 4
4920 5900 8
4920 5692 9
4926 5629 7
4932 5329 10
4932 5071 7
4932 5049 2
4932 5888 2
4932 5149 4
4932 5483 10
4932 5246 7
4932 5633 2
4938 5038 1
4938 5559 1
4938 5453 10
4938 5724 5
4938 5344 5
4938 5167 5
4938 1230 3
4938 5297 10
4938 5033 7
4938 5036 3
4938 5061 6
4938 2923 6
4938 5485 1
4938 5623 2
4938 5206 6
4959 5059 2
4959 5573 9
4959 5895 6
4959 5800 7
4961 5567 2
4961 1552 9
4961 5392 10
4961 5618 2
4961 5782 6
4961 5279 1
4968 5867 10
4970 5048 9
4970 4974 4
4970 5418 8
3800 5106 7
3800 4931 5
4974 5072 3
4974 5048 8
4974 4982 4
4974 5237 5
4974 5109 2
4974 5903 3
4977 5699 2
4993 5072 4
5005 5699 4
5012 5708 2
5033 5344 1
5033 5036 5
5036 5344 8
5036 5485 8
5046 5879 2
5046 5494 6
5046 5049 3
5046 5775 8
5046 5477 5
5046 5867 9
5047 5708 10
5049 5879 5
5049 5633 2
5049 5867 8
5049 5907 3
5061 5344 4
5061 5485 5
5066 5288 6
5066 5567 3
5066 5239 1
5071 5477 4
5071 5867 4
5071 5879 4
5077 5120 10
5090 5867 4
5098 5376 4
5109 5511 1
5109 5801 2
5118 5128 5
5119 5625 7
5119 5584 10
5119 5538 3
5119 5396 7
5119 5543 1
5120 5379 9
5128 5288 1
5128 5279 8
5128 5567 8
5139 5742 7
5139 5473 5
5139 5348 10
5149 5879 10
5153 5584 1
5161 1865 6
5162 5457 1
5162 5215 2
5777 5483 6
5782 5618 5
5782 5647 10
1552 5392 3
1552 5647 2
5209 5325 4
5210 5261 2
5211 5229 8
5215 1865 3
5215 5457 4
5215 5277 2
5215 5889 5
5221 5851 2
5221 5319 9
5226 5279 6
5229 5618 5
5234 5827 1
5234 5775 4
5236 5279 1
5246 5867 9
5246 5633 10
5246 5483 7
5261 5708 2
5279 5288 10
5279 5527 5
5279 5618 3
5279 5567 1
5279 5647 9
5285 5625 5
5285 5305 8
5285 5584 9
5285 5538 6
5285 5396 6
5285 5543 2
5285 5615 4
5288 5567 6
5300 5584 3
5305 5584 7
5305 5538 7
5305 5615 7
5305 5900 5
5305 5417 1
5305 5543 1
5317 5325 6
5325 1003 2
5325 4419 9
5325 5711 7
5325 5894 7
5329 5799 2
5329 5867 5
5329 5879 5
1865 5457 4
5344 5485 1
5346 5376 1
5348 5716 10
5350 5708 9
5376 5800 7
5379 4457 7
5379 5708 10
5379 5699 2
5379 5840 6
5379 569 8
5391 2923 8
5396 5584 10
5396 5538 3
5396 5615 9
5396 5900 10
5417 5538 6
5417 5543 5
5417 5692 6
5457 5787 10
5468 4931 6
5472 5699 4
5477 5867 10
5477 5704 5
5481 5572 4
5481 5538 8
5483 5879 8
5483 5888 3
5483 5867 6
5483 5494 3
5483 5907 8
5490 5867 1
5494 5879 3
5494 5867 7
5509 5840 9
5527 5800 4
5538 5625 5
5538 5543 2
5538 5692 5
5538 5572 10
5538 5584 8
5538 5615 8
5538 5900 9
5543 5625 1
5543 5584 10
5543 5615 4
5543 5900 3
5543 5572 8
5543 5692 3
5561 5867 5
5561 5879 2
5567 5647 7
5572 5584 4
5584 5625 1
5584 5872 4
5584 5692 3
5584 5615 8
5584 5900 9
5590 5903 7
5615 5625 2
5615 5900 3
5625 5900 7
5632 5708 10
5633 5879 8
5633 5867 10
5635 5879 4
5635 5867 6
5644 5716 1
5653 5752 10
5659 5183 6
5704 5799 4
5708 5723 5
5708 5840 6
5771 5794 4
5799 5879 7
5799 5867 8
5827 5867 6
5867 5879 5
5867 5888 5
5879 5888 9
