3 5062 7
3 3940 1
8 191 8
15 4735 9
15 487 5
15 4894 9
15 1662 5
15 5536 6
18 1160 6
18 2858 6
18 3280 4
18 5043 2
18 3781 8
18 1474 3
18 2299 9
18 484 10
18 1519 8
18 2654 4
18 5016 6
18 191 3
18 5343 2
18 1258 7
18 3334 10
18 24 7
18 4585 7
18 5142 7
18 821 7
18 1801 1
18 2570 9
18 271 6
18 3571 2
18 1740 8
18 2094 5
18 3387 8
18 2690 2
18 1294 4
18 4119 1
18 1390 7
18 4622 1
18 3615 4
18 1077 1
18 63 3
18 660 6
18 1832 5
18 2187 5
18 2121 5
18 267 7
18 3495 8
18 155 6
18 2267 9
18 703 6
18 2647 8
18 2239 4
18 2375 1
18 3074 9
18 2213 2
26 3445 1
37 5475 2
38 5322 8
38 1448 3
38 2597 7
38 2935 5
38 4465 10
38 2838 4
38 2742 5
38 3427 10
38 1757 6
38 4064 3
38 304 8
38 3902 9
38 2322 7
52 5166 8
52 611 7
52 66 5
52 3986 1
52 4735 3
52 2670 9
52 4894 10
52 440 8
52 4676 5
52 4594 4
52 4219 10
52 487 6
52 735 2
52 5082 10
52 5366 7
52 5536 5
52 3568 6
57 2409 5
63 5343 7
63 2187 5
63 895 3
63 1893 2
63 5512 3
63 191 4
63 3615 1
63 3795 5
63 3901 8
64 194 4
64 4017 8
64 1993 3
64 1583 4
64 5100 5
64 3823 5
66 5166 6
66 5536 9
66 1029 7
66 4735 3
66 1662 4
66 4594 6
66 5366 10
71 2306 6
71 5366 1
74 4813 2
79 3257 4
84 5787 8
84 578 5
84 4735 4
84 5243 7
84 1613 9
84 5857 6
84 487 3
84 735 10
84 551 8
84 974 7
84 1569 4
84 2113 7
84 4488 10
84 5166 8
84 2439 8
84 4594 5
84 4219 9
84 3320 6
84 1936 3
84 644 8
84 220 2
84 4104 2
84 3986 10
84 5710 5
84 4676 5
92 648 9
92 3985 9
92 630 7
92 3421 8
92 2354 10
92 867 6
92 1790 10
92 4391 8
92 2108 6
92 3171 6
92 4690 4
92 4791 10
92 565 9
92 3619 7
92 2908 10
92 1284 10
92 1604 5
92 2204 8
92 1259 2
92 2910 7
92 1306 6
92 1597 2
92 5337 6
92 1005 7
92 5024 5
92 2088 2
92 4670 9
92 4780 5
92 1908 3
92 3881 8
92 3307 10
92 3841 1
92 1332 6
92 859 9
92 2398 6
92 4070 9
92 2973 9
92 5514 3
92 3884 3
92 2190 6
92 4825 6
92 3208 1
92 3910 2
92 2048 5
92 2073 1
92 2145 4
92 2463 10
92 134 10
92 2698 7
92 2846 2
95 191 10
97 3187 9
97 4735 3
97 4382 6
97 4390 6
97 2961 10
97 2606 6
97 5074 6
97 1283 3
97 1029 6
97 4930 4
97 1569 6
97 5362 4
97 571 5
97 4863 7
97 103 8
97 2548 9
97 4620 9
97 5536 9
97 3930 5
97 5082 1
97 4288 8
97 3318 9
97 4024 8
97 3097 8
97 5366 2
97 3660 1
97 440 2
97 5501 9
97 3184 7
98 4549 9
98 4175 8
99 5166 3
99 2548 2
99 2076 1
99 2633 2
99 2825 1
99 2784 1
99 3626 1
99 4382 5
99 5074 1
99 2398 8
99 414 8
99 1759 10
99 2091 10
99 5459 2
99 4506 7
99 2606 7
99 1212 1
99 4343 7
103 5166 5
103 611 3
103 2439 7
103 5068 5
103 1529 6
103 3986 4
103 4894 9
103 440 10
103 5611 8
103 4594 6
103 4219 3
103 1569 1
103 2961 5
103 5243 10
103 3743 3
103 642 3
103 5857 10
103 735 8
103 3568 5
112 116 8
112 3941 1
116 3763 4
116 2327 4
116 2693 8
116 5127 8
116 1374 9
116 4180 9
116 3014 6
116 4508 10
116 4829 9
116 4836 6
116 4107 7
116 5099 10
124 2190 2
126 570 1
126 2891 9
126 4338 5
126 3388 8
126 2941 8
126 4402 1
126 1115 7
126 3035 5
126 2306 3
126 2654 7
126 2571 5
126 3474 2
126 1904 2
131 565 8
131 3931 5
131 2315 3
788 2867 7
788 3975 5
788 191 7
3006 2292 1
3006 5578 2
3006 3748 10
3006 4637 2
3006 2479 6
3006 1267 3
137 895 2
137 2641 1
139 4715 1
139 5669 6
143 4177 7
143 3351 3
143 1111 3
143 3189 5
143 3014 4
143 5739 6
143 543 1
143 632 2
143 4812 4
143 4582 8
143 1875 1
143 1887 5
143 1616 5
143 259 8
143 1049 7
143 854 6
143 2033 8
143 1292 7
143 769 10
143 5018 3
143 3555 3
143 3558 10
143 2306 1
143 3537 4
143 962 1
143 534 3
143 3934 8
143 4074 10
143 2454 3
143 3474 7
143 2495 7
143 1110 4
143 394 3
155 1928 2
161 5860 4
161 1252 9
161 5428 9
161 3136 2
161 4448 3
161 2290 2
161 4950 2
161 2055 5
161 671 5
161 4175 9
161 1903 7
161 4549 10
161 2805 8
161 1070 1
161 3504 6
172 2698 1
177 3763 10
177 5018 3
177 3558 7
177 2495 3
177 1418 5
177 1111 1
177 391 5
177 3950 8
177 4172 6
177 4588 9
177 3035 9
177 215 9
177 3212 10
177 2306 1
177 2641 10
177 2778 3
191 1343 5
191 4280 10
191 2307 1
191 3987 1
191 481 2
191 2608 2
191 4635 2
191 1842 5
191 2505 9
191 1095 6
191 284 8
191 3508 7
191 1927 5
191 3174 7
191 2614 2
191 496 6
191 3627 2
191 1360 9
191 3267 9
191 3535 3
191 3257 4
191 3615 2
191 5728 6
191 5828 5
191 2509 8
191 3634 3
191 1652 9
191 2900 1
191 5371 8
191 1750 1
191 3737 4
191 5113 3
191 1947 7
191 2152 6
191 1026 6
191 5343 1
191 2441 5
191 308 9
191 4302 4
191 401 2
191 217 6
191 1923 7
191 2824 9
191 4186 6
191 2164 9
191 3755 3
191 3583 2
191 4949 4
191 5066 1
191 4784 8
191 4873 1
191 600 8
191 1680 9
191 684 1
191 5043 3
191 233 3
191 1789 6
191 5470 10
191 2622 2
191 329 6
191 787 4
191 4507 2
191 1799 9
191 1406 7
191 5311 8
191 5313 5
191 4321 1
191 3571 10
191 3490 1
191 1893 2
191 3862 9
191 3495 5
191 4431 2
191 537 3
191 703 10
191 2953 6
191 3237 8
191 239 7
191 1519 7
191 1339 4
191 1228 9
191 3592 7
191 454 8
191 1230 8
191 1066 10
191 1003 8
191 2112 7
191 3975 8
191 4063 8
191 3795 1
191 4619 4
191 5097 7
191 1028 1
191 5253 1
191 895 6
191 5167 2
191 1827 5
191 2299 10
191 363 6
191 3604 1
191 1832 5
191 2187 1
191 2121 8
191 2209 1
191 1246 6
191 3516 7
191 271 7
191 1541 8
191 1542 5
191 4539 3
191 4732 2
191 823 9
191 2213 5
24 5343 1
24 2187 10
24 3267 1
194 2218 6
194 4017 8
195 4813 5
197 2327 9
200 5166 7
200 4511 2
200 3986 5
200 578 1
200 3559 7
200 1613 6
200 440 4
200 642 2
200 4219 5
200 1569 8
200 4594 2
200 220 3
200 735 7
208 972 6
215 2094 7
215 3095 7
215 5126 1
215 1630 4
215 1961 9
215 391 8
215 3950 8
215 3212 8
215 3558 9
215 3035 6
215 2495 4
215 4829 9
215 4258 10
215 2039 8
215 2641 2
218 5369 3
220 578 10
220 4735 7
220 4894 6
220 2548 7
220 2961 7
220 5074 5
220 3923 7
220 2085 5
220 1569 7
220 4774 7
220 571 9
220 2227 5
220 5611 9
220 2633 9
220 2439 2
220 5082 6
220 4288 8
220 2825 9
220 3097 9
220 5366 5
220 220 7
220 1493 8
220 3471 8
220 3660 3
220 4382 8
1324 1381 5
1324 1603 7
1324 3282 8
233 4408 4
233 1541 9
239 5343 7
239 2187 5
239 3280 7
239 2209 1
239 895 7
239 3237 6
239 3326 5
239 3615 3
239 484 6
239 4395 5
239 3811 10
239 1390 5
239 5800 7
239 660 3
239 1047 6
241 4836 8
241 2327 3
241 3014 5
241 4829 3
1005 565 1
1005 1908 7
1005 4530 7
1005 630 10
1005 2354 7
1005 4070 2
1005 3599 7
1005 2108 4
1005 2088 4
1005 2973 9
1005 2698 6
1005 4690 6
1005 4214 7
246 5027 1
246 3898 8
246 4145 2
246 654 5
246 5876 10
246 348 9
1519 3615 10
1519 1360 9
259 2033 2
259 4812 5
259 1292 4
259 962 9
259 1111 7
259 769 7
259 2454 9
259 3950 3
259 3555 3
259 1049 3
259 2306 4
259 2778 6
259 632 6
259 3537 6
259 4074 2
266 3763 9
266 1485 6
267 3280 3
267 3265 7
267 546 1
267 484 8
267 703 10
267 3615 9
267 5728 6
271 3615 9
271 4539 3
271 484 1
285 2229 3
288 5475 8
294 2302 5
294 2119 3
294 5800 9
294 3950 8
294 2306 9
313 4907 1
314 628 10
314 565 9
314 2028 5
314 3307 2
314 4530 9
314 2698 1
324 2312 7
324 3704 7
324 3264 8
324 645 10
324 3413 3
324 433 8
324 4954 8
324 1430 10
324 1699 10
324 2063 1
324 1980 10
324 3203 4
324 5591 2
324 4108 5
324 5679 10
325 5443 7
325 5363 2
337 2006 4
337 4347 8
337 1524 10
337 5876 7
341 4735 4
341 2471 10
341 5082 9
341 1861 2
345 971 7
345 816 10
345 4465 5
345 3084 7
345 2471 9
345 4839 3
345 2490 3
348 4816 8
3047 4735 5
3047 3422 4
3047 4267 8
3047 1013 3
377 2923 3
377 3704 5
377 645 7
377 1885 3
377 3203 9
377 5591 4
377 860 5
377 3756 4
377 3130 2
377 433 6
377 4954 7
377 1430 3
377 1699 4
377 3413 1
377 1980 8
377 3238 9
377 5558 6
377 3878 7
377 5391 5
377 4108 2
377 5679 9
381 570 5
381 3558 7
381 1111 1
381 769 1
381 3388 8
381 2778 7
381 2495 3
381 3537 8
391 3763 10
391 399 3
391 1128 4
391 3558 2
391 3095 9
391 2495 9
391 1418 6
391 5018 10
391 1111 5
391 1961 8
391 3950 10
391 3035 4
391 2039 4
391 2654 4
391 1630 6
391 3537 9
391 2778 5
394 2302 4
394 570 3
394 3558 1
394 4582 3
394 854 3
394 1961 8
394 620 3
394 1128 9
394 1887 6
394 5143 9
394 3388 6
394 1873 1
394 2495 6
394 2306 5
394 2654 10
394 1836 10
394 2119 3
394 2226 2
399 2327 1
399 3558 6
399 1111 5
399 5223 2
399 3014 4
399 4836 3
399 632 6
399 3212 4
399 3763 1
399 5018 5
399 1068 8
399 3950 5
399 1887 5
399 1616 3
399 5249 1
399 4019 6
399 1485 9
399 1961 10
399 2094 2
399 5127 2
399 3388 4
399 4048 9
399 3934 9
399 3095 7
399 3033 3
399 5063 4
399 1556 7
399 3035 1
399 2495 6
399 4829 2
399 1630 7
401 496 2
401 1652 6
401 2614 8
401 1028 8
401 1343 2
401 787 7
401 3791 7
401 4280 10
401 3975 5
401 2953 7
401 1541 2
401 3987 2
401 5313 3
401 2867 1
401 2509 5
405 648 7
405 1138 1
405 4306 9
405 5862 4
405 3841 8
405 4006 1
405 4822 4
405 4226 5
405 5294 4
405 4929 7
406 2312 6
411 5323 5
411 5066 8
411 4408 3
411 4673 2
411 2953 3
411 1179 10
411 1864 1
411 2509 1
414 2825 7
414 3471 1
414 2076 2
414 2633 10
414 2510 3
414 586 6
414 4554 6
414 4288 1
414 4912 2
414 5459 8
414 4506 9
424 3471 5
424 2076 9
424 2633 1
424 3660 1
424 4382 9
424 5074 5
424 2825 2
428 5575 7
428 3796 6
433 1699 8
433 3704 8
433 1885 3
433 3264 5
433 5679 8
433 645 3
433 860 2
433 3130 6
433 1980 1
433 4954 4
433 5391 7
433 3413 10
433 3203 1
433 3828 2
433 5558 1
433 2514 1
433 5591 1
433 3756 8
433 2063 5
440 5787 8
440 2943 6
440 4735 4
440 1662 3
440 4511 9
440 5116 5
440 3743 6
440 487 10
440 3568 7
440 1452 1
440 611 4
440 974 3
440 4262 4
440 2771 10
440 1569 10
440 4774 2
440 571 5
440 735 4
440 2484 7
440 5166 2
440 5611 6
440 5536 2
440 2439 4
440 5082 8
440 642 1
440 4219 4
440 5569 4
440 1936 7
440 5366 3
440 3391 7
440 4104 3
440 2670 1
440 5710 4
440 965 4
440 4676 9
440 5836 6
442 3670 2
442 2641 5
448 4797 7
448 2028 3
450 3137 3
477 282 5
477 2157 3
484 5343 3
484 2187 10
484 837 7
484 3334 2
484 3304 10
484 4966 9
484 3583 6
484 1390 5
484 703 10
484 4873 5
484 2152 9
484 5685 8
484 2299 4
484 5800 10
484 660 8
484 1258 10
484 3280 6
487 2943 1
487 4735 7
487 1662 5
487 1613 7
487 4811 6
487 2961 2
487 3743 4
487 611 5
487 974 2
487 4262 2
487 571 6
487 2484 5
487 5166 9
487 4511 2
487 4894 5
487 5536 9
487 2439 1
487 5082 6
487 5366 1
487 3391 10
487 4104 9
487 1939 9
487 965 6
487 4676 8
490 5243 5
490 4219 2
490 3320 7
493 4814 6
496 4619 3
496 3634 9
496 1652 4
496 1829 6
496 2329 1
496 4014 7
496 4949 5
496 1923 8
496 4060 7
496 1799 4
496 2953 7
496 3166 10
496 2622 9
496 3535 9
496 4302 8
496 2441 8
496 2614 5
496 5311 9
505 895 3
505 2641 9
511 3504 2
511 5431 2
511 5451 1
511 1944 4
511 4175 1
511 1184 9
511 2290 8
511 619 4
519 571 1
528 2251 8
534 1961 9
534 769 5
534 3950 4
534 4829 2
534 2306 10
534 3537 6
540 927 3
543 570 6
543 3351 9
543 962 3
543 1111 4
543 769 10
543 1128 1
543 2454 2
543 3388 8
543 4685 7
543 3950 5
543 4829 1
543 2778 9
543 632 9
543 3537 7
543 1498 8
545 1583 2
551 4912 10
551 4735 10
551 2548 1
551 5611 2
551 1759 6
551 2961 2
551 1283 8
551 1569 3
551 571 4
551 4863 5
551 2227 2
551 2943 5
551 4511 8
551 5536 5
551 3930 8
551 3626 3
551 5082 7
551 4024 8
551 3097 1
551 5366 3
551 1493 3
551 3660 7
551 4606 6
553 5877 9
553 5018 10
553 1887 10
553 5736 5
553 4508 1
553 2654 4
553 632 6
553 5504 2
565 648 4
565 630 6
565 3421 1
565 2354 5
565 867 1
565 1790 6
565 4391 2
565 2108 6
565 3171 1
565 4690 8
565 2251 5
565 2908 4
565 2028 5
565 2204 4
565 2542 4
565 2910 6
565 1306 6
565 1597 7
565 5337 9
565 4214 8
565 2088 1
565 5024 4
565 1908 3
565 3841 4
565 859 6
565 4530 10
565 3431 5
565 4070 10
565 2973 6
565 5514 1
565 3884 7
565 2190 1
565 3208 3
565 2048 1
565 5282 1
565 2145 6
565 134 2
565 2698 4
570 4255 7
570 1111 10
570 4953 3
570 806 9
570 1115 3
570 5739 10
570 4582 4
570 1887 3
570 4019 6
570 769 5
570 2117 4
570 4022 7
570 620 6
570 1110 9
570 3537 5
570 2577 1
570 2454 3
570 3474 3
570 2306 7
571 2832 3
571 578 1
571 5068 8
571 5243 5
571 1613 3
571 4511 2
571 4811 1
571 5857 6
571 3743 4
571 735 10
571 611 3
571 2439 6
571 4262 5
571 1569 6
571 2113 7
571 1571 8
571 4488 6
571 5820 3
571 5166 9
571 5611 2
571 4894 4
571 642 1
571 4219 7
571 3320 4
571 5116 6
571 3094 4
571 4594 6
571 3391 10
571 4104 7
571 3559 5
571 3986 1
571 5710 6
571 4676 4
578 4735 10
578 4894 7
578 2548 2
578 1115 9
578 2961 7
578 3923 7
578 2085 8
578 1569 9
578 4774 4
578 5611 2
578 2439 6
578 5082 1
578 4288 1
578 4402 4
578 2825 2
578 3097 8
578 5366 4
578 1493 7
578 3471 5
578 3660 6
578 4382 5
582 1495 1
582 4757 4
584 1964 8
586 3471 10
586 5074 9
586 2633 2
586 4288 2
588 806 9
591 3238 2
591 1430 4
595 2853 3
597 4673 1
600 2509 3
601 677 4
601 282 8
601 4084 7
601 1662 8
601 2789 9
601 1601 9
601 4923 1
601 5740 8
601 5039 8
601 2130 2
601 1293 7
601 3604 4
602 648 8
602 1908 3
602 3208 9
602 859 8
602 630 8
602 3841 7
606 3334 6
3087 1252 5
3087 4549 4
3087 4175 3
611 4912 2
611 3986 2
611 2126 8
611 5243 1
611 4894 1
611 5787 9
611 5857 4
611 3743 1
611 735 2
611 2439 2
611 4735 2
611 2771 6
611 1569 2
611 5166 8
611 4511 1
611 5536 8
611 2162 3
611 5082 7
611 4594 7
611 4219 9
611 3320 7
611 5459 1
611 1936 9
611 5366 3
611 3559 3
611 965 9
611 4676 5
611 4606 7
619 1252 3
619 966 5
619 2288 9
619 1813 1
619 2055 2
619 1206 3
619 1903 4
619 3504 2
619 5860 3
619 4448 3
619 5431 10
619 4814 5
619 1184 5
619 671 7
619 3552 3
619 4549 5
619 1070 2
619 5428 2
619 3136 5
619 2805 3
619 3099 4
619 2290 10
619 4950 1
619 4385 4
619 1944 5
619 4175 7
620 2302 6
620 2119 1
620 1128 7
620 3950 1
620 3388 10
620 854 6
620 2306 3
628 2900 8
628 5372 8
628 5282 3
628 2542 3
630 648 7
630 2025 2
630 3985 10
630 2463 2
630 3421 3
630 2354 9
630 867 1
630 1790 7
630 4391 10
630 2108 2
630 3171 1
630 3192 6
630 2706 10
630 4791 8
630 2251 4
630 3619 2
630 3656 5
630 2908 9
630 1284 4
630 2204 8
630 1259 10
630 2910 9
630 1306 3
630 1597 6
630 2999 5
630 4690 6
630 4214 10
630 2088 3
630 5294 7
630 1572 4
630 5185 2
630 5102 4
630 1329 6
630 4670 1
630 4780 1
630 4818 2
630 1908 3
630 3881 4
630 3307 7
630 3841 5
630 1332 5
630 859 9
630 3599 1
630 2343 5
630 2398 7
630 4070 4
630 2857 10
630 3820 3
630 2973 2
630 4308 4
630 5514 2
630 3884 6
630 1650 1
630 2028 1
630 2190 8
630 5337 7
630 3538 7
630 4825 7
630 3208 4
630 2048 1
630 4904 1
630 1779 5
630 5024 9
630 2901 2
630 4039 1
630 2073 5
630 2145 8
630 3669 9
630 134 1
630 2698 4
630 1646 4
632 5018 6
632 3351 3
632 3332 7
632 1485 9
632 3353 7
632 1111 9
632 769 1
632 2454 4
632 3189 2
632 3474 8
632 5739 10
632 1110 3
632 3537 8
632 3014 10
634 3142 4
638 648 5
638 3656 9
638 4306 10
638 3159 2
638 5862 6
638 3841 2
638 3326 9
638 5142 4
638 2398 10
638 4006 8
638 2463 3
638 5294 5
638 5372 8
638 4929 3
638 3074 6
638 1650 5
638 4791 4
642 3986 6
642 4735 7
642 5243 9
642 1662 4
642 4511 5
642 2961 4
642 735 5
642 1569 6
642 4774 9
642 3568 9
642 5166 6
642 5611 10
642 5536 10
642 2439 4
642 5082 10
642 4594 10
642 4219 1
642 1493 6
642 5710 9
642 2670 6
642 4606 4
644 5166 7
644 5536 8
644 4735 2
644 5243 3
644 5082 2
644 4219 8
645 3264 10
645 4565 10
645 3413 2
645 4954 8
645 3704 3
645 1699 2
645 5679 4
1068 3035 9
1068 2327 7
1068 3014 6
648 3421 5
648 2354 10
648 4316 6
648 849 6
648 2922 5
648 4690 3
648 2251 5
648 3656 8
648 2908 8
648 2028 2
648 1306 7
648 2864 9
648 4214 9
648 2088 6
648 5294 9
648 4670 8
648 1908 8
648 3307 5
648 1332 2
648 859 2
648 4530 6
648 3431 9
648 4070 3
648 5800 7
648 1646 7
648 4308 1
648 3884 3
648 2826 7
648 4825 8
648 3910 5
648 1779 10
648 2698 4
648 2901 7
648 4226 9
648 2073 5
648 5372 1
648 1580 10
660 1160 9
660 5343 9
660 2187 7
660 2121 1
660 2209 2
660 895 7
660 3237 10
660 3267 3
660 1360 2
660 4813 4
660 1406 6
660 5685 5
660 3615 7
660 4873 6
660 5738 3
660 5784 3
660 1832 10
660 1258 7
671 5860 1
671 4253 8
671 5428 6
671 3136 2
671 4448 3
671 5431 3
671 2055 4
671 4385 10
671 4175 1
671 1184 5
671 4549 6
671 5266 3
671 1206 2
671 2805 10
671 3504 6
677 5740 1
677 282 8
677 4084 1
677 1662 7
677 1601 2
677 2130 8
677 1293 10
682 895 10
682 1366 4
684 2229 5
684 4637 9
684 4258 7
690 895 8
690 2641 2
694 5266 2
694 1070 3
703 5343 5
703 3615 8
711 4074 4
714 2698 6
718 2549 4
718 1928 2
718 5676 5
724 4549 8
724 5679 3
724 4175 4
726 965 1
735 2943 8
735 4735 9
735 5243 10
735 4894 1
735 5611 9
735 2961 1
735 3422 10
735 3743 6
735 4382 5
735 3923 5
735 1029 1
735 1529 5
735 2771 9
735 1569 3
735 2887 4
735 4774 8
735 2484 1
735 5166 7
735 4511 1
735 1613 3
735 5536 7
735 2439 4
735 3930 6
735 5082 7
735 4219 1
735 3320 7
735 3822 1
735 4024 5
735 4594 4
735 5366 6
735 965 6
735 1493 9
735 5068 7
735 3391 8
735 4104 9
735 3660 6
735 1936 5
735 2670 2
735 2548 3
735 4676 3
735 4606 2
4530 3985 9
4530 5601 2
4530 3421 3
4530 2354 5
4530 867 10
4530 2108 10
4530 3171 4
4530 3192 6
4530 2922 8
4530 4690 1
4530 2908 10
4530 2204 4
4530 2542 9
4530 1306 4
4530 2864 8
4530 5337 5
4530 4214 6
4530 2088 10
4530 4321 8
4530 1572 10
4530 5185 2
4530 1597 8
4530 1908 2
4530 3841 6
4530 859 4
4530 3599 10
4530 3431 2
4530 4070 7
4530 5475 4
4530 2973 4
4530 2706 4
4530 3884 5
4530 3538 4
4530 4825 10
4530 3208 7
4530 2048 10
4530 5282 5
4530 5024 4
4530 2901 2
4530 2145 5
4530 2698 3
754 5862 10
768 4971 10
768 3137 3
768 3218 10
768 4148 1
775 2641 2
4715 1138 5
4715 2370 2
4715 5849 8
4715 2766 4
4715 5294 5
4715 3415 2
787 1343 10
787 5066 1
787 2622 10
787 2329 10
787 5262 2
787 5113 8
787 1789 4
787 1839 5
787 4060 6
787 2608 2
787 3423 1
787 1842 9
787 5529 8
787 5097 4
787 2441 1
787 4014 2
787 4569 1
787 4302 10
787 1799 10
787 5311 1
787 895 5
787 5436 7
787 4619 7
787 2447 4
787 4063 9
787 1923 2
787 4673 6
787 1827 9
787 3535 3
787 3138 1
787 3604 7
787 5279 8
787 1652 7
787 2976 3
787 4949 1
787 1095 10
787 1193 7
787 4295 4
787 5371 1
787 2953 1
787 3166 3
787 1542 6
787 2509 2
787 823 6
800 2633 3
800 3660 6
800 4288 4
800 4554 10
800 4390 4
800 5175 3
806 4022 2
806 3332 3
806 4074 10
806 2117 3
806 1418 8
806 1111 4
806 1961 6
806 3719 4
806 3950 2
806 4829 2
806 1887 6
806 3388 5
806 2577 5
806 2778 10
806 5075 10
806 3799 10
806 1864 10
816 1448 7
816 3902 10
823 1842 4
823 2622 6
823 5097 4
823 3987 2
823 4302 4
823 5371 6
823 1827 6
823 1542 3
834 5451 5
849 3841 6
854 2302 1
854 1128 1
854 4582 1
854 1111 10
854 2119 4
854 3950 5
854 1887 4
854 5143 2
854 1873 4
854 2306 5
854 2778 7
854 2226 10
854 4258 8
859 2190 10
859 4818 6
859 2088 5
859 4670 8
859 1790 4
859 1779 10
859 2145 5
859 4791 3
859 2698 2
859 1329 1
860 1252 2
860 2741 6
860 4565 2
860 4954 7
860 1699 8
860 1885 4
860 3130 4
860 1430 9
860 5679 3
860 1980 5
860 2182 2
860 3878 6
860 3704 3
860 3238 5
860 3413 2
860 5591 2
860 3264 1
860 3756 4
860 2923 4
860 5391 8
860 3203 1
860 5855 5
860 4108 3
865 1961 4
5084 4912 9
5084 1879 4
5084 5748 9
5084 1965 5
5084 2853 6
5084 2326 4
5084 5309 4
5084 3811 6
5084 5134 4
5084 4868 1
5084 5626 4
868 1335 1
869 4347 1
3134 5860 9
3134 4814 1
3134 2288 2
3134 1813 3
3134 4950 4
3134 4385 9
3134 4175 1
3134 3552 9
3134 5266 7
3134 1206 2
3134 1903 10
3134 1070 7
3134 3504 7
3136 5860 9
3136 4801 3
3136 5428 1
3136 5803 8
3136 2435 7
3136 5451 9
3136 1813 4
3136 4448 7
3136 2805 8
3136 5431 6
3136 1184 6
3136 4175 1
3136 1903 4
3136 5855 9
3136 4549 7
3136 4253 5
3136 4385 8
3136 3504 7
895 3987 7
895 2472 7
895 3334 7
895 4394 4
895 4196 8
895 1390 4
895 5751 2
895 2299 3
895 2187 8
895 2693 7
895 4539 4
895 4107 7
895 2738 8
896 5787 5
902 2521 9
902 2144 3
921 3763 6
927 1485 9
927 4297 3
933 3841 8
939 1292 1
949 1138 1
949 4306 2
949 5862 4
949 2000 10
949 4006 8
949 3656 8
949 4226 4
949 5294 10
949 4929 2
5616 5166 7
5616 5611 6
5616 2832 4
5616 1569 4
5616 4735 5
5616 4506 10
5616 4894 1
5616 4594 4
5616 4219 8
5616 2126 1
5616 2394 1
5616 5243 5
5616 5857 8
5616 4676 3
5616 3559 10
953 1335 7
956 1873 5
959 3261 4
959 4376 2
962 3351 6
962 1111 8
962 3189 5
962 3810 7
962 5739 1
962 1128 2
962 1875 1
962 3950 8
962 1616 9
962 1049 3
962 1292 4
962 769 7
962 4812 7
962 3555 9
962 3558 5
962 2778 10
962 3537 4
962 3934 4
962 2454 4
962 2495 7
962 1110 7
965 5166 4
965 4606 9
965 3986 5
965 3559 4
965 5243 7
965 1613 2
965 4594 6
965 4219 1
965 5068 3
965 3743 10
965 4135 6
2832 5611 10
2832 4735 8
2832 5243 1
2832 5082 9
2832 4594 8
2832 4219 9
967 2306 9
972 3173 5
972 2853 8
972 2812 2
972 3693 1
972 5626 10
972 4247 4
972 5134 9
972 4868 3
974 5166 10
974 4511 7
974 5536 5
974 2439 8
974 4735 6
974 4262 2
974 5082 3
974 2771 2
974 4594 7
974 4219 7
974 1569 8
974 2961 1
974 5243 6
974 5857 3
974 4676 4
993 4347 9
993 5884 9
993 1337 9
993 1234 3
993 4726 5
993 1928 1
996 3089 5
998 2327 10
998 2094 9
998 5127 3
998 3014 9
998 4829 7
1012 5311 5
1013 2486 4
1013 1661 1
1013 3822 1
1024 1266 3
357 4771 8
3159 4226 3
1029 4912 9
1029 3986 1
1029 2162 7
1029 5243 5
1029 1613 2
1029 5082 8
1029 4594 6
1029 4219 5
1029 5459 1
1029 5857 10
1049 3763 6
1049 3161 5
1049 1111 9
1049 769 1
1049 3950 8
1049 1887 3
1049 2306 10
1049 3537 10
1049 2778 3
1054 2674 3
1054 4907 8
1054 5884 9
1054 4726 3
1054 3718 4
1054 1867 6
1070 5860 5
1070 966 8
1070 5803 8
1070 1813 9
1070 5431 1
1070 4950 4
1070 1184 7
1070 4385 10
1070 4175 6
1070 5266 6
1070 1206 1
1070 1903 5
1070 3504 1
1095 3423 10
1095 4619 8
1095 1028 1
1095 3987 7
1095 2441 1
1095 5066 4
1095 4408 8
1095 1193 4
1095 4673 4
1095 5371 8
1095 3535 10
1095 3166 3
1095 3138 1
1095 1864 2
1101 4839 2
1101 1448 7
1101 3902 5
1105 2327 9
1110 1111 1
1110 769 7
1110 1128 2
1110 2454 8
1110 3388 4
1110 3950 6
1110 2306 4
1110 2778 9
1110 3537 3
1111 4177 3
1111 3351 9
1111 3189 8
1111 2454 10
1111 3715 10
1111 1115 6
1111 5739 8
1111 4812 2
1111 3332 4
1111 3950 9
1111 1887 10
1111 1168 7
1111 2033 5
1111 769 10
1111 1292 9
1111 2117 3
1111 1387 6
1111 4022 7
1111 5018 3
1111 3555 9
1111 3558 3
1111 3537 6
1111 2641 8
1111 3934 1
1111 1418 2
1111 5063 8
1111 3388 3
1111 3474 9
1111 2495 10
1111 2306 4
1111 4074 6
1113 3791 4
1113 2941 3
3171 1908 10
3171 1939 6
3171 2354 9
3171 4070 6
3171 1726 4
3171 3599 7
3171 2088 5
3171 2698 7
3171 4690 7
3171 4214 1
1115 2353 4
1115 4338 5
1115 4836 8
1115 4258 3
1115 2654 5
1115 1904 6
1115 1128 5
1115 4484 2
1115 3950 7
1115 2941 4
1115 2891 1
1115 3467 10
1115 1961 1
1115 4402 4
1115 2778 1
1115 4646 5
1115 2571 8
1115 5594 8
1115 3388 7
1115 3474 2
1115 5519 4
1115 2306 7
1119 2827 5
1128 2302 2
1128 4812 9
1128 4582 1
1128 2577 3
1128 2119 8
1128 769 8
1128 2455 1
1128 1616 10
1128 4258 10
1128 3353 2
1128 5739 8
1128 2306 4
1128 3537 2
1130 3179 9
1130 3265 8
1138 3089 10
1138 3129 4
1138 2452 5
1138 5862 5
1138 2000 9
1138 4006 4
1138 3656 5
1138 4822 3
1138 4226 6
1138 5294 9
1138 5881 5
1138 4929 3
1138 4306 7
1160 5343 2
1160 1390 10
1160 3280 5
1168 769 8
1168 3332 3
1168 2693 2
1168 4582 1
1168 4022 7
1168 2454 10
1168 1887 10
1168 4402 7
1168 4107 2
1168 1875 6
1168 3537 9
1168 4074 5
1172 2698 7
1176 1381 2
1176 3282 4
1176 1603 10
1179 5066 7
1179 4408 10
1179 1799 9
1179 2953 8
1179 5241 7
1179 2509 4
1183 3763 10
1183 2327 9
1183 1485 5
1183 1961 7
1183 5127 6
1183 4007 6
1184 966 10
1184 1813 10
1184 2055 10
1184 2880 3
1184 1206 5
1184 1903 7
1184 3504 6
1184 5860 5
1184 4448 8
1184 5431 2
1184 5451 5
1184 3552 6
1184 4549 4
1184 5428 8
1184 3099 9
1184 5803 5
1184 2290 9
1184 4950 9
1184 4385 3
1184 4175 3
1190 5294 4
1193 3987 6
1203 5283 9
1203 422 10
1203 5363 2
1203 4174 7
1206 5860 10
1206 2290 6
1206 1813 2
1206 5803 3
1206 5431 6
1206 4385 7
1206 4175 10
1206 3552 5
1206 4549 3
1206 5266 4
1206 2805 10
1206 3504 6
1212 3471 9
1212 2076 8
1212 2633 1
1212 5074 3
1212 4554 4
1212 2825 1
1214 4735 7
1214 5166 9
1214 4894 7
1214 5082 9
1214 5536 8
1222 2826 9
1222 5354 1
1699 1252 1
1699 2603 4
1699 2741 8
1699 4565 7
1699 4954 8
1699 2410 6
1699 2221 4
1699 5558 9
1699 2292 4
1699 1885 4
1699 1430 3
1699 2974 8
1699 5769 9
1699 3130 7
1699 4637 6
1699 2063 6
1699 5829 8
1699 2514 3
1699 5679 7
1699 3681 7
1699 3413 4
1699 2946 9
1699 3238 7
1699 3704 2
1699 3828 8
1699 5591 9
1699 4122 1
1699 3264 1
1699 2182 7
1699 5391 8
1699 3203 7
1699 5855 9
3192 4818 2
3192 4017 3
3192 5430 10
3192 3657 2
3192 2698 5
1717 3043 5
1717 4726 4
1717 2857 5
1234 2674 2
1234 5884 4
1234 3619 7
1234 1337 3
1234 5667 8
1234 4726 5
1234 5198 7
1234 3718 1
1234 5800 3
1234 3043 10
1234 1867 4
1234 4851 8
1234 2857 4
1252 1446 4
1252 4954 1
1252 4182 10
1252 4210 4
1252 5558 2
1252 3504 6
1252 2292 7
1252 1885 4
1252 3748 3
1252 4637 4
1252 5679 3
1252 1980 1
1252 3704 4
1252 1267 4
1252 4122 10
1252 5391 5
1252 4385 2
1252 4175 1
1252 3203 5
1252 3828 8
1253 2229 8
1867 2674 8
1867 5884 7
1867 3619 2
1867 5192 5
1867 1337 3
1867 3453 8
1867 4726 7
1867 5198 4
1867 3718 9
1867 4851 8
1867 2857 7
1259 4416 4
1259 2145 5
1259 867 7
1259 4904 6
1259 1646 2
1259 4233 6
1259 2698 9
1266 4980 7
1266 3755 3
1266 4240 10
1266 1556 10
1266 4258 10
1267 966 6
1267 2292 10
1267 4637 1
1267 4182 1
1267 5558 1
1267 3504 6
1269 755 9
1269 2327 4
1269 1485 8
1269 3479 5
1269 2727 8
1269 2654 8
1269 5249 10
1269 3014 8
1269 4829 9
1269 4836 7
1278 3680 7
1278 2607 1
1278 3445 9
1278 1864 2
1278 5066 4
1283 4811 3
1284 2190 3
1284 3208 1
1284 1306 2
1284 1779 1
1284 3421 2
1284 4904 9
1284 1790 3
1284 2145 8
1284 2698 6
1284 4391 7
1292 3558 2
1292 3537 1
1292 769 5
1292 2454 9
1292 5742 5
1292 2061 1
1292 4654 1
1292 5716 3
1292 3482 1
1292 4508 2
1292 2306 7
1292 4059 1
1292 2778 7
1292 2495 6
1292 5139 8
1292 3610 8
1293 282 2
1293 4084 9
1293 1662 6
1293 2789 3
1293 1601 6
1293 4923 3
1293 5740 6
1293 5039 5
1293 2130 4
1293 3604 8
1294 1928 5
1306 4670 4
1306 4818 10
1306 2088 4
1306 1329 2
1306 5286 7
1306 4391 7
1306 5337 9
1306 1779 5
1306 2145 7
1306 134 6
1306 4690 1
1306 5024 9
1307 4979 2
1307 4374 3
1313 4837 5
1313 2919 4
1313 3670 8
1323 3604 8
1323 4829 3
1327 2108 2
1329 2190 4
1329 2908 10
1329 867 10
1329 3208 6
1329 2088 1
1329 2048 4
1329 1779 1
1329 5337 4
1329 4070 5
1329 1790 3
1329 4391 10
1329 2145 7
1329 2698 4
1329 4214 9
1332 1908 10
1332 3841 3
1332 867 8
1332 2698 6
1334 3471 7
1334 2633 6
1334 1479 4
1334 2825 10
1335 4716 5
1335 2698 2
1337 2674 8
1337 5884 9
1337 3619 8
1337 5192 5
1337 5198 10
1337 3718 2
1337 3064 5
1340 1597 6
1343 1842 2
1343 3987 10
1343 5066 1
1343 4408 6
1343 1923 4
1343 2953 9
1343 3166 10
1343 3975 7
1349 3660 6
1349 2633 1
1349 5074 9
1349 5082 2
1356 755 6
1356 5456 6
1356 2495 5
1360 5343 2
1360 2187 2
1360 1390 4
1360 3267 9
1360 1541 4
1360 1964 6
1381 2953 3
1381 4757 7
1381 1501 7
1387 4251 2
1387 2778 7
1388 5787 9
1388 2252 4
1390 5343 9
1390 2187 9
1390 2121 2
1390 2209 9
1390 3237 2
1390 3267 4
1390 4813 1
1390 1406 4
1390 5685 6
1390 3615 1
1390 4873 7
1390 5738 9
1390 5784 6
1390 1832 5
1390 1258 4
1399 1583 1
1399 4017 9
1406 1964 8
2209 1964 8
2209 4549 6
1418 3763 1
1418 5018 1
1418 3095 7
1418 4074 5
1418 1630 6
1418 1961 3
1418 3950 1
1418 4452 9
1418 3212 5
1418 2778 8
1418 5126 7
1418 4829 4
1418 2641 5
1424 3471 5
1424 2633 9
1424 3660 3
1424 4382 6
1424 5074 10
1424 2825 10
5017 5074 9
5017 2633 1
5017 2825 10
5017 3660 9
5017 4382 4
5017 4288 5
5017 3184 1
5017 2548 7
5017 3471 7
5017 5175 10
1426 4306 4
1437 3763 2
1437 2022 6
1437 2045 7
1437 1485 2
1437 2900 7
1437 3033 8
1437 1961 3
1437 769 9
1437 5127 4
1437 4484 6
1437 5249 3
1437 2327 7
1437 3014 2
1437 4508 8
1437 4829 5
1437 4836 2
1437 2094 8
1437 4048 8
1437 3035 7
1446 4637 1
1446 4182 7
1446 3704 4
1446 3748 3
1448 3746 1
1448 3084 1
1448 5620 10
1448 5306 9
1448 2471 9
1448 5155 9
1448 4839 2
1448 304 5
1448 5236 1
1448 2490 9
1449 5062 4
1449 3966 7
1449 4848 3
1449 5452 6
1449 3940 4
1452 3559 9
1452 4511 8
1452 4262 7
1452 4676 4
1456 1597 9
1457 4971 8
1464 2252 7
1464 2327 6
1464 1607 7
1464 4508 5
1474 3334 7
1474 4829 3
1479 5166 5
1479 3471 2
1479 2076 10
1479 2633 10
1479 2091 9
1485 755 8
1485 2327 6
1485 3766 1
1485 3479 3
1485 4836 4
1485 3014 10
1485 2654 9
1485 3763 7
1485 5018 7
1485 4484 4
1485 2727 9
1485 4508 4
1485 3035 9
1485 1961 5
1485 2094 9
1485 5127 7
1485 2517 2
1485 3558 10
1485 4007 6
1485 4048 6
1485 2045 10
1485 2827 6
1485 1556 8
1485 1607 7
1485 2495 3
1485 4829 5
3237 2187 7
3237 2299 1
3237 1964 7
1489 3014 3
1493 2439 3
1493 5166 7
1493 5611 6
1493 4735 10
1493 3986 1
1493 4894 3
1493 5082 3
1493 4219 10
1493 1569 2
1493 2961 9
1493 3743 5
1493 4594 7
1493 5536 8
1495 4890 10
1495 1501 4
1498 769 3
1498 3537 3
1500 966 6
1501 3282 5
1501 1603 7
1501 4757 10
1506 1928 4
1509 4907 8
1512 5573 6
1513 3445 2
253 3203 4
1529 4219 4
1529 3986 2
1529 5243 1
4226 3897 3
4226 3619 1
4226 3656 3
4226 3387 8
4226 5862 2
4226 4527 7
4226 5142 4
4226 5294 8
4226 2443 7
4226 3089 6
4226 4306 9
4226 3841 7
4226 4006 5
4226 4822 7
4226 4929 10
4226 1650 4
4226 3129 4
4226 3181 10
4226 2452 4
4226 3326 8
4226 5354 5
4226 3074 5
4226 2857 7
1541 2307 5
1541 1652 10
1541 2622 4
1541 1028 8
1541 2441 7
1541 1842 4
1541 1799 10
1541 2953 2
1541 4732 10
1541 5828 8
1541 2267 5
1541 3737 7
1542 4280 7
1542 3791 4
1542 3987 4
1556 5018 9
1556 2870 9
1556 2045 3
1556 3837 1
1556 4240 2
1556 3763 9
1556 4224 7
1556 4172 8
1556 4258 3
1556 2962 8
1556 5739 8
1556 4980 2
1561 3471 5
1561 4288 8
1569 2943 2
1569 4735 2
1569 5243 7
1569 4894 9
1569 3743 10
1569 2439 9
1569 5068 3
1569 2113 8
1569 4774 1
1569 5166 1
1569 5611 6
1569 5082 4
1569 4219 7
1569 3320 8
1569 4594 10
1569 5366 7
1569 4104 7
1569 3559 4
1569 3986 9
1569 2670 9
1569 5820 5
1569 5710 7
1569 4676 4
1569 4606 8
1572 2999 3
1572 3820 5
1572 2698 1
1572 4039 3
1575 2288 5
1580 5601 4
1580 3579 2
1580 3841 5
1580 2343 8
1580 2901 4
1580 4845 10
1580 2088 3
1580 2698 10
1583 4017 3
1583 1993 4
1583 4662 5
1583 4308 8
1583 3823 10
1583 5100 2
1597 3421 5
1597 2354 8
1597 867 4
1597 4391 8
1597 2815 1
1597 4835 9
1597 4918 1
1597 4690 10
1597 4158 3
1597 2910 9
1597 2060 10
1597 4214 1
1597 3595 4
1597 4670 6
1597 4818 10
1597 1908 3
1597 5584 9
1597 5560 7
1597 3599 10
1597 4070 4
1597 4071 4
1597 2922 10
1597 2088 7
1597 2698 9
1601 282 6
1601 4084 3
1601 1662 10
1601 2789 5
1601 5740 5
1601 5039 3
1601 2130 4
1601 3604 1
1603 2953 9
1603 4757 6
1604 2190 7
1604 2908 6
1604 2398 4
1604 1779 7
1604 867 4
1604 1790 10
1604 4391 1
1604 2463 2
1604 2698 2
1604 4791 5
1607 755 8
1607 2327 7
1607 2022 1
1607 3479 4
1607 3014 9
1607 4829 2
1607 4007 6
1610 3858 10
1610 4638 9
1610 2530 7
1610 5575 9
1610 2991 4
1610 3261 8
1610 3796 7
1610 4529 2
1613 5166 9
1613 3391 3
1613 3986 6
1613 4735 1
1613 5243 3
1613 5082 5
1613 2771 9
1613 4219 3
1613 5787 4
1613 4774 8
1613 5366 2
1613 5536 10
1615 5573 10
1616 3558 2
1616 769 5
1616 3950 5
1616 1887 8
1616 3555 9
1616 2495 7
1616 3537 6
1630 5018 9
1630 2094 3
1630 5127 7
1630 2454 6
1630 3950 7
1630 3558 8
1630 3035 1
1630 2495 1
1630 2306 4
1630 2039 7
1630 2641 3
1637 5573 10
1644 4549 9
1646 3881 9
1646 3841 1
1646 2088 2
1646 2698 4
1650 3656 10
1650 5294 9
1650 2698 9
1652 4507 6
1652 2614 2
1652 1028 2
1652 3987 7
1652 2441 3
1652 5066 1
1652 2953 7
1652 5313 3
1652 2509 7
1654 282 6
1661 3471 2
1661 2633 6
1662 4084 3
1662 4735 1
1662 2789 8
1662 2130 4
1662 5740 4
1662 4262 6
1662 2157 5
1662 4488 2
1662 5166 10
1662 4511 8
1662 4894 3
1662 3318 3
1662 4923 9
1662 3559 10
1662 4676 5
1662 4606 6
1662 3940 9
1663 3975 8
4251 1866 4
4251 2229 9
282 4084 8
282 2789 4
282 3686 5
282 2157 1
282 4923 8
282 5740 5
282 2432 1
282 4117 5
282 2130 10
282 3604 10
282 3940 8
282 5039 6
1685 4999 6
1691 3208 9
4516 3986 5
1228 5371 2
1228 2926 10
1705 4750 2
1706 755 5
1715 769 2
1728 4484 3
1728 2327 5
1728 2344 8
4710 3445 8
4710 2406 8
1757 3427 2
1757 2838 1
1757 2490 5
1757 4465 7
1759 2606 8
1759 4024 7
1759 5166 9
1760 4168 1
1760 2167 2
1760 1028 10
1767 363 4
4837 2919 2
4837 5512 2
4837 3670 9
4837 4094 7
1776 5884 3
1776 2502 4
1776 5198 4
1777 3986 5
1779 2190 1
1779 5337 9
1779 3208 3
1779 3841 4
1779 4670 7
1779 3421 5
1779 867 4
1779 4070 5
1779 1790 5
1779 2908 1
1779 3431 3
1779 2698 9
1779 4690 4
1789 3987 5
1789 5311 2
1790 4670 3
1790 4818 3
1790 1908 1
1790 3421 8
1790 2354 9
1790 2073 9
1790 2088 1
1790 3599 3
1790 2698 3
1796 3756 10
3282 2953 10
3282 4757 5
1799 2187 9
1799 1028 6
1799 3987 3
1799 1923 8
1799 363 3
1799 2509 5
1801 5343 4
1804 3986 2
1813 966 4
1813 2055 8
1813 5266 1
1813 1903 6
1813 3504 1
1813 5860 1
1813 4448 1
1813 5431 3
1813 3552 3
1813 4549 3
1813 5428 3
1813 3099 7
1813 2290 8
1813 4950 1
1813 4385 8
1813 4175 3
1818 3966 8
1818 5062 2
1818 5452 4
1827 5097 7
1827 3987 5
1827 4302 7
1827 5371 1
1827 2926 1
1828 5443 10
1828 5363 10
1832 3583 2
1832 3280 3
1836 4750 6
1839 3987 5
1841 2698 1
1842 2187 8
1842 2614 4
1842 1028 7
1842 2307 2
1842 3467 2
1842 5066 10
1842 4627 9
1842 1923 5
1842 3190 9
1842 3987 6
1842 3174 2
1842 2509 4
1843 4220 10
1843 4264 10
1843 2516 2
1843 5824 6
1844 3626 1
1844 2825 7
1857 1967 7
1857 2442 9
1857 2853 10
1864 2509 6
1864 4673 3
1864 1966 9
1864 2329 9
1864 3604 9
5343 3387 10
5343 4622 6
5343 2570 7
5343 2346 8
5343 3280 4
1866 2229 1
1868 3471 7
1871 5134 3
1873 4499 2
1873 5687 6
1873 2525 9
1875 769 8
1875 2454 6
1875 3537 1
1258 2187 5
1258 3398 2
1879 2853 1
1882 2306 2
1885 2312 3
1885 2741 5
1885 3756 7
1885 3878 1
1885 2292 1
1885 3413 6
1885 4954 9
1885 3203 7
1885 1430 6
1885 3704 4
1885 1980 6
1885 3238 9
1885 5591 6
1885 4108 1
1885 5679 4
1887 5573 9
1887 3715 1
1887 5739 9
1887 5018 7
1887 3332 8
1887 4582 7
1887 4484 5
1887 3950 4
1887 4019 1
1887 2094 6
1887 4022 1
1887 2117 6
1887 769 2
1887 3388 7
1887 2778 10
1887 3537 3
1887 3934 2
1887 2577 1
1887 2454 9
1887 3212 10
1887 2306 2
1893 4539 9
1903 3377 3
1903 966 8
1903 2055 5
1903 3504 5
1903 5860 5
1903 4448 2
1903 5431 1
1903 3552 10
1903 5451 7
1903 4549 1
1903 5803 5
1903 2290 3
1903 4950 9
1903 4385 10
1903 4175 10
1908 3985 6
1908 1993 7
1908 5286 4
1908 3421 10
1908 2354 9
1908 4391 1
1908 2108 1
1908 4791 10
1908 2251 2
1908 2028 4
1908 2204 4
1908 5337 1
1908 4214 9
1908 2088 3
1908 5024 6
1908 4670 1
1908 4818 10
1908 3841 6
1908 3599 4
1908 2595 3
1908 3931 4
1908 2973 3
1908 2922 7
1908 2190 5
1908 4825 10
1908 3208 10
1908 2734 10
1908 2048 5
1908 4070 2
1908 2145 3
1908 2698 9
1909 4549 1
1909 4175 4
5750 3334 3
1928 4031 7
1928 3387 2
1928 2695 2
1928 3074 2
1928 5142 5
1928 5306 10
1928 5198 3
1928 2549 9
1928 2188 6
1928 3011 7
1928 2698 9
1928 2937 8
1928 5676 3
1933 2327 1
1933 3014 2
1933 5127 5
1933 4829 8
1936 5166 1
1936 5536 2
1936 3986 7
1936 4735 3
1936 5082 1
1936 4594 8
1936 4219 5
1936 5068 7
1936 5243 3
1936 3743 9
1936 5366 2
1939 4979 5
1939 4219 5
1944 966 1
1944 4448 9
1944 5558 9
1944 3504 6
1952 2941 5
1961 4177 2
1961 755 7
1961 2327 9
1961 2353 5
1961 3353 3
1961 4952 8
1961 3479 6
1961 3189 1
1961 3014 4
1961 4836 10
1961 5739 8
1961 2455 1
1961 3763 7
1961 4582 6
1961 4484 7
1961 5573 1
1961 4585 1
1961 3950 4
1961 5249 6
1961 3558 9
1961 2184 7
1961 769 6
1961 4508 2
1961 2094 2
1961 5127 8
1961 4048 1
1961 2495 8
1961 3537 5
1961 2641 9
1961 3934 10
1961 4074 3
1961 2045 2
1961 3033 7
1961 3474 10
1961 3035 10
1961 5519 8
1961 4829 1
1961 3562 4
1963 3415 5
1964 5253 1
1964 4431 2
1964 1016 6
1964 3257 2
1964 3583 8
1965 4175 10
1966 3604 5
1967 3712 5
1967 2442 8
1967 5626 9
1980 3238 6
1980 3878 2
1980 2741 9
1980 5391 3
1980 3264 3
1980 4565 9
1980 2292 1
1980 3130 6
1980 4954 8
1980 1430 9
1980 3413 7
1980 3203 8
1980 5591 8
1980 4108 2
1980 5679 10
1987 2698 1
1992 4814 8
1993 4616 8
1993 4845 1
2000 3089 3
2000 3129 9
2000 2452 5
2000 5862 1
2000 4006 8
2000 3656 10
2000 5294 1
2000 2443 4
2000 4929 8
2000 4306 3
2006 4971 8
2006 3218 2
2015 2063 3
2015 5369 2
2018 2495 5
2020 769 6
2020 3537 1
2022 2327 3
2022 3033 7
2022 4240 4
2022 2094 3
2022 3558 4
2022 2495 2
2022 4829 2
2022 4836 1
2022 3014 7
2023 4416 4
2023 3681 7
2025 2698 10
2028 4825 10
2028 3208 3
2028 4797 7
2028 5282 5
2028 2206 10
2028 3841 8
2028 2463 10
2028 2706 1
2028 5372 3
2028 2542 4
2028 5185 3
2028 2398 7
2028 4791 10
2033 2778 5
2033 3950 9
2039 5018 1
2039 2094 3
2039 5126 1
2039 4484 3
2039 3950 7
2039 4829 3
2039 2654 2
2039 2306 10
2039 2641 6
2047 4907 1
2048 4670 5
2048 4818 10
2048 2908 7
2048 3421 10
2048 2354 10
2048 5337 5
2048 4070 5
2048 2088 10
2048 3599 6
2048 5397 2
2048 2698 10
2048 4690 8
2048 4214 1
2049 2108 8
2055 5860 1
2055 4385 2
2055 966 6
2055 5428 7
2055 5803 1
2055 4448 6
2055 2805 8
2055 5431 3
2055 4175 2
2055 5451 7
2055 4549 8
2055 4253 5
2055 3504 5
2059 4813 5
2063 2946 10
2063 3130 10
2063 3264 6
2063 1430 10
2063 3878 4
2063 3704 7
2063 4954 9
2063 4637 8
2063 3413 4
2063 5679 8
2063 3374 1
2063 5855 2
2063 5558 3
2063 5591 1
2063 4108 7
2063 2625 6
2073 2190 4
2073 3841 1
2073 3208 9
2073 2088 10
2073 2698 10
2074 2826 3
2074 3859 9
2074 2698 9
2074 5644 1
2076 2548 3
2076 2275 5
2076 2633 7
2076 4382 6
2076 2510 6
2076 4506 6
2076 5459 8
2076 4343 7
1829 1923 1
1829 5066 6
1829 1829 7
2085 3471 4
2085 2633 1
2085 3660 1
2085 4288 10
2085 2825 1
2085 4863 9
2088 3985 9
2088 3421 7
2088 2354 7
2088 867 4
2088 4391 6
2088 2108 7
2088 4690 2
2088 4791 7
2088 3619 4
2088 3656 5
2088 2908 9
2088 2204 9
2088 4214 9
2088 5337 8
2088 2706 8
2088 5294 5
2088 4321 2
2088 5185 8
2088 4670 6
2088 3841 8
2088 3599 10
2088 2343 8
2088 2398 10
2088 4070 4
2088 5475 4
2088 2973 5
2088 2922 2
2088 3431 9
2088 3884 10
2088 2190 10
2088 4825 10
2088 3910 7
2088 4904 9
2088 5514 1
2088 2698 9
2088 5024 4
2088 2145 7
2088 2463 1
2088 134 10
2088 2857 9
2090 4288 1
2090 4868 10
2091 3471 3
2091 2633 3
2091 3660 9
2091 5074 4
2094 755 7
2094 2327 9
2094 3479 1
2094 3014 3
2094 4836 2
2094 4278 3
2094 3763 6
2094 3950 4
2094 4750 3
2094 4324 4
2094 5127 7
2094 3558 5
2094 5800 6
2094 3537 1
2094 2641 1
2094 4048 7
2094 2045 8
2094 3033 9
2094 2371 3
2094 3035 9
2094 2495 10
2094 4829 7
2094 2306 9
2094 4412 4
2108 2908 8
2108 2186 7
2108 4070 7
2108 3599 8
2108 2698 9
2108 4690 7
2108 4214 3
2113 5166 2
2113 4511 4
2113 3696 9
2113 4735 8
2113 4262 3
2113 5082 3
2113 5611 3
2113 2448 2
2113 3550 4
2113 4219 10
2113 3559 5
2113 4676 9
2113 5366 7
2113 5536 10
2117 3388 3
2117 4022 10
2117 3950 3
2117 2778 9
2119 2302 8
2119 4582 6
2119 5586 7
2119 4220 10
2119 2306 5
2119 2226 4
2121 2187 4
2121 3583 4
2121 3267 3
2121 4539 2
2121 5470 7
2121 3280 10
2126 5166 5
2126 5068 9
2126 5243 4
2126 5611 1
2126 4811 4
2126 4594 4
2126 3743 7
2130 4084 5
2130 2789 4
2130 5740 1
2130 5039 1
2130 3604 3
2143 4814 7
2143 2698 9
2144 3445 10
2144 2521 8
2145 2354 4
2145 867 4
2145 2908 3
2145 4214 9
2145 5024 1
2145 4670 5
2145 4818 7
2145 3881 4
2145 4070 1
2145 3884 1
2145 3910 7
2145 2698 2
2157 2789 5
2157 4923 5
2162 5536 10
2162 4735 4
2162 5243 5
2162 4594 3
2162 5068 10
2162 3743 5
2164 2509 5
2164 3166 8
2329 3987 2
2329 5066 2
2329 4408 2
2180 3986 4
2182 5391 4
2182 5484 9
2182 4954 5
2182 1430 8
2182 3203 3
2182 5591 10
2184 4829 4
2187 5043 3
2187 3280 10
2187 3334 9
2187 3267 2
2187 3615 1
2187 4873 3
2187 4539 10
2190 4670 7
2190 4818 6
2190 3421 6
2190 2354 1
2190 3599 10
2190 2698 7
2190 4999 8
2191 2327 10
2201 3471 3
2201 2633 8
2201 2825 5
2204 4670 4
2204 2908 3
2204 3421 4
2204 2354 8
2204 4214 8
2204 4070 1
2204 4391 2
2204 3599 4
2204 2922 4
2204 2698 4
2204 4690 2
2204 5024 9
2206 2251 10
2206 2734 8
2206 3421 4
2206 2901 2
2206 2698 2
3351 3950 6
3351 2727 7
3351 2454 8
3351 2778 7
3351 3537 1
3351 4258 1
2221 4504 2
2226 2302 3
2226 5143 6
2226 4402 9
2226 2306 4
2227 3471 5
2227 3097 2
2227 5074 4
2229 5861 10
2229 3453 7
2229 3741 9
2229 4881 1
2229 2464 4
2229 5040 8
2229 5165 4
2229 4035 6
2239 4845 5
2245 4024 2
2252 3763 7
2252 2327 3
2261 2251 5
2261 2698 7
2275 5459 9
2288 3504 4
2288 5431 2
2288 4950 3
2288 4385 8
2288 4175 8
2288 3552 10
2290 5860 9
2290 966 2
2290 5428 4
2290 5803 3
2290 4448 6
2290 5431 3
2290 5451 2
2290 4385 8
2290 4175 6
2290 4549 6
2290 2805 4
2290 3504 3
2292 4122 6
2292 3748 2
2292 3203 6
2292 3704 2
2292 4637 10
2292 4182 10
2292 4210 4
2292 5558 10
2292 5391 10
2299 4873 9
2299 4363 7
2299 5800 4
2299 3901 1
2302 4582 4
2302 3950 6
2302 3035 1
2302 2306 10
2302 5586 6
2305 5573 5
2306 4177 10
2306 3353 10
2306 3189 2
2306 2454 1
2306 2654 7
2306 5739 9
2306 4582 6
2306 5143 9
2306 4812 5
2306 4019 1
2306 5586 8
2306 769 10
2306 5018 1
2306 5413 6
2306 3555 5
2306 5800 6
2306 4220 1
2306 4473 5
2306 3537 9
2306 3048 4
2306 2577 10
2306 2900 8
2306 3388 4
2306 3474 1
2306 3035 5
2306 3212 1
2306 4412 2
2307 3423 5
2307 4014 8
2307 2953 9
2307 3166 3
2307 4060 1
2312 4122 3
2312 5391 10
2312 4000 9
2312 3203 8
2312 2603 7
2322 5322 9
2322 4465 6
2322 5800 4
2322 4839 6
2322 2838 4
2327 421 7
2327 3353 8
2327 5223 8
2327 3479 6
2327 5092 10
2327 3014 1
2327 2348 9
2327 4278 2
2327 3763 4
2327 3304 5
2327 2727 1
2327 5249 5
2327 4508 9
2327 5127 3
2327 2517 10
2327 4007 1
2327 4048 1
2327 2045 6
2327 3033 6
2327 2455 10
2327 3035 7
2327 4829 8
2327 3562 7
2177 2564 5
2177 4148 4
2335 5787 1
2343 2251 7
2343 3579 2
2343 5514 2
2343 2698 3
2345 5573 3
2348 4836 10
2354 867 7
2354 4391 7
2354 4690 1
2354 2908 3
2354 4214 6
2354 5024 10
2354 3841 8
2354 3599 7
2354 4070 2
2354 3208 10
2354 2698 4
2366 2778 6
2369 5294 3
2370 4132 7
2370 5669 6
2371 3756 7
2371 4484 1
2394 5611 2
2394 5243 6
2398 2251 2
2398 5286 8
2398 4621 6
2398 5301 6
2398 2698 9
2406 2953 9
2409 2564 2
2409 5279 2
2410 3130 7
2410 1430 2
2410 3203 5
2410 5591 5
2410 4108 10
2432 4923 1
2436 3446 5
2436 4616 5
2436 2901 8
2436 4149 5
2436 4845 4
2436 2698 10
3387 3011 2
3387 3604 2
3387 2926 6
2441 1028 7
2441 3987 6
2441 4507 8
2441 3535 1
2441 2509 4
2441 3166 6
2442 4868 6
2442 2853 5
2443 3089 4
2443 3656 10
2443 4306 3
2443 2452 6
2443 5862 8
2443 4006 6
2443 4822 6
2443 5294 8
2443 4929 10
2447 3987 7
2447 4408 6
2452 3129 1
2452 3845 10
2452 3656 7
2452 4822 7
2452 5294 8
2452 3347 4
2454 4177 7
2454 2654 9
2454 5739 10
2454 3763 2
2454 3950 1
2454 769 10
2454 3555 8
2454 2778 2
2454 3537 6
2454 3558 2
2454 4074 3
2454 3388 1
2454 2495 5
2454 4829 10
2455 3763 5
2455 755 10
2455 5127 10
2455 3479 9
2455 3558 3
2455 3014 9
2455 2495 4
2455 4829 2
2455 4258 5
2456 755 6
2458 4332 7
2458 3524 9
2458 5352 3
2458 4376 5
2458 5668 10
2458 3261 9
2463 2251 6
2463 4547 7
2463 5286 10
2463 4621 5
2463 5301 8
2463 2698 9
2471 3902 3
2471 4506 7
2472 2641 6
2484 5166 8
2484 4511 10
2484 3986 4
2484 2439 4
2484 3559 4
2484 5243 7
2484 5116 8
2484 4219 10
2484 5857 9
2486 3151 1
2486 4267 3
2489 3537 8
2490 3746 9
2490 3084 5
2490 5620 8
2490 3010 10
2490 4383 4
2490 4839 3
2490 3902 9
2494 5493 10
2494 5440 10
2494 2821 2
2494 4580 3
2495 4177 4
2495 3014 2
2495 4582 1
2495 4484 7
2495 4750 3
2495 769 2
2495 3388 3
2495 3537 6
2495 4048 2
2495 3095 2
2495 3033 6
2495 5063 9
2495 3035 9
2495 3941 3
2499 3934 6
2505 3615 2
2505 2547 4
2505 4813 3
2505 3280 4
2509 3987 6
2509 5066 8
2509 4408 10
2509 3535 8
2509 4060 1
2510 3471 4
2510 2633 3
2510 2548 2
2510 2606 6
2514 5391 7
2514 5769 7
2514 3704 8
2514 4954 7
2514 3413 3
2514 3238 7
2514 3828 7
2514 5591 6
2514 4108 5
2517 4836 6
2517 3014 9
2521 3445 4
2530 4332 3
2530 3524 4
2530 5352 8
2530 4376 7
2530 5668 8
2530 3261 8
2539 4929 4
2542 3307 5
2542 2698 6
2548 4912 9
2548 5459 8
2548 3187 4
2548 3986 4
2548 5166 3
2548 2633 10
2548 981 7
2548 4554 6
2548 2825 5
2548 4024 5
2548 4930 1
2548 3471 10
2548 4382 7
2548 4506 5
2564 3250 2
2564 982 7
2571 4402 3
2571 2891 10
2571 3474 3
2577 3388 9
2577 4019 2
2580 4264 3
2603 3704 6
2606 3471 10
2606 2633 5
2606 5074 3
2606 4506 9
2606 4863 9
2608 3987 10
2608 1028 9
2610 3415 2
2610 3905 8
2612 4175 10
2622 3987 2
2622 3166 9
2625 2946 10
2625 1430 5
2633 2784 10
2633 4390 6
2633 4343 1
2633 5362 8
2633 4863 4
2633 4288 1
2633 981 6
2633 2825 4
2633 5008 2
2633 3097 5
2633 3660 9
2633 4382 10
2633 3184 9
2633 4506 3
2633 5175 4
2641 2654 10
2641 4394 2
2641 3950 10
2641 5227 9
2641 4959 8
2641 3035 10
2641 5126 7
2641 5018 6
2641 2778 8
2641 5751 7
2641 2693 9
2641 4829 8
2641 4107 10
2647 4385 3
2654 4402 2
2654 5739 3
2654 3332 9
2654 5249 4
2654 422 10
2654 3796 10
2654 3576 5
2654 769 1
2654 3388 5
2654 5800 4
2654 3537 3
2654 3474 4
2654 5519 7
2654 5736 4
2660 5198 10
4104 5166 9
4104 4511 3
4104 3986 10
4104 2439 7
4104 3559 9
4104 4262 4
4104 5082 1
4104 5611 9
4104 4219 7
4104 4735 6
4104 4676 6
4104 4488 1
4104 5366 7
4104 5536 1
2670 5166 7
2670 3986 2
2670 2439 3
2670 4735 3
2670 4894 1
2670 5082 1
2670 2771 6
2670 4219 4
2670 3320 6
2670 4811 7
2670 5243 5
2670 4606 9
2670 5536 10
2674 5884 7
2674 3619 9
2674 3453 3
2674 5667 2
2674 5192 9
2674 4726 5
2674 5198 2
2674 3718 4
2674 2857 3
2688 4673 4
2693 4177 5
2693 4873 4
2698 3985 7
2698 2706 3
2698 5523 9
2698 3619 2
2698 4368 1
2698 5185 5
2698 5102 4
2698 5024 2
2698 4006 8
2698 4929 7
2698 3181 10
2698 3538 5
2698 5282 1
2698 2901 3
2698 134 5
2698 4391 9
2698 2908 3
2698 2910 3
2698 4214 3
2698 5294 9
2698 4670 10
2698 4780 8
2698 3294 6
2698 4306 1
2698 3841 6
2698 5475 4
2698 4308 9
2698 3208 6
2698 4070 5
2698 867 7
2698 3669 4
2698 2922 7
2698 4690 7
2698 4791 5
2698 3307 10
2698 3656 1
2698 5862 9
2698 4321 10
2698 3415 10
2698 2857 9
2698 5601 3
2698 3421 1
2698 2864 9
2698 5337 5
2698 4818 3
2698 3881 2
2698 3599 3
2698 3431 9
2698 4621 9
2698 4904 6
2698 2973 9
2698 5514 6
2698 3884 10
2698 4825 4
2706 2251 6
2706 4818 1
2706 2734 10
2706 5286 3
2706 867 1
2706 4368 9
3172 3208 7
2721 4971 10
2721 4148 3
2727 755 2
2727 4484 9
2727 3033 9
2727 3479 1
2727 3189 9
2727 3014 7
2727 4829 8
2727 5736 4
2727 4007 4
2734 5185 5
2741 2946 10
2741 4565 4
2741 5769 2
2741 3704 3
2741 4954 3
2741 1430 5
2741 5558 1
2741 3878 4
2741 4108 9
2742 3427 1
2742 4465 2
2766 3415 2
2766 5669 1
2771 3986 8
2771 4735 7
2771 5243 6
2771 5116 1
2771 5857 7
2771 3743 9
2771 5068 9
2771 4774 6
2771 3568 5
2771 5166 1
2771 4894 3
2771 2439 1
2771 4594 10
2771 4219 3
2771 4676 4
2771 3074 1
2777 3604 1
2778 4177 3
2778 3189 6
2778 3715 4
2778 5739 7
2778 4812 3
2778 769 5
2778 4022 8
2778 5018 1
2778 3555 6
2778 3537 4
2778 3934 5
2778 4074 1
2778 5063 3
2778 3474 6
2784 3471 1
2784 5074 7
2784 2825 9
2789 5740 4
2789 4084 9
2789 3604 7
2800 4175 4
2802 2901 5
2802 3446 1
2802 4616 9
2802 4845 8
2805 5860 9
2805 3504 6
2805 5428 1
2805 5803 2
2805 4448 5
2805 4385 3
2805 4175 2
2805 4549 5
2821 5748 7
2824 5738 7
2824 4873 9
2825 3187 9
2825 4735 3
2825 4382 1
2825 4343 3
2825 3814 7
2825 4288 6
2825 3338 10
2825 5459 4
2825 5008 7
2825 3471 6
2825 3660 4
2825 981 5
2826 3841 5
2826 5354 5
2838 4465 10
2846 5531 2
2848 4839 1
2849 3898 3
2857 4907 6
2857 5884 2
2857 4819 7
2857 4726 8
2857 3718 10
2857 5800 6
2857 4851 2
2864 3841 5
2864 3884 9
2867 3423 4
2867 4060 3
2870 4240 9
2875 4813 3
2887 4708 3
2887 3986 1
2891 4646 8
2891 3474 3
2895 4549 5
2900 4954 3
2900 3763 10
2900 3014 4
2900 5018 1
2900 3898 8
2900 4175 4
2900 5876 4
2901 2251 3
2901 4818 3
2901 4149 7
2901 4396 4
2901 4791 6
2903 3934 6
2908 3985 7
2908 4391 4
2908 2910 4
2908 5337 8
2908 4214 8
2908 4670 2
2908 3307 2
2908 3841 1
2908 3431 7
2908 2973 6
2908 5514 7
2908 3208 5
2910 4670 2
2910 3208 1
2910 867 3
2910 4391 6
2910 4368 10
2910 5024 8
2919 3670 3
2919 3445 2
2922 3208 3
2922 3985 6
2922 3599 7
2922 3421 5
2922 3841 7
2922 4391 1
2922 5024 6
2926 5294 4
2935 4735 9
2935 4465 4
2937 3280 1
2937 4408 7
2941 4665 8
2941 3474 9
2943 3986 8
2943 4735 7
2943 4894 6
2943 4262 9
2943 4774 8
2943 4488 7
2943 5166 6
2943 4511 8
2943 2439 3
2943 5082 2
2943 4594 6
2943 4219 7
2943 5459 8
2943 3471 8
2943 3391 8
2943 3559 3
2943 5710 8
2946 3130 8
2946 4954 4
2946 1430 5
2946 5591 1
2946 4108 6
2946 5679 1
2953 4280 8
2953 3987 9
2953 3791 9
2953 4507 10
2953 3975 10
2953 5311 5
2953 5313 8
2953 1028 4
2953 3535 10
2953 4949 8
2953 4408 5
2953 4732 8
2954 3820 4
2957 755 6
2962 4240 3
2962 4980 6
5829 4954 6
5829 3413 6
5829 4108 10
5829 1430 9
2968 4868 5
2968 2853 4
5849 5669 3
2973 4070 10
2973 4214 9
2973 3599 7
2973 4690 10
2973 3696 9
2974 5591 9
2974 3130 3
2974 4108 9
2985 4813 10
2991 4376 7
2991 3796 8
2991 5575 3
2999 4905 2
2999 3599 3
2999 4391 5
134 4670 3
134 3421 3
3010 3746 2
3010 3904 4
3010 3902 1
3010 4383 7
3011 3398 2
3014 4790 1
3014 3353 8
3014 3479 7
3014 5092 5
3014 4836 8
3014 4278 5
3014 3763 6
3014 4484 9
3014 3950 9
3014 5249 3
3014 4508 5
3014 5340 6
3014 5127 10
3014 3558 4
3014 5800 3
3014 4007 5
3014 4048 6
3014 2045 10
3014 3033 10
3014 3035 8
3014 4829 1
3014 4412 3
3033 3763 9
3033 3558 4
3033 2045 7
3033 4484 9
3033 5127 3
3033 3479 4
3033 755 9
3033 3035 2
3033 3950 9
3033 4829 10
3033 4836 1
3033 4792 8
3035 4790 3
3035 3353 8
3035 4836 3
3035 3763 9
3035 5018 2
3035 4484 2
3035 3950 9
3035 5249 3
3035 5340 10
3035 5127 4
3035 3558 9
3035 2045 8
3035 5063 6
3035 4829 7
304 3902 5
3043 5667 6
3043 3718 1
421 755 8
421 5127 7
421 3479 4
421 1354 2
421 4007 7
3059 1430 2
3064 4851 2
3083 5884 7
3083 4726 5
3084 5336 6
3084 4809 8
3084 4085 4
3084 3902 4
3086 755 9
3089 3840 2
3089 3845 4
3089 2218 9
3089 5294 5
3089 3347 6
3090 3656 1
3099 4385 4
3099 5431 7
3099 3504 10
3099 4175 9
3103 2853 2
769 4177 4
769 3189 7
769 3715 6
769 3810 9
769 5739 7
769 4484 2
769 3950 10
769 4812 9
769 3555 3
769 3558 10
769 3537 7
769 3934 8
769 4074 7
769 3388 2
3119 5294 4
3129 4306 8
3129 5862 6
3129 4006 9
3129 4822 2
3129 5294 3
3129 4929 6
3130 4565 10
3130 4954 2
3130 5558 8
3130 1430 1
3130 4637 5
3130 3878 3
3130 5679 9
3130 4987 8
3130 3704 2
3130 3238 7
3130 3413 10
3130 3756 5
3130 5391 2
3130 3203 10
3130 5758 6
3130 4108 9
893 4408 10
893 5772 5
3137 4347 4
3137 3898 8
3137 3218 9
3137 5876 8
3137 4971 5
3137 4148 5
3138 3987 3
3138 1028 8
3142 4873 1
1028 3535 8
1028 3975 4
1028 5828 2
1028 3166 4
363 5800 1
363 4813 7
3166 3711 9
3166 4280 8
3166 5200 3
3166 3987 3
3166 4060 3
3166 1923 10
3166 3791 6
3166 4507 6
3166 5311 7
3166 5313 6
3166 3174 4
3166 2614 1
3166 3181 2
3166 3467 4
3166 4119 6
3166 3535 3
3166 5236 8
3166 4949 2
3166 5066 10
3166 3393 9
3166 4792 3
3169 3388 4
3169 4019 1
1114 5097 6
3174 5828 2
3178 3095 8
3184 3471 6
3184 3626 5
3184 4382 9
3184 5074 5
3184 4554 5
3187 4912 7
3187 3660 8
3187 4382 6
3187 4288 3
3187 5074 5
3189 3537 4
3189 4074 4
3190 1923 5
3208 3421 10
3208 2251 1
3208 4214 2
3208 4670 1
3208 4818 3
3208 4797 6
3208 3599 2
3208 4070 8
3208 3884 2
3208 3910 6
3212 5018 1
3212 3950 4
3218 4347 10
3218 3898 7
3218 5800 3
3218 5651 4
3218 5876 5
3218 4148 2
3238 3704 6
3238 5591 1
3238 4565 1
3238 4954 4
3238 1430 5
3238 3413 5
3238 3203 10
3238 3878 9
3238 5391 4
3238 4108 10
3238 5679 8
3241 3203 5
3241 4172 9
3257 4539 7
3257 3267 8
3261 4332 4
3261 3524 1
3261 5352 4
3261 4638 6
3261 4376 7
3261 5668 7
3261 4529 7
3264 3704 4
3264 4122 9
3264 5591 8
3264 4565 10
3264 3756 9
3264 3413 2
3264 4954 4
3264 4000 9
3264 3203 9
3264 3828 4
3264 3878 3
3264 5391 6
3264 4108 9
3264 5679 6
3267 3334 7
3277 5558 9
3280 5043 7
3280 4813 9
3280 4873 9
3280 5685 7
3300 5082 8
3306 3334 3
3307 3841 8
3307 5282 10
3307 4070 6
3318 4735 6
3318 3743 7
3320 5166 9
3320 3986 6
3320 2439 10
3320 4735 5
3320 5082 6
3320 4511 3
3320 5611 8
3320 4219 4
3320 2961 9
3320 5243 6
3320 3743 8
3320 4606 2
3320 5366 1
3320 5536 8
2045 755 1
2045 3353 8
2045 3479 1
2045 4836 4
2045 3763 9
2045 4484 2
2045 4508 2
2045 4750 3
2045 5127 6
2045 3558 3
2045 5800 10
2045 4048 3
2045 4829 3
2045 3203 3
2045 3562 9
4511 3986 2
4511 4735 1
4511 5116 9
4511 3743 9
4511 4262 9
4511 5068 1
4511 5166 7
4511 5536 2
4511 2439 6
4511 5082 10
4511 4219 10
4511 4594 4
4511 5366 4
4511 3391 4
4511 3559 5
4511 5710 1
4511 4676 1
3332 5018 6
3332 199 4
3332 3950 8
3332 3388 8
3334 3546 6
3334 4585 2
3334 5889 2
3334 4153 4
3334 5215 10
3334 3901 8
3338 4912 2
3345 4347 9
2218 5068 2
3353 3763 9
3353 4790 10
3353 4720 2
3353 5127 8
3353 4836 6
3353 5340 7
2251 5601 1
2251 3841 3
2251 5185 5
2251 4791 1
3370 3670 4
3371 5363 6
3374 5369 1
2439 3986 3
2439 4735 1
2439 5243 8
2439 4894 3
2439 5116 8
2439 5857 9
2439 3743 2
2439 3568 3
2439 4262 1
2439 4488 7
2439 5166 9
2439 5611 10
2439 5536 4
2439 5082 1
2439 4219 6
2439 5569 5
2439 4594 9
2439 5366 6
2439 5068 8
2439 3391 7
2439 3559 4
2439 5710 2
2439 4676 3
2439 4606 3
3388 5739 8
3388 4582 4
3388 4019 7
3388 4022 4
3388 4007 9
3388 3537 7
3388 3558 2
3388 3474 3
3391 3986 2
3391 5166 1
3391 3559 5
3391 4262 4
3391 5082 6
3391 3471 2
3391 4219 8
3391 4735 5
3391 4488 5
3391 4676 6
3391 5536 7
3402 3841 6
3413 4565 7
3413 4954 4
3413 1430 10
3413 3748 3
3413 3878 8
3413 3756 9
3413 5679 8
3413 3704 5
3413 5591 8
3413 5391 10
3413 3203 1
3413 3828 10
3413 4108 10
3415 3905 6
3415 5669 9
3421 3985 7
3421 867 7
3421 4391 1
3421 4214 9
3421 5024 3
3421 4670 6
3421 4818 5
3421 3841 7
3421 3599 8
3421 4070 7
3422 5166 7
3422 3471 8
3422 4912 10
3422 3986 9
3422 3559 9
3422 4506 10
3422 5082 4
3422 4594 3
3422 4219 3
3422 5459 8
3422 5857 2
3422 4606 10
3423 3987 1
3427 5322 3
3427 4465 1
3427 4064 3
3431 4818 8
3431 3841 5
3431 4070 9
3431 4214 10
3431 4690 6
3445 4387 9
3445 5097 8
3445 3589 4
3445 4743 7
3445 5881 2
3445 3879 4
3445 4094 8
3445 4991 10
3446 4149 8
3446 4845 10
3446 4616 8
3453 4907 10
3453 4726 8
3453 3718 2
3471 4735 7
3471 4390 8
3471 4912 10
3471 3814 7
3471 4863 8
3471 5662 5
3471 5082 7
3471 4288 1
3471 5800 6
3471 5459 7
3471 5366 9
3471 5172 8
3471 3660 3
3471 4382 7
3471 3473 1
3471 5175 7
3474 3950 3
3474 4402 4
3474 4338 4
3479 5092 9
3479 4836 3
3479 4278 6
3479 3763 8
3479 1354 2
3479 5249 1
3479 4508 3
3479 5127 5
3479 4048 4
3479 3537 10
3479 3558 3
3479 4829 2
3479 4412 4
3479 3941 9
3496 4529 1
3203 4565 9
3203 3850 9
3203 1430 10
3203 4637 5
3203 5679 2
3203 3878 7
3203 3704 3
3203 5591 7
3203 4954 5
3203 5391 9
3203 5855 3
3203 4108 1
3504 5266 3
3504 5860 5
3504 4448 10
3504 5431 5
3504 4814 7
3504 5451 8
3504 3552 8
3504 4549 8
3504 5428 7
3504 5803 3
3504 4385 4
3504 4175 5
3524 4332 2
3524 5352 7
3524 4376 5
3524 5668 8
3526 4306 6
3535 3987 3
3535 4507 3
3537 4177 8
3537 3715 4
3537 3810 3
3537 5739 1
3537 4278 8
3537 3763 1
3537 3950 8
3537 4812 6
3537 3555 10
3537 3558 5
3537 3934 7
3537 3095 3
3537 4074 9
3537 4829 2
3537 4412 1
3538 4818 4
3538 4017 5
3538 5100 8
3538 3657 8
3552 4814 9
3552 966 5
3552 5803 7
3552 4950 9
3552 4175 5
3552 4549 8
3552 5266 9
3555 3950 1
3558 4177 10
3558 755 4
3558 4582 3
3558 4484 4
3558 4750 4
3558 5127 1
3558 4048 8
3558 3095 3
3558 5063 4
3558 3941 10
3559 4735 5
3559 2961 10
3559 3743 5
3559 4979 8
3559 5166 1
3559 5611 7
3559 5082 4
3559 4219 10
3559 5366 8
3562 3763 8
3562 5127 5
3568 5166 2
3568 5787 9
3568 4735 10
3568 4894 7
3568 5082 5
3568 5569 3
3568 5116 4
3568 4676 3
3576 5018 2
3579 4149 9
3583 4539 4
3599 3985 9
3599 4391 8
3599 5024 5
3599 4039 7
3599 4321 3
3599 4214 3
3599 4904 8
3599 5475 2
3599 3820 9
3604 4084 5
3604 5066 6
3604 4408 3
3604 3987 2
3607 4907 7
3610 4136 1
3610 5348 4
3610 5139 1
3610 3919 6
3615 4622 5
3619 5884 3
3619 4726 8
3619 5669 1
3619 4851 3
3626 5166 1
3626 4024 1
3627 4408 9
3627 5313 2
3634 1923 2
3634 2614 9
3650 2853 1
3656 3841 3
3656 5294 5
3660 4912 10
3660 3986 7
3660 4735 4
3660 4382 5
3660 4390 2
3660 5074 9
3660 4506 3
3660 3814 2
3660 4930 9
3660 4863 10
3660 3858 2
3660 5082 5
3660 4288 7
3660 4554 6
3660 981 5
3660 5459 7
3660 5366 8
3660 5501 6
3660 5175 4
3670 4959 2
3681 4504 4
3684 4549 6
3684 4175 4
3704 4565 10
3704 4954 5
3704 4504 4
3704 3748 10
3704 3747 10
3704 4637 1
3704 3756 2
3704 5679 7
3704 1430 10
3704 5591 8
3704 4122 3
3704 5391 7
3704 3828 9
3711 5800 4
3712 5672 1
3712 4868 1
3712 2853 7
3718 4907 9
3718 5884 8
3718 4726 4
3718 5198 1
3719 3987 1
3737 5113 7
3743 5787 5
3743 3986 1
3743 5243 1
3743 4894 3
3743 4811 9
3743 4735 9
3743 4262 7
3743 4488 8
3743 5820 7
3743 5166 9
3743 5536 2
3743 5082 10
3743 4594 1
3743 4219 4
3743 5459 6
3743 5366 4
3743 5068 9
3743 5710 10
3743 4676 8
3744 4813 2
3746 5155 7
3746 5620 4
3746 4383 5
3746 4839 7
3746 3902 2
3748 4637 5
3748 5558 5
3748 4182 6
3755 5313 7
3756 3878 2
3756 4954 8
3756 1430 6
3756 5591 5
3756 4108 8
3756 5679 4
3763 4278 5
3763 4484 1
3763 5573 6
3763 5249 9
3763 4508 6
3763 3877 1
3763 4048 3
3763 5063 5
3763 4172 3
3763 4829 4
3763 4258 7
2614 4619 2
2614 4627 9
2614 4060 6
3790 5369 2
3791 4619 3
3796 3858 3
3467 5828 1
3814 5459 1
3823 4017 7
3828 4954 5
3828 4108 1
3828 5679 4
3837 4172 2
3837 4240 9
3837 4258 2
3841 4316 1
3841 4690 2
3841 4214 8
3841 4670 10
3841 4070 1
3841 5800 3
3841 4308 1
3841 3884 4
3841 4825 10
3841 3910 2
3841 5372 3
3850 4172 6
3858 5575 3
3878 1430 10
3878 5591 1
3878 5391 10
3878 4108 10
3881 4904 10
3881 867 2
3881 4233 6
3884 4818 5
3884 5286 8
3902 5620 6
3902 5155 8
3902 4839 6
3910 4670 2
3910 4391 5
3919 4907 10
3919 5742 4
3923 5166 6
3923 3986 7
3923 4894 9
3923 4219 5
3930 5857 4
3930 3986 1
3934 5564 5
3940 4982 1
3940 3966 4
3940 4848 7
3940 5062 1
3940 5452 10
3950 4177 6
3950 5573 5
3950 5739 8
3950 4812 3
3950 4582 2
3950 5126 4
3950 4022 10
3950 5018 7
3950 4048 9
3950 3095 5
3950 4074 2
3966 5062 2
3966 4848 4
3966 5452 8
3975 4507 6
3985 4214 3
3986 4735 2
3986 4894 5
3986 5611 3
3986 2961 10
3986 4774 3
3986 5536 3
3986 5229 2
3986 5082 9
3986 4219 8
3986 3822 10
3986 4024 8
3986 5366 2
3986 4382 6
3986 4606 6
3987 5066 8
3987 4014 9
3987 5113 9
3987 4060 5
3987 5529 9
3987 5097 1
3987 4569 5
3987 4302 7
3987 5311 3
3987 5436 1
3987 4619 8
3987 4063 3
3987 1923 3
3987 4673 2
3987 5279 3
3987 5262 5
3987 4949 10
3987 4295 2
3987 5371 2
4005 5134 2
4007 4508 6
4007 4829 2
4017 4662 5
4017 4308 3
4017 5100 3
4019 4258 1
4022 199 7
4024 5166 1
4024 4288 9
4024 5074 1
4024 4267 3
4622 4750 2
4622 4873 7
4031 5354 2
4032 4813 8
4047 4175 6
4048 755 10
4048 4829 7
4048 4836 10
4048 5825 10
4060 1923 6
4060 5113 2
4064 4465 5
4070 5286 9
4070 867 10
4070 4391 6
4070 5337 2
4070 4214 2
4070 4670 2
4070 4818 3
4070 5024 6
4074 4959 4
4074 4829 9
4081 4408 4
4081 4813 1
4082 5068 9
4084 5740 5
4084 5039 8
4085 4809 2
4085 5336 9
4106 5354 10
4107 4177 8
4107 4873 7
4108 4565 5
4108 5591 8
4108 5769 4
4108 1430 2
4108 5679 9
4108 5391 10
4108 5064 10
4117 4119 1
4122 4954 2
4122 5679 6
4142 5369 4
4148 4347 9
4148 5800 2
4148 5876 4
4148 4971 9
4148 982 10
4149 4616 3
4168 4771 9
4168 5721 1
4172 5018 8
4172 4980 6
4172 4240 3
4172 4452 3
4174 5443 6
4174 5363 7
4175 966 3
4175 5266 7
4175 5860 4
4175 4448 6
4175 5431 8
4175 4814 3
4175 4549 6
4175 5428 2
4175 5803 7
4175 4950 9
4175 4385 10
4175 5855 10
4177 4402 4
4177 4836 7
4182 4637 3
4182 5558 7
4184 4347 6
4186 5113 10
1298 5787 10
1374 3941 6
4210 5049 10
4210 5558 1
4214 4391 6
4214 5337 1
4214 5024 3
4214 4825 6
4219 4735 5
4219 4894 8
4219 2961 10
4219 4262 8
4219 4774 8
4219 5820 1
4219 5166 6
4219 5611 4
4219 5536 6
4219 5082 4
4219 5800 3
4219 3822 2
4219 4594 9
4219 5366 10
4219 4676 4
4219 4606 4
4221 5803 2
4222 5363 3
4224 4240 5
4238 4306 2
4240 4980 7
4240 4258 3
4262 4735 4
4262 5243 3
4262 5857 8
4262 4488 10
4262 5166 9
4262 5536 6
4262 5082 3
4262 5366 4
4278 755 9
4278 5127 9
4278 4508 8
4278 4829 10
4278 4836 3
4280 4619 8
4283 5018 1
4288 4912 9
4288 5459 2
4288 4382 10
4288 5362 4
4288 4863 6
4288 4554 4
4288 4930 1
4288 5501 6
4288 5175 3
4302 1923 4
4302 5097 5
4302 5371 5
4308 4818 3
4308 5100 4
4316 4391 4
4324 4508 4
4324 4750 7
4332 5352 10
4332 4376 10
4332 5668 10
4343 4382 7
4345 4554 6
4347 5651 1
4347 4971 1
4347 982 7
4363 5470 7
4368 867 4
4368 4818 2
4374 4979 10
4378 4750 3
4380 4750 4
4382 5459 8
4382 4912 10
4382 5074 5
4382 5166 9
4382 4554 4
4382 5800 8
4382 5175 10
4383 5155 8
4383 5336 2
4383 5620 5
4385 966 2
4385 5266 7
4385 5860 3
4385 4448 5
4385 5431 5
4385 4814 9
4385 4549 5
4385 5428 10
4385 5803 3
4385 4950 1
4391 5024 7
4391 4690 6
4391 4670 3
4391 4818 6
4391 867 10
4395 5748 9
4402 5594 5
4402 5519 2
4408 5262 10
4408 5066 7
4408 4673 7
4412 755 9
4412 5127 7
4412 4829 2
4448 5860 10
4448 966 4
4448 5428 8
4448 5431 7
4448 4549 10
4452 5018 10
4465 5322 10
4465 5611 6
4465 4735 7
4465 5082 9
3095 5018 8
4475 5573 6
4484 5739 5
4484 5249 10
4484 4508 5
4484 4750 4
4484 5126 10
4484 5127 9
4484 4829 5
4486 5342 8
4486 4554 10
4488 5166 2
4488 4735 7
4488 5243 2
4488 4894 9
4488 5082 4
4488 5611 8
4488 5366 5
4488 5536 10
4504 4954 8
4504 1430 1
4506 4912 6
4506 3822 9
4506 4839 4
4507 5311 9
4508 755 9
4508 3304 10
4508 5127 4
4508 4829 6
4508 4836 1
4521 755 5
4539 5435 2
4549 966 8
4549 5860 4
4549 5431 5
4549 5451 3
4549 5369 10
4549 5428 5
4549 5800 5
4549 5855 7
4554 4912 9
4554 5317 8
4554 5006 1
4554 5800 6
4554 4863 6
4565 5591 5
4565 4954 3
4565 1430 2
4565 5391 5
4565 5679 5
755 5092 7
755 1354 4
755 5249 8
755 4829 5
755 3941 8
4580 4957 3
4594 5787 9
4594 5243 4
4594 4894 1
4594 4735 4
4594 4774 1
4594 5611 8
4594 5536 6
4594 5082 5
4594 5366 10
4594 4606 9
4605 4376 8
4606 4979 8
4606 5166 3
4606 4735 10
4606 4894 8
4606 5082 3
4606 2961 9
4606 5243 2
4616 5800 9
4616 4845 5
4619 1923 6
4621 4845 9
4621 4791 6
4637 5558 4
4646 5127 2
4652 5294 6
3304 4829 10
4670 867 10
4670 4690 7
4670 5337 8
4670 5024 7
4673 5066 6
4676 5787 8
4676 4735 7
4676 5243 7
4676 5116 1
4676 5857 5
4676 5166 4
4676 5536 6
4676 5082 5
4676 5366 10
4676 5068 9
4376 5352 10
4376 5668 8
4690 5337 3
4690 5024 8
4701 5185 7
4726 5884 7
4726 5667 9
4726 5192 10
4726 5800 3
4726 4851 4
4735 4912 9
4735 4969 1
4735 5243 2
4735 4811 10
4735 5857 5
4735 4774 10
4735 5166 9
4735 5611 1
4735 4894 3
4735 5536 2
4735 5082 3
4735 5116 9
4735 5459 4
4735 5366 3
4735 5068 7
4735 5820 2
4735 5710 1
4735 5836 10
4736 2853 9
4750 5652 3
4750 4829 8
4750 5092 8
4750 5310 10
4757 4890 10
4774 5611 7
4774 5366 4
4774 5166 9
4774 5082 4
4774 5857 2
4774 5820 5
4774 5536 10
4791 5286 5
4791 5301 1
4809 5336 9
4811 5166 4
4811 5787 1
4811 5710 3
4811 3822 6
4812 5739 2
4813 5456 5
4813 5066 4
4813 4955 5
4813 5072 3
4813 5294 10
4814 4877 6
4814 5431 3
4814 4950 10
4814 5085 3
4818 867 1
4818 5337 6
4818 5024 7
4818 5185 2
4818 5514 3
4829 5573 9
4829 5739 1
4829 4836 2
4829 1354 1
4829 5249 5
4829 5127 8
4829 5092 9
4832 5435 8
4832 4991 8
4836 5249 1
4836 5092 6
4839 5620 5
4848 5062 7
4851 4907 6
4851 5192 3
4851 5667 3
4851 5198 9
4851 5800 6
4862 5435 9
4862 4991 3
5369 5748 3
5369 5680 5
5369 5018 5
5369 4950 10
5369 5556 1
5369 5860 3
4865 5074 6
4868 2853 10
4868 5672 5
4868 5626 8
4868 5134 4
4874 5309 7
4894 5243 10
4894 5166 5
4894 5611 9
4894 5536 10
4894 5082 10
4894 5366 6
4894 5710 8
4907 5884 10
4907 5198 3
4907 5139 4
4912 5082 8
4912 981 1
4912 2961 3
4912 5459 1
4912 4930 9
4930 5074 9
4930 5362 9
4930 4863 6
4950 5860 9
4950 5431 3
4950 5266 8
4954 5558 7
4954 1430 1
4954 5679 10
4954 5591 7
4954 5484 2
4954 5391 1
4959 5573 9
182 5475 4
4969 5366 1
4979 5082 3
4991 5377 1
5008 5074 8
5018 5573 10
5018 5126 1
5018 5800 1
5024 867 1
5039 5740 1
5062 5452 10
5063 5127 6
5066 1923 2
5068 5243 2
5068 5787 10
5068 5166 9
5068 5536 9
5068 5082 6
5068 5366 7
5074 5362 10
5074 5166 7
5074 5459 10
5074 5175 5
5082 5243 10
5082 5857 3
5082 5820 3
5082 5166 9
5082 5536 10
5082 5459 8
5082 5366 4
5082 5710 4
5082 5836 8
3822 5166 8
5092 5127 9
5100 4662 8
5113 5311 6
5116 5243 9
5127 1354 5
5127 5249 5
5127 3941 4
5134 2853 7
5134 5672 2
5139 5742 7
5166 5787 9
5166 5243 9
5166 5611 6
5166 2961 4
5166 5857 1
5166 5536 6
5166 5366 2
5166 5710 7
5166 5836 9
5185 5286 1
5192 5884 7
5192 5667 8
5198 5884 2
5243 5787 9
5243 2961 6
5243 5611 3
5243 5536 9
5243 5366 7
5243 5836 6
5266 966 7
5266 5803 10
5294 5800 10
5307 5519 6
5311 1923 2
5352 5668 5
5354 5800 10
5363 5443 9
5363 422 5
5366 5857 9
5366 5536 4
5366 5459 10
5366 5836 2
2853 5672 10
2853 5626 5
5391 5558 6
5391 1430 1
5391 5679 1
5391 5591 9
5391 2923 8
5428 5860 5
5428 966 2
5428 5451 10
5428 5431 5
5431 966 4
5431 5860 10
5431 5803 7
5435 5377 10
5440 5493 10
5440 5748 7
5443 422 3
5451 5860 2
5451 966 1
5451 5803 1
5457 5787 10
5459 5611 5
5460 5519 5
5493 5748 8
5504 5877 3
5536 5857 2
5536 5820 5
5536 5710 8
5536 5836 10
5558 5679 9
5591 1430 7
5591 5679 10
5611 5857 3
5611 5820 1
5611 5710 6
5626 5672 7
5636 5824 2
5667 5884 9
5679 1430 9
5679 5755 1
5679 5855 9
5680 5800 3
5710 2961 4
5736 5877 1
5748 5800 8
2961 5857 6
2961 5820 10
5800 5884 7
5803 5860 8
966 5860 5
5862 5887 1
