# Local nodes
11
13
14
21
26
30
32
33
39
42
46
56
62
65
67
68
70
73
74
82
83
89
101
102
106
110
119
122
130
135
136
137
154
158
170
174
175
176
184
187
203
213
223
228
230
243
248
254
255
268
276
277
281
290
295
296
301
303
307
311
316
328
333
334
344
351
352
360
362
365
367
383
387
393
398
400
404
413
427
434
436
439
441
446
447
451
455
456
464
465
467
473
477
489
490
492
503
505
517
524
526
532
536
539
540
542
547
557
572
574
577
581
588
598
605
608
610
612
614
615
617
622
623
634
643
653
655
663
685
688
690
717
719
733
739
742
744
746
753
759
765
771
775
780
783
785
789
794
799
803
818
822
827
840
841
844
847
851
863
864
874
875
879
884
907
916
917
928
933
940
952
956
968
969
991
1000
1003
1004
1010
1011
1015
1020
1027
1041
1042
1047
1048
1056
1060
1063
1073
1091
1094
1099
1106
1116
1118
1119
1123
1124
1125
1131
1132
1134
1135
1139
1143
1147
1152
1155
1166
1180
1181
1193
1198
1204
1207
1209
1210
1221
1231
1237
1251
1257
1288
1291
1294
1299
1300
1301
1305
1310
1312
1318
1323
1330
1342
1352
1358
1364
1366
1376
1393
1398
1417
1427
1443
1447
1462
1463
1472
1476
1478
1488
1490
1492
1502
1505
1512
1513
1516
1517
1518
1520
1521
1535
1536
1544
1581
1591
1599
1605
1606
1609
1615
1617
1634
1636
1637
1642
1645
1654
1665
1668
1670
1672
1682
1683
1688
1689
1693
1703
1704
1710
1729
1730
1736
1737
1745
1747
1749
1751
1754
1780
1787
1792
1793
1794
1795
1808
1817
1824
1840
1847
1854
1858
1860
1863
1864
1880
1881
1883
1886
1891
1897
1899
1900
1901
1910
1913
1916
1917
1921
1925
1926
1930
1932
1934
1941
1946
1948
1949
1951
1958
1959
1986
1991
1999
2004
2005
2009
2016
2024
2025
2029
2042
2043
2044
2052
2056
2062
2068
2070
2084
2097
2098
2102
2122
2124
2127
2128
2132
2135
2137
2139
2147
2149
2161
2170
2172
2189
2195
2196
2199
2200
2212
2216
2219
2224
2242
2250
2254
2259
2265
2276
2278
2282
2304
2305
2317
2324
2325
2332
2333
2341
2342
2344
2345
2346
2355
2357
2364
2368
2377
2380
2385
2390
2392
2403
2404
2405
2406
2407
2408
2420
2424
2427
2429
2434
2450
2462
2465
2467
2472
2477
2481
2483
2493
2501
2518
2519
2520
2525
2534
2543
2575
2579
2581
2588
2591
2598
2602
2607
2609
2618
2623
2637
2642
2646
2650
2653
2658
2669
2671
2678
2685
2689
2693
2700
2709
2715
2716
2717
2722
2725
2731
2732
2743
2767
2768
2772
2773
2775
2776
2777
2780
2799
2806
2813
2831
2833
2839
2848
2854
2855
2860
2863
2869
2875
2879
2881
2884
2885
2886
2889
2902
2907
2918
2927
2931
2934
2936
2937
2938
2940
2944
2949
2950
2951
2956
2958
2959
2960
2963
2964
2977
2978
2984
2985
2997
3001
3019
3020
3022
3028
3031
3042
3049
3051
3052
3060
3065
3069
3074
3078
3081
3085
3088
3091
3096
3106
3109
3120
3127
3139
3147
3156
3159
3164
3181
3183
3189
3207
3215
3225
3228
3230
3231
3232
3244
3246
3255
3266
3268
3270
3272
3278
3285
3290
3293
3298
3319
3322
3331
3340
3344
3346
3350
3354
3355
3358
3362
3373
3383
3387
3394
3396
3397
3402
3405
3411
3418
3424
3425
3428
3437
3438
3440
3455
3456
3460
3461
3462
3468
3469
3476
3481
3488
3491
3496
3500
3511
3513
3519
3525
3547
3553
3561
3573
3574
3576
3577
3578
3594
3597
3598
3602
3617
3620
3625
3628
3629
3632
3633
3635
3641
3647
3652
3658
3663
3669
3672
3677
3678
3680
3685
3690
3692
3695
3703
3713
3719
3720
3723
3725
3726
3732
3733
3734
3740
3749
3759
3761
3767
3772
3780
3785
3792
3794
3797
3799
3805
3806
3807
3831
3832
3843
3847
3854
3855
3859
3868
3871
3882
3886
3887
3891
3893
3896
3897
3899
3901
3913
3915
3918
3925
3933
3935
3936
3946
3947
3954
3956
3958
3964
3967
3968
3969
3970
3972
3978
3984
3993
4003
4014
4018
4039
4044
4052
4053
4056
4057
4058
4062
4076
4078
4089
4091
4098
4103
4107
4109
4110
4112
4124
4125
4126
4129
4142
4147
4150
4153
4189
4191
4195
4196
4216
4229
4231
4236
4248
4255
4274
4279
4286
4289
4294
4297
4305
4313
4326
4328
4330
4331
4335
4339
4340
4346
4349
4355
4360
4364
4366
4372
4375
4389
4394
4399
4404
4410
4420
4422
4429
4430
4434
4442
4444
4446
4449
4450
4451
4455
4459
4464
4469
4475
4478
4480
4491
4497
4499
4509
4513
4518
4524
4527
4533
4536
4538
4547
4550
4552
4555
4558
4564
4572
4576
4577
4579
4584
4585
4587
4589
4591
4596
4607
4608
4635
4636
4649
4652
4655
4656
4658
4663
4664
4667
4669
4671
4675
4677
4678
4683
4684
4692
4693
4695
4697
4700
4711
4713
4720
4725
4729
4737
4740
4751
4764
4768
4779
4781
4786
4787
4792
4798
4805
4807
4808
4817
4840
4849
4850
4861
4874
4875
4876
4879
4880
4885
4889
4891
4892
4893
4895
4903
4910
4916
4917
4921
4927
4928
4939
4942
4948
4953
4956
4962
4966
4973
4975
4981
4985
4988
4990
4995
4996
5001
5015
5016
5029
5030
5037
5041
5045
5050
5051
5052
5054
5066
5070
5075
5081
5088
5094
5102
5103
5105
5112
5118
5122
5125
5130
5141
5142
5147
5150
5156
5157
5160
5164
5174
5178
5184
5189
5190
5191
5220
5225
5227
5228
5232
5236
5248
5251
5254
5262
5274
5287
5289
5295
5296
5302
5306
5307
5323
5333
5342
5345
5346
5380
5384
5390
5393
5403
5404
5410
5419
5422
5423
5439
5442
5449
5460
5463
5464
5476
5480
5482
5492
5496
5506
5516
5518
5532
5535
5544
5550
5553
5556
5568
5570
5576
5579
5580
5583
5585
5589
5590
5598
5609
5613
5614
5628
5630
5634
5640
5643
5650
5655
5656
5673
5674
5677
5687
5693
5694
5697
5698
5700
5702
5706
5712
5713
5714
5722
5725
5733
5735
5743
5747
5751
5761
5764
5767
5770
5772
5780
5790
5791
5796
5801
5809
5810
5822
5830
5833
5838
5843
5845
5852
5856
5869
5870
5875
5878
5881
5882
5889
5896
5898
5899
5905
5906
# Ghost nodes
18
22
34
40
53
63
98
105
107
116
128
132
133
143
155
168
189
191
202
210
229
239
256
261
264
282
289
298
329
389
403
406
411
426
442
484
493
496
513
515
519
527
529
570
589
609
616
630
632
638
682
683
691
696
741
769
786
787
791
806
821
837
873
877
893
895
927
962
995
1006
1074
1077
1095
1096
1111
1126
1138
1140
1142
1144
1168
1179
1197
1199
1205
1230
1242
1273
1276
1278
1309
1324
1341
1343
1346
1356
1383
1388
1396
1400
1402
1405
1448
1459
1474
1482
1489
1508
1526
1549
1557
1572
1584
1588
1595
1614
1641
1652
1655
1658
1660
1680
1711
1714
1722
1728
1796
1798
1809
1811
1829
1836
1842
1846
1853
1855
1873
1923
1928
1938
1947
1952
1961
1965
1966
1972
1973
1987
2017
2026
2059
2066
2067
2074
2089
2105
2125
2153
2157
2176
2180
2203
2239
2277
2294
2299
2300
2306
2307
2329
2352
2361
2366
2367
2375
2376
2397
2419
2437
2445
2453
2463
2509
2535
2547
2560
2572
2586
2599
2612
2619
2630
2641
2654
2683
2688
2691
2698
2723
2727
2738
2771
2778
2786
2791
2827
2851
2858
2874
2893
2900
2904
2926
2942
2953
2972
2976
3011
3033
3048
3063
3073
3099
3101
3118
3119
3121
3131
3142
3148
3165
3166
3197
3210
3214
3219
3222
3224
3234
3241
3263
3271
3280
3284
3294
3306
3320
3326
3334
3347
3353
3364
3385
3398
3403
3417
3441
3442
3445
3459
3486
3499
3506
3508
3514
3518
3537
3543
3545
3549
3557
3599
3604
3606
3624
3731
3744
3754
3781
3784
3793
3811
3812
3819
3825
3833
3841
3850
3852
3853
3860
3872
3907
3920
3926
3952
3962
3977
3987
3999
4020
4032
4043
4074
4081
4096
4102
4114
4115
4134
4135
4160
4163
4166
4177
4180
4181
4198
4207
4219
4226
4230
4232
4234
4243
4273
4298
4314
4322
4324
4329
4341
4348
4371
4395
4406
4408
4417
4421
4424
4440
4447
4479
4485
4486
4516
4517
4525
4528
4529
4570
4571
4599
4602
4612
4622
4633
4665
4673
4674
4679
4691
4710
4752
4763
4795
4806
4813
4829
4839
4852
4853
4873
4878
4915
4938
4952
4959
4967
4970
4974
4982
4987
5007
5018
5072
5085
5106
5109
5120
5124
5128
5144
5163
5177
5203
5209
5212
5215
5239
5243
5279
5288
5294
5309
5317
5325
5326
5343
5369
5376
5378
5401
5416
5418
5425
5441
5467
5471
5489
5502
5510
5519
5520
5522
5523
5525
5567
5571
5573
5578
5605
5615
5646
5681
5696
5750
5777
5800
5825
5885
5903
5904
