# Local nodes
0
1
12
16
25
44
45
48
49
50
55
60
61
69
72
87
93
94
98
108
114
115
118
121
129
133
138
140
144
146
155
157
162
169
171
179
185
190
196
201
205
207
209
218
224
227
232
242
244
247
253
275
286
291
297
302
312
315
356
375
384
386
390
392
395
417
420
425
426
431
432
435
438
445
461
462
463
470
472
474
475
476
479
480
482
506
508
518
519
522
529
530
531
541
554
562
568
579
599
604
618
635
664
665
667
676
678
687
694
696
698
700
708
724
729
731
732
736
747
751
756
757
761
766
772
779
802
808
809
833
846
848
856
857
876
878
881
885
886
897
899
901
911
926
934
935
937
944
946
955
961
975
980
984
999
1001
1006
1009
1014
1025
1032
1038
1046
1050
1052
1058
1059
1067
1088
1096
1109
1112
1122
1129
1136
1137
1142
1145
1150
1156
1167
1170
1175
1178
1186
1192
1200
1215
1220
1224
1226
1235
1238
1245
1250
1261
1264
1276
1279
1282
1296
1315
1316
1319
1327
1328
1336
1344
1347
1355
1359
1368
1373
1385
1394
1395
1396
1397
1403
1419
1436
1450
1465
1466
1473
1475
1500
1506
1511
1514
1522
1527
1531
1540
1543
1545
1547
1553
1558
1571
1573
1575
1578
1582
1586
1590
1600
1614
1618
1621
1622
1632
1656
1675
1676
1684
1687
1690
1697
1698
1702
1719
1720
1726
1732
1734
1742
1746
1748
1761
1762
1765
1769
1770
1778
1785
1796
1802
1820
1822
1831
1849
1850
1862
1868
1871
1874
1882
1890
1904
1907
1909
1931
1938
1939
1954
1956
1965
1971
1972
1976
1978
1981
1982
1983
1985
1989
1995
1996
1998
2010
2015
2034
2035
2046
2049
2051
2054
2066
2072
2086
2103
2104
2109
2110
2116
2118
2125
2141
2148
2168
2171
2175
2186
2194
2202
2203
2205
2207
2208
2209
2211
2215
2230
2247
2249
2253
2260
2264
2266
2273
2286
2295
2297
2313
2326
2334
2337
2339
2371
2372
2379
2381
2384
2395
2396
2415
2421
2423
2425
2435
2448
2457
2469
2491
2496
2498
2504
2507
2513
2522
2524
2527
2539
2540
2544
2554
2555
2558
2559
2560
2561
2565
2566
2567
2569
2585
2587
2600
2604
2612
2615
2616
2620
2634
2639
2644
2647
2659
2663
2673
2676
2677
2694
2701
2702
2713
2726
2728
2730
2733
2736
2745
2755
2759
2764
2765
2788
2790
2792
2794
2796
2798
2800
2810
2811
2816
2817
2822
2841
2842
2850
2852
2859
2868
2871
2877
2880
2890
2897
2899
2904
2911
2913
2916
2917
2919
2925
2930
2932
2933
2942
2948
2979
2982
2993
2998
3003
3005
3009
3015
3018
3027
3030
3048
3053
3080
3087
3093
3099
3108
3117
3121
3125
3126
3135
3140
3143
3157
3162
3167
3170
3182
3185
3186
3195
3200
3201
3211
3217
3226
3227
3229
3242
3256
3260
3269
3275
3279
3283
3305
3309
3315
3317
3321
3326
3327
3328
3329
3330
3356
3361
3367
3369
3372
3374
3377
3379
3389
3401
3403
3406
3407
3429
3442
3443
3444
3447
3452
3454
3457
3489
3493
3494
3506
3517
3531
3532
3550
3565
3566
3572
3588
3601
3603
3609
3611
3616
3618
3621
3622
3637
3644
3651
3655
3662
3665
3671
3673
3675
3679
3684
3694
3696
3699
3707
3716
3722
3738
3747
3753
3757
3760
3762
3765
3766
3768
3769
3774
3779
3784
3789
3802
3803
3813
3817
3835
3842
3849
3851
3853
3860
3863
3866
3874
3883
3888
3909
3920
3922
3923
3924
3929
3937
3943
3944
3948
3955
3957
3961
3962
3965
3977
3979
3982
3989
3992
3995
4005
4020
4028
4029
4033
4047
4075
4079
4096
4099
4100
4111
4121
4127
4128
4144
4155
4156
4157
4164
4165
4183
4185
4187
4193
4197
4201
4202
4205
4217
4221
4228
4235
4239
4253
4261
4268
4281
4293
4298
4301
4314
4318
4320
4323
4333
4337
4342
4356
4361
4392
4395
4405
4413
4435
4437
4438
4439
4443
4467
4485
4487
4496
4498
4500
4501
4502
4519
4520
4523
4537
4541
4543
4553
4557
4560
4567
4575
4583
4593
4598
4615
4623
4630
4632
4641
4642
4644
4645
4648
4674
4680
4688
4704
4709
4712
4714
4721
4727
4730
4739
4741
4749
4754
4759
4761
4770
4789
4793
4796
4801
4804
4810
4815
4819
4820
4824
4847
4852
4855
4856
4870
4883
4888
4896
4898
4899
4900
4911
4914
4915
4924
4925
4933
4936
4941
4943
4947
4960
4967
4978
4987
4992
4998
5009
5019
5020
5021
5025
5044
5055
5056
5057
5058
5064
5065
5073
5080
5086
5089
5093
5107
5108
5111
5138
5144
5145
5152
5154
5158
5168
5169
5171
5186
5187
5188
5193
5202
5240
5242
5244
5263
5267
5268
5272
5284
5292
5308
5312
5321
5324
5355
5357
5361
5375
5386
5387
5388
5389
5420
5430
5446
5450
5455
5467
5471
5474
5479
5500
5502
5521
5526
5533
5539
5545
5549
5554
5557
5565
5566
5574
5595
5599
5604
5606
5612
5621
5648
5654
5675
5678
5681
5683
5684
5689
5695
5705
5718
5719
5729
5730
5731
5732
5737
5754
5758
5760
5763
5765
5768
5779
5785
5789
5806
5817
5819
5825
5844
5848
5854
5855
5864
5866
5872
5885
5893
5904
# Ghost nodes
11
18
36
59
68
71
74
79
112
126
137
142
147
151
165
191
210
220
231
239
280
293
350
397
419
442
460
464
469
487
505
527
557
559
571
572
578
587
619
621
626
638
641
650
660
668
671
684
686
688
690
705
727
734
735
743
748
764
860
869
873
918
966
967
1003
1015
1041
1061
1064
1070
1077
1106
1115
1157
1177
1184
1190
1199
1221
1244
1252
1263
1285
1313
1324
1340
1356
1366
1372
1374
1384
1386
1390
1429
1447
1454
1456
1471
1474
1485
1581
1594
1648
1655
1665
1699
1707
1725
1753
1809
1813
1836
1903
1921
1928
1964
1977
1990
1999
2013
2018
2041
2055
2059
2060
2063
2067
2082
2094
2097
2108
2111
2113
2143
2160
2167
2176
2193
2217
2224
2268
2276
2288
2298
2306
2386
2437
2472
2485
2511
2515
2580
2590
2630
2655
2693
2695
2710
2714
2757
2770
2809
2815
2830
2851
2857
2900
2937
2938
2973
3004
3023
3028
3039
3060
3068
3074
3079
3086
3094
3112
3119
3130
3136
3148
3156
3171
3189
3192
3203
3210
3239
3241
3255
3263
3268
3273
3306
3349
3357
3387
3445
3471
3498
3504
3529
3539
3542
3576
3595
3608
3670
3704
3752
3756
3801
3806
3818
3850
3859
3864
3867
3870
3918
3938
3947
3949
3981
3986
4023
4048
4061
4068
4071
4080
4083
4107
4108
4153
4158
4160
4175
4195
4218
4219
4226
4274
4299
4326
4350
4370
4385
4417
4473
4484
4517
4525
4535
4549
4552
4558
4572
4585
4602
4607
4617
4622
4633
4639
4652
4672
4687
4705
4758
4768
4792
4835
4837
4844
4866
4872
4874
4894
4908
4920
4929
4940
4945
4948
4951
4972
4979
5011
5034
5066
5084
5091
5118
5125
5134
5163
5166
5183
5221
5266
5285
5299
5306
5325
5334
5342
5359
5369
5379
5394
5396
5405
5409
5412
5413
5414
5431
5449
5506
5538
5543
5560
5584
5598
5608
5615
5631
5666
5679
5692
5735
5748
5750
5800
5803
5830
5867
5883
5891
5897
5900
5905
5906
