# Local nodes
8
15
18
24
38
52
63
64
66
84
92
97
99
103
116
126
131
134
139
143
161
177
191
194
197
199
200
215
217
220
233
239
241
246
259
266
267
271
282
285
294
304
308
314
324
325
337
341
345
348
363
377
381
391
394
399
401
405
411
414
421
422
424
428
433
440
448
454
481
484
487
496
511
528
534
537
543
545
546
551
553
565
570
571
578
582
586
595
601
602
611
619
620
628
630
632
638
642
644
645
648
660
671
677
682
703
714
718
735
754
755
768
769
787
788
800
806
816
823
834
849
854
859
860
865
867
868
893
895
902
927
949
953
959
962
965
966
971
972
974
981
982
993
998
1005
1013
1024
1026
1028
1029
1049
1054
1070
1095
1101
1105
1110
1111
1115
1128
1130
1138
1160
1168
1176
1179
1183
1184
1203
1206
1212
1214
1228
1234
1252
1253
1258
1259
1266
1267
1269
1278
1283
1284
1292
1293
1306
1307
1313
1329
1332
1334
1335
1337
1343
1349
1354
1360
1381
1390
1399
1406
1418
1424
1430
1437
1446
1448
1452
1457
1464
1479
1485
1493
1495
1498
1501
1519
1524
1529
1541
1542
1556
1561
1569
1572
1580
1583
1597
1601
1603
1604
1607
1610
1613
1616
1630
1646
1650
1652
1661
1662
1663
1699
1715
1717
1728
1740
1750
1757
1759
1760
1776
1779
1789
1790
1799
1801
1813
1818
1827
1828
1829
1832
1839
1841
1842
1843
1844
1857
1861
1867
1873
1875
1879
1885
1887
1893
1903
1908
1923
1928
1936
1944
1961
1963
1964
1966
1967
1980
1993
2000
2006
2020
2022
2023
2028
2033
2039
2045
2048
2055
2063
2073
2074
2076
2085
2088
2090
2091
2094
2108
2112
2113
2117
2119
2121
2126
2130
2144
2145
2152
2157
2162
2164
2177
2182
2184
2187
2190
2191
2201
2204
2206
2213
2221
2226
2227
2229
2251
2252
2261
2267
2288
2290
2292
2299
2302
2306
2307
2312
2315
2322
2327
2329
2343
2348
2354
2370
2398
2409
2410
2436
2439
2441
2442
2443
2447
2452
2454
2455
2458
2463
2464
2471
2484
2486
2489
2490
2494
2495
2505
2509
2510
2514
2517
2521
2530
2542
2548
2549
2564
2570
2571
2577
2597
2603
2606
2608
2610
2614
2622
2625
2633
2641
2654
2660
2670
2674
2698
2706
2721
2727
2734
2741
2742
2766
2771
2778
2784
2789
2802
2805
2821
2824
2825
2826
2827
2832
2838
2846
2853
2857
2864
2867
2870
2887
2891
2895
2901
2908
2910
2922
2926
2935
2941
2943
2946
2953
2961
2962
2968
2973
2974
2991
2999
3006
3010
3011
3014
3033
3035
3047
3059
3064
3084
3089
3095
3097
3103
3129
3130
3134
3136
3137
3138
3142
3161
3166
3171
3174
3179
3184
3187
3190
3192
3203
3208
3212
3218
3237
3238
3250
3257
3261
3264
3265
3267
3277
3280
3282
3300
3304
3307
3318
3320
3332
3334
3338
3351
3353
3371
3388
3391
3413
3415
3421
3422
3423
3427
3431
3445
3446
3453
3467
3471
3473
3474
3479
3495
3504
3516
3524
3535
3537
3538
3552
3555
3558
3559
3562
3568
3571
3579
3583
3592
3599
3604
3610
3615
3619
3626
3634
3650
3656
3657
3660
3670
3681
3704
3711
3712
3715
3718
3737
3741
3743
3746
3748
3755
3756
3763
3791
3795
3796
3810
3814
3820
3822
3823
3828
3837
3841
3845
3858
3877
3878
3881
3884
3898
3902
3905
3910
3930
3934
3940
3941
3950
3966
3975
3985
3986
3987
4000
4006
4007
4017
4019
4022
4024
4031
4035
4048
4060
4063
4064
4070
4074
4084
4085
4094
4104
4106
4108
4117
4122
4148
4149
4168
4172
4174
4175
4177
4182
4186
4210
4214
4219
4220
4224
4226
4233
4240
4251
4258
4262
4264
4267
4278
4280
4283
4288
4295
4302
4306
4308
4321
4332
4338
4343
4345
4347
4363
4368
4374
4376
4382
4383
4385
4387
4390
4391
4396
4402
4408
4412
4416
4431
4448
4452
4465
4484
4486
4488
4504
4506
4507
4508
4511
4529
4530
4539
4549
4554
4565
4569
4580
4582
4588
4594
4605
4606
4616
4619
4637
4638
4646
4662
4670
4673
4676
4685
4690
4710
4715
4716
4726
4732
4735
4736
4750
4757
4771
4774
4780
4784
4790
4791
4797
4809
4811
4812
4813
4814
4816
4818
4822
4825
4829
4832
4836
4837
4839
4845
4848
4851
4862
4863
4865
4868
4873
4881
4890
4894
4904
4905
4907
4912
4923
4929
4930
4949
4950
4954
4957
4969
4971
4979
4980
4991
4999
5006
5008
5017
5018
5024
5039
5040
5043
5062
5063
5068
5074
5082
5084
5092
5097
5100
5113
5116
5126
5127
5134
5143
5155
5165
5166
5172
5175
5185
5192
5198
5200
5223
5243
5249
5266
5282
5283
5286
5294
5301
5309
5311
5313
5322
5336
5337
5340
5343
5352
5354
5362
5363
5366
5369
5371
5372
5377
5391
5397
5428
5431
5435
5436
5440
5443
5451
5452
5456
5459
5470
5475
5484
5493
5501
5512
5514
5519
5529
5531
5536
5558
5569
5573
5575
5586
5591
5594
5601
5611
5616
5620
5626
5651
5667
5668
5669
5672
5676
5679
5680
5685
5710
5728
5738
5739
5740
5742
5748
5755
5769
5784
5787
5803
5820
5824
5829
5836
5849
5857
5860
5862
5876
5877
5884
5887
# Ghost nodes
3
26
37
57
71
74
79
95
98
112
124
137
155
172
182
195
208
218
253
284
288
313
329
357
406
442
450
477
490
493
505
519
540
584
588
591
597
600
606
634
654
684
690
694
711
724
726
775
821
837
869
896
921
933
939
956
967
996
1003
1012
1016
1047
1066
1068
1077
1113
1114
1119
1172
1190
1193
1222
1230
1246
1294
1298
1323
1324
1327
1339
1340
1356
1366
1374
1387
1388
1426
1449
1456
1474
1489
1500
1506
1509
1512
1513
1571
1575
1615
1637
1644
1654
1680
1685
1691
1705
1706
1726
1767
1777
1796
1804
1836
1864
1866
1868
1871
1882
1904
1909
1927
1933
1939
1947
1952
1965
1987
1992
2015
2018
2025
2047
2049
2059
2060
2061
2143
2167
2180
2186
2188
2209
2218
2239
2245
2275
2305
2326
2335
2344
2345
2346
2353
2366
2369
2371
2375
2394
2406
2432
2435
2448
2456
2472
2479
2499
2502
2516
2525
2539
2547
2580
2595
2607
2612
2647
2688
2690
2693
2695
2738
2777
2800
2812
2815
2848
2849
2858
2875
2880
2900
2903
2919
2923
2937
2954
2957
2976
2985
3043
3048
3074
3083
3086
3087
3090
3094
3099
3119
3151
3159
3169
3172
3173
3178
3181
3189
3241
3294
3306
3326
3345
3347
3370
3374
3377
3387
3393
3398
3402
3482
3490
3496
3508
3526
3546
3550
3576
3589
3595
3607
3627
3669
3680
3684
3686
3693
3696
3719
3744
3747
3766
3781
3790
3799
3811
3840
3850
3859
3862
3879
3897
3901
3904
3919
3923
3931
4005
4014
4032
4039
4047
4059
4071
4081
4082
4107
4119
4132
4135
4136
4142
4145
4153
4158
4180
4184
4196
4221
4222
4238
4247
4253
4255
4297
4316
4324
4378
4380
4394
4395
4473
4475
4499
4516
4521
4527
4547
4585
4620
4621
4622
4627
4635
4652
4654
4665
4701
4708
4720
4743
4792
4801
4819
4835
4874
4877
4918
4952
4953
4955
4959
4966
4982
4987
5016
5027
5049
5064
5066
5072
5075
5085
5099
5102
5139
5142
5167
5215
5227
5229
5236
5241
5253
5262
5279
5306
5307
5310
5317
5323
5342
5348
5413
5430
5457
5460
5504
5523
5556
5560
5564
5578
5584
5636
5644
5652
5662
5687
5716
5721
5736
5750
5751
5758
5772
5800
5825
5828
5855
5861
5881
5889
