# Local nodes
2
4
7
9
10
20
22
27
29
35
47
53
57
88
90
91
95
100
109
111
124
125
127
128
145
147
152
153
159
160
163
165
178
181
188
193
202
206
208
222
229
240
245
261
262
263
264
265
269
287
298
300
305
313
322
327
343
350
361
368
369
371
373
385
396
410
412
419
442
449
453
458
468
469
478
498
501
502
504
510
514
515
525
533
535
544
548
555
558
560
563
569
573
575
580
587
594
596
606
607
624
626
633
641
647
649
656
661
662
668
669
673
674
686
692
701
707
712
713
715
727
734
740
743
748
750
758
762
763
764
774
782
784
791
792
797
801
810
812
825
826
828
831
842
845
855
873
889
891
896
903
904
906
908
913
914
915
918
920
922
929
939
945
948
950
951
970
977
978
986
987
988
989
990
994
1002
1008
1012
1018
1021
1033
1035
1037
1051
1061
1066
1074
1080
1083
1085
1087
1089
1090
1093
1113
1114
1117
1120
1121
1126
1148
1149
1154
1157
1165
1169
1185
1189
1202
1218
1219
1227
1229
1232
1233
1239
1240
1244
1248
1249
1254
1263
1265
1270
1273
1281
1285
1286
1287
1295
1297
1298
1304
1308
1311
1317
1320
1324
1326
1331
1340
1345
1348
1350
1353
1356
1357
1361
1372
1379
1380
1382
1386
1388
1389
1405
1407
1408
1409
1413
1416
1428
1429
1439
1449
1454
1455
1456
1459
1460
1477
1483
1487
1497
1507
1509
1525
1533
1534
1538
1548
1550
1551
1552
1554
1560
1562
1563
1568
1570
1576
1579
1584
1602
1612
1619
1623
1626
1628
1629
1635
1640
1648
1649
1660
1664
1666
1667
1673
1680
1685
1694
1696
1705
1706
1707
1713
1716
1718
1722
1725
1738
1739
1764
1768
1771
1777
1784
1791
1797
1798
1804
1806
1812
1819
1821
1823
1826
1836
1845
1848
1851
1856
1865
1872
1884
1895
1896
1898
1911
1918
1920
1924
1927
1952
1953
1975
1977
1979
1988
1997
2003
2008
2013
2014
2017
2018
2019
2021
2027
2030
2031
2032
2037
2040
2047
2050
2058
2060
2061
2069
2075
2078
2080
2081
2087
2093
2096
2099
2100
2101
2106
2107
2111
2129
2131
2134
2136
2140
2150
2151
2154
2155
2156
2160
2163
2165
2166
2179
2180
2183
2197
2210
2217
2222
2225
2231
2235
2238
2240
2244
2246
2256
2258
2262
2263
2269
2272
2277
2279
2284
2289
2291
2293
2296
2309
2311
2314
2318
2319
2321
2330
2331
2335
2338
2340
2347
2351
2353
2360
2363
2365
2382
2386
2387
2389
2391
2394
2397
2399
2402
2412
2413
2414
2417
2419
2422
2426
2431
2433
2440
2456
2460
2461
2468
2470
2473
2482
2492
2497
2506
2523
2528
2531
2536
2538
2546
2553
2556
2563
2574
2582
2584
2586
2594
2596
2621
2630
2651
2652
2664
2668
2675
2681
2683
2684
2687
2688
2704
2705
2708
2718
2729
2735
2739
2748
2751
2752
2754
2757
2779
2785
2787
2797
2807
2812
2815
2820
2828
2834
2836
2845
2856
2862
2878
2888
2892
2893
2896
2914
2920
2921
2923
2928
2939
2954
2957
2972
2975
2983
2989
2992
2994
2996
3000
3002
3008
3012
3016
3021
3023
3025
3029
3034
3036
3037
3045
3054
3056
3057
3058
3062
3066
3067
3068
3072
3075
3077
3079
3086
3102
3113
3115
3124
3128
3132
3133
3146
3148
3149
3150
3153
3155
3168
3169
3173
3175
3180
3188
3194
3196
3197
3199
3209
3220
3222
3224
3234
3235
3236
3239
3249
3251
3258
3273
3274
3276
3286
3287
3291
3295
3296
3297
3301
3308
3313
3314
3323
3325
3333
3337
3339
3347
3357
3360
3366
3368
3370
3375
3378
3385
3386
3390
3392
3393
3395
3410
3412
3419
3432
3433
3448
3458
3463
3472
3477
3480
3482
3484
3485
3490
3492
3498
3502
3505
3507
3510
3512
3518
3522
3523
3530
3541
3544
3546
3548
3551
3557
3567
3575
3585
3589
3593
3595
3596
3600
3607
3612
3623
3624
3630
3638
3639
3645
3653
3659
3661
3664
3674
3676
3688
3689
3693
3697
3698
3702
3706
3710
3717
3721
3727
3728
3739
3744
3750
3752
3773
3775
3776
3786
3800
3811
3812
3819
3821
3825
3827
3830
3836
3839
3844
3852
3857
3861
3864
3870
3885
3890
3900
3906
3908
3914
3917
3919
3927
3942
3945
3976
3980
3983
3990
3994
3998
4001
4015
4016
4036
4037
4042
4045
4051
4054
4055
4059
4066
4067
4069
4071
4073
4083
4087
4088
4101
4105
4114
4120
4136
4137
4143
4151
4158
4159
4161
4162
4173
4178
4179
4190
4192
4198
4200
4215
4225
4227
4230
4237
4243
4244
4247
4250
4254
4259
4277
4282
4296
4299
4300
4303
4312
4319
4325
4327
4352
4354
4358
4362
4365
4371
4379
4380
4381
4409
4414
4417
4419
4423
4424
4425
4436
4440
4453
4457
4460
4462
4468
4474
4481
4490
4493
4505
4510
4516
4521
4534
4542
4546
4566
4568
4573
4601
4614
4617
4624
4627
4640
4647
4654
4657
4661
4665
4682
4689
4694
4696
4702
4706
4718
4719
4722
4728
4742
4745
4747
4748
4752
4762
4766
4769
4775
4788
4821
4827
4830
4834
4835
4842
4853
4859
4860
4864
4866
4867
4872
4908
4918
4919
4920
4926
4931
4932
4937
4938
4946
4955
4959
4961
4968
4970
4974
4977
4993
4994
5005
5007
5012
5023
5033
5034
5036
5046
5047
5048
5049
5060
5061
5071
5077
5078
5090
5098
5106
5109
5110
5119
5120
5128
5131
5133
5135
5136
5139
5149
5153
5161
5162
5177
5183
5199
5204
5210
5215
5221
5222
5226
5229
5231
5234
5237
5239
5246
5256
5261
5264
5265
5273
5276
5279
5285
5288
5297
5298
5300
5304
5305
5314
5319
5325
5329
5344
5348
5350
5351
5353
5356
5360
5368
5373
5376
5379
5382
5392
5396
5407
5417
5418
5438
5444
5453
5457
5468
5469
5472
5473
5477
5478
5481
5483
5485
5488
5490
5494
5497
5499
5509
5511
5527
5528
5538
5541
5543
5560
5561
5567
5572
5584
5587
5592
5593
5600
5607
5615
5618
5622
5623
5625
5629
5632
5633
5635
5641
5647
5652
5653
5659
5664
5670
5692
5699
5704
5707
5708
5711
5716
5723
5724
5734
5749
5752
5766
5771
5775
5777
5782
5786
5794
5799
5814
5823
5827
5831
5840
5846
5851
5858
5867
5879
5888
5890
5894
5895
5900
5903
5907
# Ghost nodes
3
26
61
67
77
112
155
180
191
192
209
231
239
248
274
277
286
312
329
332
377
389
394
413
417
423
434
435
463
488
492
505
517
529
541
589
598
623
683
690
691
711
733
755
775
787
844
858
860
875
890
928
972
997
1003
1016
1048
1091
1112
1115
1196
1205
1230
1246
1292
1323
1339
1342
1363
1374
1381
1394
1415
1434
1441
1474
1521
1553
1575
1581
1594
1595
1597
1603
1625
1644
1651
1703
1824
1842
1846
1864
1881
1932
1961
1965
1973
2024
2042
2059
2097
2098
2137
2143
2153
2190
2192
2218
2232
2236
2250
2252
2257
2264
2275
2339
2345
2346
2371
2406
2408
2409
2429
2450
2452
2472
2495
2547
2607
2612
2614
2615
2624
2641
2693
2717
2723
2736
2760
2777
2900
2911
2929
2932
2937
2938
2941
2944
2951
2960
2964
2985
3020
3089
3158
3159
3163
3166
3178
3282
3288
3334
3374
3379
3380
3387
3388
3405
3445
3457
3460
3481
3496
3569
3576
3610
3618
3662
3669
3670
3673
3680
3719
3726
3761
3770
3791
3797
3820
3833
3835
3879
3931
3940
3947
3961
3966
3977
3986
3987
4013
4019
4023
4028
4032
4068
4074
4081
4082
4107
4115
4167
4210
4212
4234
4248
4291
4324
4395
4398
4406
4459
4473
4478
4479
4501
4523
4525
4527
4555
4585
4599
4602
4643
4653
4673
4692
4750
4772
4786
4792
4813
4848
4874
4907
4917
4982
4999
5016
5025
5038
5059
5062
5066
5072
5084
5097
5118
5122
5148
5167
5206
5209
5211
5212
5227
5236
5241
5243
5277
5311
5317
5346
5388
5391
5411
5441
5452
5456
5559
5573
5590
5611
5616
5627
5644
5646
5705
5717
5722
5742
5787
5800
5801
5872
5882
5889
