11 5694 6
11 1091 2
11 3331 9
11 5882 10
11 3460 4
11 1478 8
11 2767 10
11 3947 2
11 4711 10
11 3720 9
11 492 7
11 4570 4
11 464 3
11 3576 3
11 5480 7
11 3491 5
11 4967 5
11 2097 1
11 1605 5
11 5442 4
11 1581 4
11 4248 2
11 3925 9
11 4076 10
11 5393 8
11 2195 6
11 5570 4
13 1864 1
14 1330 3
14 3685 4
14 540 4
14 4509 4
18 5016 6
18 4585 7
18 5142 7
18 3387 8
18 1294 4
18 3074 9
21 2025 7
21 5102 4
21 3726 3
22 1864 5
26 503 1
26 3445 1
26 2951 9
26 2520 1
26 4874 2
26 5590 1
26 3744 7
26 1864 1
26 3278 9
26 2958 6
30 3428 9
30 477 1
32 1300 9
32 1864 3
33 4893 10
33 1166 8
33 4103 4
33 4942 2
33 1048 1
33 5791 3
33 5118 6
33 2420 2
33 1864 6
34 5016 2
39 2242 9
39 2534 9
39 2216 10
39 4953 10
39 2678 7
39 1703 10
39 3807 8
39 1916 3
39 4112 6
39 5770 1
39 4667 3
39 739 9
39 3411 6
39 2342 1
39 4125 7
39 4928 7
39 4455 7
39 2642 2
39 2715 5
39 154 8
39 5833 4
39 4410 6
39 1518 7
39 4346 10
39 884 8
40 1118 3
42 2777 3
42 3792 3
42 1323 8
46 719 4
46 2839 9
46 2534 4
46 2216 1
46 1042 1
46 4953 1
46 581 7
46 969 10
46 5015 5
46 5225 5
46 3513 5
46 2242 2
46 1703 4
46 5677 4
46 4587 10
46 5697 10
46 3807 10
46 4112 8
46 5770 5
46 3428 8
46 3594 9
46 4667 4
46 3488 4
46 5051 9
46 89 1
46 2161 6
46 739 1
46 3411 10
46 5081 3
46 2731 10
46 2342 7
46 4125 6
46 4903 9
46 2678 2
46 3031 9
46 4928 9
46 4455 1
46 2259 6
46 2715 5
46 154 8
46 5583 5
46 5833 10
46 3438 10
46 4410 8
46 1518 9
46 4576 1
46 4346 10
46 884 8
53 2408 1
56 2722 10
56 434 5
56 2364 10
56 2025 1
56 4499 1
56 5655 6
56 577 6
56 5722 7
56 3405 9
56 303 4
56 5142 9
56 4725 4
56 3669 4
56 5687 9
56 634 8
56 3074 3
56 1991 4
56 4876 3
56 4697 8
56 5102 8
62 1291 2
62 3703 4
62 864 6
63 3901 8
65 3344 3
65 1041 7
65 1917 2
65 4364 6
65 5712 8
65 4576 7
65 5905 3
65 3156 4
65 4558 6
67 3576 2
67 4555 3
67 5800 5
67 5288 10
67 733 10
67 1824 3
68 351 5
68 4674 7
68 1003 8
68 4985 10
68 3806 8
68 4550 6
73 2949 3
73 3635 1
74 3440 2
74 1366 5
74 4678 7
74 3127 8
74 2960 10
74 688 10
74 4442 5
74 3424 5
74 4813 2
74 351 6
74 1003 4
74 5889 9
74 4985 9
74 4286 9
74 5295 1
74 334 6
74 2467 7
74 174 8
74 4576 5
74 4326 7
74 4674 8
74 5105 7
74 5800 9
74 3231 9
74 744 8
74 5905 4
74 4966 3
74 2900 3
74 5518 1
74 5423 9
74 622 5
74 3806 1
74 3734 10
74 4807 7
82 5380 4
82 2799 1
82 1615 2
82 2900 5
82 1330 7
82 3897 3
82 170 4
83 3491 5
83 3620 4
89 2534 6
89 2216 5
89 4579 7
89 4953 9
89 969 7
89 3807 6
89 3428 5
89 4667 8
89 5051 7
89 739 3
89 3411 2
89 5081 3
89 2342 1
89 4125 6
89 4928 4
89 4455 5
89 2259 8
89 154 7
89 5833 4
89 4410 6
89 2678 10
89 4346 10
89 884 1
98 3576 6
101 3947 7
101 1930 1
101 2725 10
101 5346 10
101 4692 10
101 3831 1
101 4874 10
101 5796 9
102 3669 3
105 3344 1
106 1003 10
106 1916 3
106 2715 5
107 3806 3
107 3476 5
110 4576 5
116 2693 8
116 4107 7
119 2579 8
119 2591 4
119 2956 2
119 4874 1
122 5295 10
122 3127 7
122 794 6
122 3725 6
122 5656 9
122 3231 7
122 3156 5
122 2089 8
128 2938 8
130 557 10
130 1704 9
130 2777 5
130 3792 1
130 3719 2
130 605 6
130 1323 2
130 5016 8
130 4729 4
132 5307 5
135 690 9
135 505 6
135 1474 8
135 137 3
136 524 1
136 3831 3
136 1091 1
136 5882 1
136 3460 6
136 3617 10
136 5628 2
136 3020 3
136 3720 10
136 4692 9
136 3680 9
136 464 6
136 3576 2
136 1932 9
136 1689 10
136 771 3
136 3491 8
136 4988 2
136 2691 3
136 1581 7
136 5643 6
136 4248 8
136 598 5
136 2646 1
136 3925 2
137 2346 7
137 1938 9
137 5471 10
137 895 2
137 505 7
137 4394 9
137 1474 3
137 5227 5
137 4942 3
137 2472 7
137 5889 8
137 5791 2
137 5118 10
137 4107 10
137 2937 8
137 2641 1
143 3189 5
154 5156 10
154 2839 3
154 2534 6
154 2216 7
154 4579 4
154 4953 5
154 2678 4
154 5225 9
154 3513 8
154 2242 3
154 4538 7
154 1703 9
154 2465 2
154 3807 7
154 5770 1
154 3428 5
154 3594 1
154 4667 6
154 4216 1
154 5583 2
154 739 3
154 5081 3
154 2731 9
154 2342 2
154 4125 4
154 4903 7
154 4928 1
154 4455 1
154 4587 7
154 5833 6
154 655 2
154 4410 3
154 1518 1
154 5693 5
154 4346 9
154 884 6
155 3576 8
158 277 7
158 4740 4
158 490 2
158 2725 5
158 464 5
158 3576 7
158 4459 4
158 5346 6
158 3147 6
158 598 7
158 2776 6
158 1210 9
158 3491 10
158 5800 6
158 3680 5
158 5772 2
158 4874 4
158 1864 3
168 3402 6
168 3617 2
170 1637 10
170 4921 6
170 4014 7
170 3882 6
170 4297 7
170 4509 7
170 540 9
174 3806 4
174 3189 1
174 4326 2
174 5905 3
174 3156 4
174 4558 6
175 277 2
175 4274 10
175 5178 2
175 2408 3
175 3354 3
175 1091 9
175 3896 10
175 4861 2
175 1986 1
175 4635 3
175 383 7
175 3088 5
175 3720 6
175 1736 9
175 3266 3
175 1517 7
175 4339 5
175 4195 5
175 1932 3
175 3268 5
175 1921 8
175 3270 1
175 5191 7
175 4917 1
175 3635 7
175 1747 8
175 5643 7
175 2139 7
175 3101 1
175 4849 3
175 1946 4
175 3641 9
175 3831 2
175 2153 6
175 3460 1
175 1864 10
175 2725 6
175 5228 4
175 933 1
175 3020 1
175 2689 7
175 3022 8
175 1288 3
175 4740 9
175 5029 9
175 771 10
175 5480 4
175 5482 7
175 3207 1
175 2453 4
175 1581 3
175 598 10
175 2646 4
175 2831 4
175 940 9
175 4874 9
175 4126 5
175 3081 10
175 1591 7
175 3285 5
175 2357 1
175 609 2
175 1207 3
175 4692 2
175 3680 3
175 3042 5
175 5052 2
175 4422 7
175 617 10
175 3574 9
175 5772 5
175 1073 1
175 1689 7
175 3491 5
175 3322 10
175 5870 10
175 4429 1
175 4430 4
175 3578 10
175 1605 10
175 2951 8
175 1606 10
175 536 4
175 2671 7
175 4248 3
175 5102 10
175 3925 7
175 5422 7
175 2855 5
175 2195 1
175 1899 3
175 5694 9
175 5157 4
175 5747 2
175 3147 2
175 5333 3
175 255 8
175 5882 9
175 4444 1
175 1817 7
175 2132 2
175 1617 6
175 4985 6
175 5393 6
175 3597 4
175 464 8
175 5345 9
175 5899 1
175 176 4
175 1710 9
175 1443 1
175 2598 8
175 4713 8
175 5088 9
175 4076 5
175 907 3
175 3519 4
175 4328 5
4589 3576 3
4589 1881 1
4589 5643 10
4589 4340 3
4589 1864 4
4589 2355 10
4589 5307 6
4589 4916 6
4589 5882 9
4589 4874 8
4589 2009 6
4589 276 2
187 3181 2
187 3387 7
187 4058 1
187 1011 10
187 4652 9
187 2950 6
189 3147 8
191 4635 2
191 5066 1
191 1003 8
3022 277 3
3022 3831 7
3022 5882 3
3022 1864 9
3022 490 5
3022 2725 10
3022 3617 6
3022 464 4
3022 1210 2
3022 4692 3
3022 3680 1
3022 5772 9
3022 5796 5
3022 1930 4
3022 2776 6
3022 5346 7
3022 4700 1
3022 5899 9
3022 3270 7
3022 3578 6
3022 2324 7
3022 4874 1
202 4459 3
203 1305 5
203 4360 6
210 1948 9
210 2009 10
213 5380 4
213 4921 4
213 2305 4
213 3954 4
213 4014 8
213 4513 4
213 4475 3
213 2024 4
213 5142 1
213 827 9
213 2364 1
213 3074 6
213 540 9
223 4410 7
223 2715 1
1324 2985 7
1324 4107 10
1324 775 6
1324 2693 1
228 3602 2
229 2951 3
229 775 8
230 4552 6
230 5476 2
230 4062 6
230 5764 7
230 5174 4
239 1047 6
1006 464 1
1006 3576 8
248 2408 10
248 690 2
248 5615 2
254 1015 7
256 3947 8
261 4792 7
261 4585 10
264 5066 7
264 2607 5
264 1864 9
268 1003 10
268 2434 9
268 1204 5
268 1916 2
277 5178 5
277 5714 2
277 1091 9
277 4916 9
277 2881 8
277 4635 9
277 490 7
277 383 4
277 3088 1
277 1736 5
277 3266 10
277 1517 6
277 1846 2
277 4339 9
277 2135 8
277 1930 2
277 4195 4
277 1932 9
277 2893 3
277 3268 9
277 3270 4
277 2324 6
277 5643 4
277 2139 6
277 3732 8
277 2717 10
277 4849 6
277 1946 8
277 3641 5
277 3547 6
277 3831 1
277 3740 9
277 3460 2
277 1864 3
277 1478 6
277 2725 10
277 2059 4
277 3020 3
277 2776 7
277 1288 7
277 4740 8
277 5125 4
277 771 5
277 5480 4
277 5482 8
277 1581 10
277 598 3
277 2646 9
277 2831 1
277 5393 1
277 4874 4
277 5041 2
277 4126 8
277 3285 6
277 1207 2
277 3947 10
277 4692 8
277 1210 5
277 1798 8
277 5228 4
277 3680 8
277 3042 9
277 5052 4
277 617 1
277 4039 10
277 3574 9
277 3576 7
277 5772 5
277 4243 8
277 1689 5
277 3491 1
277 3322 2
277 3234 5
277 3578 6
277 1605 4
277 2951 6
277 1606 7
277 4248 2
277 5694 7
277 3051 5
277 5157 6
277 4974 4
277 3147 10
277 5333 1
277 4150 8
277 5882 9
277 2863 7
277 3972 2
277 4713 9
277 1617 5
277 3597 8
277 3598 8
277 464 2
277 5346 2
277 5899 3
277 2009 6
277 3346 2
277 4459 2
277 4700 5
277 3519 8
277 4328 4
281 5590 7
289 4948 3
290 4552 1
295 617 2
295 3598 1
295 4962 6
295 1864 10
295 2493 7
295 4874 5
295 5590 2
295 3270 3
296 2777 8
296 1729 5
296 296 3
296 1864 7
298 875 7
301 4956 8
301 4274 9
301 3597 9
301 4874 1
301 1864 7
301 5830 2
303 2170 8
303 789 9
303 799 10
303 4189 8
303 4725 10
303 3726 8
303 5045 8
307 1665 9
307 1891 2
307 5130 9
307 1864 9
307 5838 7
311 2224 9
316 739 9
316 2678 6
316 1027 6
316 2242 4
316 2715 2
316 2216 5
316 3807 6
316 2342 7
316 4125 8
316 4953 10
316 5833 1
316 969 7
316 4667 10
316 4928 4
316 1518 2
316 4410 6
316 4455 10
316 4346 7
316 884 6
328 540 3
329 434 8
333 503 10
333 1544 1
333 5578 5
333 3207 6
333 2951 1
333 3576 7
333 2978 3
333 3925 2
333 821 8
333 4874 4
333 3545 1
333 1517 1
334 3156 6
334 3189 8
334 5518 8
334 4326 9
334 5735 5
334 5905 9
334 3806 5
334 4558 1
3042 1581 9
3042 2931 8
3042 4459 10
3042 5178 10
3042 3547 9
3042 3831 4
3042 1091 2
3042 5882 5
3042 5118 10
3042 5307 8
3042 3617 10
3042 490 10
3042 2725 7
3042 3088 1
3042 1864 5
3042 464 3
3042 1210 2
3042 2132 3
3042 1736 6
3042 3680 3
3042 5772 4
3042 2658 8
3042 617 1
3042 5796 5
3042 5125 2
3042 1930 9
3042 2776 9
3042 3576 1
3042 5346 6
3042 3628 2
3042 4700 4
3042 5899 3
3042 2009 6
3042 1710 7
3042 3578 1
3042 2324 5
3042 536 1
3042 5643 9
3042 3732 1
3042 1749 9
3042 598 3
3042 4150 1
3042 4874 10
344 3690 1
344 477 4
344 3156 9
344 3028 7
344 351 3
344 1003 10
344 744 8
344 4191 4
344 5905 3
344 3806 8
344 1599 7
344 4558 1
351 4518 8
351 3028 6
351 1003 4
351 1204 1
351 3231 4
351 4966 1
351 4985 10
351 5905 8
351 3806 1
352 4874 8
352 4692 9
352 1930 10
352 2725 3
352 5796 8
360 1221 1
362 2650 9
362 1300 5
362 2344 4
362 3469 7
362 5646 3
362 1864 6
2176 4585 10
2176 5889 7
2176 5118 1
4995 4874 8
4995 5714 6
4995 875 7
4995 4195 8
4995 1864 10
367 1291 7
367 2304 10
383 3051 6
383 3759 2
383 4459 2
383 3354 3
383 5882 5
383 3285 3
383 3460 7
383 1864 1
383 4444 9
383 503 8
383 4711 3
383 3617 4
383 4366 1
383 3680 6
383 5125 4
383 3576 1
383 1932 1
383 5346 1
383 5800 1
383 2618 9
383 3606 4
383 2122 1
383 5643 8
383 3732 8
383 1749 1
383 2831 9
383 663 8
383 4874 8
383 5570 6
387 574 8
387 503 5
387 4195 9
387 5568 9
387 3576 2
387 4602 2
387 4109 7
387 5733 2
387 4129 10
387 1864 10
387 1478 8
389 2406 5
393 2886 3
393 2068 2
393 783 8
393 2777 7
393 5066 5
393 2959 10
393 1513 3
393 2408 10
393 5553 5
393 1118 4
393 1398 8
393 3576 10
393 5118 3
393 4078 9
393 2607 1
393 3561 1
393 5189 7
393 1864 5
393 3499 6
393 3680 7
398 765 2
398 3574 10
398 5643 9
398 2149 9
398 5274 5
398 1948 5
398 3740 3
398 1747 8
398 5882 3
398 2195 3
398 3632 2
398 3576 8
400 503 3
400 1946 9
400 3797 2
400 5643 1
400 1864 4
400 717 8
400 1091 1
400 5870 6
400 5882 1
400 4874 1
400 617 7
400 3270 7
403 3641 5
404 4509 9
404 4014 3
404 1951 7
404 540 10
404 4921 4
406 3576 1
411 5323 5
411 5066 8
411 1864 1
413 3947 9
413 5442 9
413 4389 8
413 3020 9
413 5376 4
413 5393 5
413 492 1
413 5882 10
413 3096 3
413 3557 2
413 2097 2
70 5342 9
70 2420 2
3052 3576 8
3052 1881 3
3052 3020 10
3052 3354 10
3052 5882 8
3052 617 7
3052 1864 9
426 5125 7
427 3576 7
427 5800 1
434 1609 3
434 1973 1
434 2025 6
434 2874 2
434 1588 3
434 4938 3
434 847 10
434 2462 2
434 1949 4
434 3669 4
434 1951 4
434 3109 4
434 2722 1
434 1047 5
434 1230 1
434 3405 7
434 4115 7
434 5532 10
434 3726 8
434 2685 8
434 2364 3
434 1947 4
434 2575 8
434 1855 2
434 841 1
434 4876 2
434 4697 9
434 4313 3
434 5410 6
434 5906 10
436 5112 1
436 2025 1
436 572 9
436 3733 5
436 2938 7
436 1951 7
436 1047 8
436 5102 7
436 4693 1
439 3947 6
439 5613 9
439 3617 8
439 492 3
439 5442 8
441 1689 10
441 2958 5
441 3081 6
441 3576 5
441 933 8
441 2408 10
441 4366 5
441 3831 7
441 5870 9
441 617 7
441 1864 9
441 4973 1
442 844 1
442 2472 4
442 4585 7
442 5118 8
442 1521 3
446 574 10
446 503 6
446 933 4
446 1581 5
446 3164 7
446 5088 2
446 4340 8
446 5346 7
446 598 2
446 3925 4
446 4874 3
446 1864 2
446 1710 7
446 5801 7
447 503 7
447 3405 2
447 5896 9
447 3669 8
447 2520 8
447 1864 1
447 3278 5
451 577 6
451 4693 7
455 3759 3
455 3576 4
455 1932 3
455 1751 10
455 5800 5
455 4124 10
455 3285 5
455 3460 7
456 3081 1
456 4962 4
456 933 2
456 907 6
456 4340 7
456 3617 3
456 1864 5
456 1048 9
456 4874 10
456 617 5
456 3270 2
456 4893 10
464 1581 9
464 2931 8
464 5178 9
464 2791 7
464 5307 4
464 2881 6
464 1864 3
464 4444 10
464 1793 3
464 2725 7
464 4713 10
464 933 1
464 2029 10
464 1210 7
464 3680 6
464 2658 9
464 536 5
464 5796 10
464 4962 10
464 1932 10
464 5772 5
464 5346 1
464 3346 5
464 3322 3
464 5899 7
464 5870 7
464 2009 1
464 3617 3
464 3270 2
464 5333 5
464 3578 2
464 3972 2
464 2324 7
464 4459 6
464 3732 7
464 2646 6
464 4700 8
464 1736 3
464 4874 7
464 3576 2
465 3139 7
465 5118 7
465 3553 3
465 1864 10
467 1291 4
467 5702 6
467 1463 4
467 4975 3
467 2407 5
467 3703 4
467 1488 6
467 3663 7
467 2056 8
467 5906 7
473 2408 6
473 4420 9
473 4294 9
473 4078 10
473 3561 4
477 4286 4
477 3424 5
477 3156 6
477 282 5
477 4798 5
477 2157 3
477 542 9
477 1665 2
477 744 2
477 5905 1
477 3794 10
477 4558 3
484 4966 9
489 4874 8
489 4480 5
489 2147 1
489 3767 2
490 2931 3
490 5243 5
490 5178 3
490 5333 1
490 1793 1
490 3972 4
490 4713 4
490 2029 8
490 3680 10
490 5772 3
490 1736 6
490 3576 6
490 5346 5
490 4219 2
490 3320 7
490 4700 3
490 3322 5
490 2658 7
490 2009 5
490 3578 3
490 2725 5
490 3732 2
490 2646 10
492 5694 4
492 4389 6
492 5376 3
492 608 5
492 5882 2
492 3460 6
492 3096 3
492 2767 1
492 3947 7
492 851 8
492 3340 8
492 3617 7
492 3331 3
492 1930 9
492 5613 2
492 5480 3
492 4429 5
492 2097 1
492 3635 2
492 2598 5
492 1605 4
492 5390 10
492 5643 9
492 2951 10
492 3925 1
492 5393 7
492 4973 4
493 1910 9
496 4014 7
3065 3576 10
503 3692 1
503 3164 7
503 4340 7
503 2355 9
503 1840 5
503 4861 1
503 4236 4
503 1864 10
503 1478 6
503 4279 8
503 2725 2
503 1544 4
503 3855 8
503 717 8
503 1617 8
503 617 8
503 1517 6
503 3573 3
503 1207 10
503 3576 2
503 1536 2
503 5896 2
503 1689 6
503 3491 5
503 5899 8
503 746 4
503 1710 6
503 3270 6
503 4464 10
503 574 10
503 5191 4
503 1299 8
503 2956 1
503 1015 9
503 4459 2
503 598 9
503 3925 5
503 4076 5
503 4849 2
503 2855 7
503 4874 1
503 5598 10
503 5041 7
503 2958 3
505 2472 3
505 1323 5
505 5791 1
505 5118 10
505 5449 3
505 2937 10
505 690 1
505 4394 10
505 5889 6
505 895 3
505 3387 5
505 1459 6
505 2777 7
505 4942 5
505 4196 4
505 5751 5
505 2346 7
505 2641 9
505 2137 1
505 775 2
505 1938 3
505 2693 8
505 4874 8
505 4107 3
513 2346 6
515 3680 10
515 1864 10
517 1119 9
517 2408 1
517 2397 2
517 4294 6
519 3387 6
519 2276 3
3081 1946 8
3081 2689 9
3081 1073 7
3081 1864 5
3081 5422 3
3081 1921 1
3081 3732 9
3081 1606 3
3081 4916 10
3081 4917 6
3081 609 8
3081 5102 7
3081 3576 5
3081 4328 1
524 2098 10
524 1015 6
524 3020 10
524 2408 4
524 3925 8
524 3629 10
524 4874 10
524 3460 9
526 2642 4
526 1703 1
526 2216 1
526 3807 10
526 2342 3
526 3428 6
526 4410 7
526 4667 8
526 5051 8
526 3513 3
526 3678 6
526 4455 3
526 884 2
527 2607 9
527 4585 4
529 1366 9
529 3028 10
3165 2408 1
3165 2406 3
532 598 3
532 3576 4
532 2927 4
532 2016 2
536 5088 10
536 5178 7
536 5333 7
536 5882 4
536 3460 4
536 1864 4
536 2725 10
536 1817 6
536 933 2
536 4459 7
536 3620 7
536 3680 2
536 617 4
536 4339 9
536 5125 10
536 3576 6
536 3491 5
536 3268 6
536 4328 10
536 3617 1
536 3270 1
536 5643 10
536 4962 1
536 598 9
536 2493 4
536 4874 4
539 4691 6
539 2406 10
539 1864 2
539 3001 4
539 5066 1
540 4499 2
540 3893 7
540 4475 5
540 4658 5
540 3695 8
540 3355 2
540 5380 3
540 1637 10
540 1615 2
540 4981 1
540 1060 7
540 4018 1
540 4509 10
540 5609 10
540 2775 5
540 5410 2
540 1512 10
540 1535 1
540 2341 3
540 4513 8
540 3882 1
540 4297 3
540 840 2
540 2575 4
540 5463 7
540 927 3
540 4891 1
3222 2951 5
3222 4874 2
542 3428 2
542 3617 10
542 5830 5
542 1003 4
547 4274 10
547 2918 1
547 1921 6
547 5184 5
547 1099 4
547 4874 10
547 1864 2
547 5830 4
557 2851 4
557 1199 6
557 2900 8
557 2777 2
557 3792 10
557 3719 1
557 1323 2
557 4768 9
557 3048 6
570 4255 7
570 4953 3
572 916 8
572 4915 8
572 4189 7
572 4058 3
572 3669 10
574 3574 6
574 1478 6
574 3576 3
574 3970 9
574 1986 7
574 4340 7
574 3270 1
574 1864 2
574 3831 2
574 2493 1
574 2879 8
574 4874 4
574 5882 3
574 5801 4
574 5482 7
577 4509 3
577 2025 7
577 1883 4
577 2462 7
577 2653 7
577 1951 10
577 2722 10
577 2964 1
577 4189 3
577 5532 3
577 2773 9
577 2685 5
577 4693 5
577 5122 5
577 3726 1
577 2364 8
577 4725 2
577 840 5
577 2575 7
577 799 3
577 5506 3
577 5410 2
577 1991 6
577 5906 9
581 719 7
581 739 4
581 2839 2
581 2534 3
581 1916 6
581 1042 3
581 3807 3
581 2642 9
581 4112 6
581 4125 8
581 5833 7
581 3428 7
581 2678 10
581 917 4
581 3031 10
581 4410 4
581 5770 8
581 2242 2
588 2944 4
588 5066 2
588 3719 2
588 4555 4
588 806 9
588 1323 10
588 733 10
588 1864 1
589 5801 6
598 4081 10
598 2978 10
598 3759 10
598 1680 6
598 933 9
598 1881 3
598 3970 3
598 5307 9
598 2520 2
598 1634 6
598 4109 3
598 1091 10
598 2355 4
598 3331 2
598 2377 3
598 3460 8
598 4236 1
598 3617 3
598 3402 9
598 1478 5
598 5578 5
598 1925 9
598 5568 2
598 2059 9
598 4394 7
598 1123 10
598 1864 4
598 3720 7
598 1210 9
598 4366 3
598 3680 8
598 4032 7
598 4656 9
598 617 2
598 3500 9
598 4195 5
598 3947 10
598 3576 2
598 1932 8
598 5346 4
598 818 2
598 4700 9
598 3268 3
598 4340 7
598 2189 5
598 1710 7
598 1288 5
598 1854 8
598 3658 3
598 4602 9
598 1581 1
598 5643 8
598 3088 10
598 5882 6
598 5544 10
598 4076 5
598 4962 6
598 4988 6
598 4874 1
598 2956 9
598 5906 2
598 3278 8
605 4768 3
608 4956 5
608 2598 9
608 1930 2
608 3576 6
608 4889 10
608 3460 9
608 3617 7
608 4880 9
609 2357 10
609 1986 3
609 3598 8
609 1921 2
609 1443 3
609 4874 1
610 884 9
612 3091 5
612 3425 10
612 2224 2
612 2429 7
612 5640 10
612 1003 7
614 5346 4
615 5306 1
615 3726 10
616 5568 8
617 2404 10
617 1946 5
617 3164 7
617 5714 1
617 4340 4
617 2127 3
617 2355 8
617 2368 5
617 5118 2
617 5882 1
617 3460 2
617 4236 10
617 1864 7
617 4635 2
617 2869 6
617 4663 6
617 3972 9
617 3088 9
617 3720 10
617 717 9
617 2855 6
617 1207 5
617 4195 9
617 1536 7
617 5896 6
617 2519 6
617 5480 4
617 3491 9
617 3268 5
617 5869 4
617 5870 3
617 3855 9
617 746 5
617 3270 6
617 4434 10
617 1747 4
617 4700 9
617 5088 2
617 2139 5
617 2646 1
617 3925 6
617 4076 4
617 2493 9
617 1606 9
617 4874 7
617 3915 8
617 2195 3
617 2958 9
622 3156 4
622 5838 6
622 3028 3
622 3189 2
622 4147 9
622 4622 1
622 5735 4
622 4985 7
622 5905 7
622 5016 8
622 4326 7
622 4558 6
622 3806 1
623 4274 9
623 5177 5
623 3354 7
623 1864 2
623 5743 10
623 2831 5
623 5184 3
623 5439 6
623 2385 6
623 1099 6
623 4874 7
623 1899 10
623 5830 9
623 3397 2
630 2025 2
630 5102 4
630 4039 1
630 3669 9
632 3189 2
634 2477 1
634 4014 9
634 3669 8
634 3946 2
634 2333 3
634 4939 3
634 5380 9
634 4921 9
634 2380 5
634 1060 8
634 5142 3
634 243 5
634 4305 7
634 3956 1
634 2254 3
634 4697 10
634 3602 10
634 2345 1
634 2575 2
634 2304 8
634 3142 4
634 1991 3
638 3159 2
638 5142 4
638 3074 6
643 2250 6
643 1521 6
653 2900 2
653 4966 7
653 1003 3
653 3806 8
653 3127 5
2588 3680 6
2588 3719 5
2588 1323 9
2588 1864 9
2588 5066 4
663 4740 5
663 3576 9
663 1932 7
663 1517 6
663 3491 7
663 1617 1
663 3617 10
682 1366 4
683 5480 8
683 2831 4
685 4874 9
688 1972 2
688 1041 5
688 1917 9
688 3964 5
688 3189 5
688 1665 5
688 4547 10
688 2224 7
688 4678 7
688 3156 7
688 4286 7
688 4326 9
688 744 8
688 4558 9
688 3933 6
688 4518 3
688 3298 6
688 5518 2
688 5735 6
688 5905 1
688 4874 1
688 3806 8
688 3734 9
690 4394 4
690 1474 9
690 2472 5
690 5791 7
690 5118 5
690 3812 9
690 1864 8
690 2937 6
690 3719 9
690 4585 5
690 5227 4
690 5889 4
690 3680 7
690 2250 9
690 895 8
690 4942 8
690 5751 7
690 2346 8
690 2641 2
690 1938 3
690 2693 2
690 5066 1
690 1521 2
690 4107 10
691 5016 7
691 3387 8
696 1106 10
717 2404 10
717 746 1
717 4635 6
717 1502 2
717 2355 9
717 5870 2
717 2855 4
717 1864 8
4124 3576 8
4124 1932 9
4124 1749 5
4124 3285 3
4124 5882 5
4124 3460 1
4124 3617 9
719 2242 3
719 1916 4
719 4953 6
719 2678 10
719 1703 7
719 3807 9
719 2216 3
719 5770 2
719 3594 5
719 4667 9
719 5583 7
719 739 10
719 2342 2
719 4125 7
719 4928 9
719 4455 4
719 2715 2
719 5833 3
719 4410 10
719 1518 3
719 969 1
719 4346 5
719 884 3
733 5650 4
733 2390 6
733 5066 7
733 3918 5
733 2042 7
733 1864 1
733 2586 7
733 1301 2
733 3148 7
733 3576 7
733 5118 9
733 4555 5
733 1824 10
733 4478 4
739 5156 4
739 2242 9
739 2534 2
739 4579 7
739 1358 9
739 4057 1
739 5015 9
739 5225 5
739 3513 2
739 1703 7
739 5677 5
739 3428 8
739 5697 9
739 4346 1
739 1042 1
739 5770 5
739 4587 3
739 3594 7
739 4667 4
739 5051 3
739 4216 1
739 2161 4
739 3411 9
739 5081 8
739 2731 4
739 2342 3
739 4491 6
739 4125 10
739 3031 6
739 4455 8
739 2259 3
739 2642 1
739 5583 3
739 5833 4
739 3438 5
739 655 8
739 4410 1
739 1518 3
739 5693 10
739 3807 5
739 884 8
742 780 3
744 3690 8
744 5295 10
744 3156 4
744 3028 1
744 3127 9
744 1003 5
744 4576 10
744 1237 10
744 5905 9
744 4191 9
744 3806 5
744 4550 7
744 1599 6
744 4558 1
746 3598 5
746 3797 4
746 1581 9
746 933 4
746 5870 6
746 1864 5
753 3293 10
753 5130 3
753 3425 7
753 5838 10
753 4044 10
753 4695 3
753 2429 8
753 1665 8
753 4558 4
753 1891 7
753 5905 7
753 3156 10
753 4807 6
759 3936 4
759 2780 9
759 1294 10
759 2950 5
759 3387 6
4612 1003 9
771 4459 1
771 1932 2
771 1864 1
771 3285 3
771 3617 5
775 4081 8
775 5441 8
775 3387 9
775 2777 9
775 5066 5
775 5120 10
775 4942 8
775 2408 6
775 1323 6
775 5118 3
775 5881 7
775 1864 9
775 5236 5
775 2641 2
780 5150 9
780 4874 6
780 3901 6
780 3319 3
783 5553 6
783 2886 4
783 4294 3
783 3832 4
783 2408 5
783 5589 3
783 5634 4
785 1221 9
785 3350 2
785 3290 7
786 4874 1
787 5066 1
787 5262 2
787 4014 2
787 1193 7
133 2937 2
791 5722 4
791 3481 7
791 3669 7
791 2964 4
791 3405 4
791 4527 2
791 3726 1
791 2345 2
799 2722 8
799 5142 5
799 2364 5
799 3074 4
799 4693 6
3121 3918 1
803 2408 1
803 2483 6
803 5553 2
803 5189 8
803 3561 4
806 3719 4
806 5075 10
806 3799 10
806 1864 10
818 3207 5
818 1544 2
818 1925 5
818 3692 3
818 2951 9
818 3576 4
818 1581 4
818 2518 4
818 3720 8
818 3925 7
818 4109 10
818 1310 10
818 4129 10
818 4656 6
818 2377 1
818 4874 6
818 4236 3
821 2472 7
821 4874 7
822 4874 3
822 4274 10
822 2598 9
822 5830 1
827 5142 3
827 3074 9
5075 1793 2
5075 5441 4
5075 3719 2
5075 2777 1
5075 5553 7
5075 1474 7
5075 1513 10
5075 3508 8
5075 5118 7
5075 1864 3
837 1398 4
840 3695 3
840 5380 7
840 4297 7
841 2575 3
841 4975 3
841 5535 3
841 1951 5
841 1949 6
841 3669 7
841 3726 4
841 1991 9
841 5906 9
844 2472 4
844 5614 5
844 5141 1
847 1991 7
847 2773 9
847 3726 9
851 3331 7
851 3576 4
851 2097 8
851 3947 10
863 2884 1
863 5856 3
863 5585 6
864 2407 9
864 3703 5
864 1291 9
864 2056 6
873 5882 1
874 5016 1
875 1864 7
875 4340 9
877 2685 8
884 4255 4
884 2985 10
884 2242 3
884 2534 3
884 1042 7
884 1358 5
884 4057 4
884 969 6
884 5015 7
884 5225 2
884 3513 2
884 1703 4
884 5677 1
884 3428 2
884 3807 6
884 4112 1
884 5770 1
884 4587 1
884 3594 3
884 4667 3
884 3488 6
884 3652 1
884 4216 7
884 3678 4
884 2161 9
884 3411 4
884 5081 10
884 2731 4
884 2342 10
884 4491 10
884 4125 2
884 4953 9
884 5051 5
884 3031 2
884 4455 7
884 2642 8
884 5583 6
884 5833 5
884 3438 1
884 4410 2
884 1518 7
884 2678 10
884 5156 5
895 2472 7
895 4394 4
895 4196 8
895 5751 2
895 2693 7
895 4107 7
907 4711 5
907 3759 5
907 3576 5
907 1881 5
907 4459 2
907 4340 9
907 3617 8
907 1864 7
907 4366 2
907 3831 6
907 4421 5
907 5118 3
907 1091 1
907 1443 3
907 4861 6
907 5482 6
916 2070 1
916 2938 7
917 2242 3
917 2715 4
917 1916 7
917 4346 6
917 2731 2
917 4455 2
917 2259 6
927 4297 3
928 1584 2
928 4479 3
928 1864 10
933 3759 1
933 3500 1
933 3641 10
933 1948 8
933 255 9
933 2618 3
933 5882 2
933 4236 1
933 1864 1
933 4444 5
933 4740 9
933 5492 6
933 2591 6
933 3088 6
933 5178 5
933 2135 10
933 3598 8
933 5191 8
933 3841 8
933 3576 7
933 2518 7
933 4328 2
933 5870 6
933 1921 10
933 1710 5
933 5333 5
933 3658 1
933 3972 1
933 1747 4
933 5088 2
933 4248 5
933 1897 3
933 4150 5
933 2958 2
940 4081 1
940 3635 6
940 3574 9
940 4459 4
940 4340 4
940 1864 9
940 3576 8
940 4032 10
940 1986 7
940 2949 4
940 3617 7
952 1291 5
952 2304 1
952 1463 3
952 5142 5
952 2462 2
952 2056 3
952 5220 3
4420 1398 10
956 1609 6
956 1132 9
956 3713 4
956 2623 2
956 3893 6
956 3669 8
956 1047 7
956 4636 2
956 4817 4
956 4189 7
956 3749 10
956 3726 3
956 2889 5
956 4693 5
956 4725 1
956 1873 5
956 2575 7
956 2044 10
956 5687 10
956 2806 9
956 3183 1
956 4805 7
956 2212 8
962 3189 5
968 2579 8
968 4916 4
969 2642 7
969 1703 1
969 5156 5
969 5081 9
969 2731 8
969 3807 1
969 2342 1
969 4538 9
969 655 4
969 4410 6
969 3678 3
969 5833 7
969 4667 2
991 3127 3
991 5295 3
991 3156 5
991 4558 9
991 5905 10
995 2406 5
1000 4274 10
1000 1864 10
1000 3354 3
1000 4874 5
1000 1986 1
1000 5830 4
1004 1864 7
243 4921 6
243 4014 8
243 3405 10
243 2364 3
243 4189 4
243 3726 2
1010 4524 6
1010 3723 9
1010 1913 2
1010 3772 9
1011 3577 10
1011 3159 6
1011 3387 10
1011 3859 3
1011 2997 9
1011 1294 7
1011 4652 7
1011 3119 4
1015 5191 6
1015 3207 7
1015 3797 1
1015 3692 3
1015 3442 6
1015 4109 7
1015 3925 8
1015 2368 5
1015 3969 7
1015 1288 1
1015 2732 1
1015 1683 4
1521 4114 1
1521 3347 2
1521 1670 10
1521 5141 7
655 2242 3
655 1916 5
655 4953 1
655 2678 4
655 1703 10
655 4112 5
655 3594 1
655 4667 5
655 3156 10
655 1358 3
655 5081 5
655 2342 7
655 4125 10
655 4928 2
655 3513 5
655 4558 6
655 2642 10
655 5833 1
655 4410 4
655 5905 8
2139 4195 2
2139 4713 4
2139 5568 10
2139 1864 7
2139 4459 1
2139 3617 4
2139 1502 5
2139 2519 2
2139 2501 4
2139 4889 7
2139 5870 9
2139 3270 5
1027 3411 6
1027 2242 8
1027 2172 8
1027 2715 4
1027 4491 1
1027 4112 3
1027 4125 1
1027 3428 10
1027 4410 2
1027 1518 3
1027 4928 6
1027 5051 7
3159 2780 4
3159 3119 1
3159 3387 6
3159 3181 2
3159 3859 9
3159 5066 4
3159 1864 4
3159 3936 2
3159 4226 3
3159 5118 6
3159 4652 10
3159 1074 7
1041 5295 4
1041 3933 2
1041 3344 3
1041 2534 2
1041 2731 9
1041 4125 6
1041 5770 9
1041 4674 6
1041 1003 10
1041 5105 4
1041 5800 2
1041 4576 10
1041 4928 8
1041 3127 6
1041 2161 1
1042 2534 1
1042 1916 8
1042 4953 3
1042 2678 7
1042 5015 4
1042 5225 7
1042 4455 7
1042 5677 4
1042 3807 8
1042 5770 3
1042 4667 6
1042 3488 2
1042 5081 10
1042 2731 9
1042 4125 4
1042 3031 6
1042 4928 2
1042 3513 1
1042 2259 10
1042 2715 6
1042 4410 7
1042 4346 8
1047 2025 4
1047 2525 3
1047 1991 8
1047 5102 3
1048 2688 1
1048 4103 10
1048 3719 4
1048 1166 4
1048 1864 9
1048 4893 4
1056 1863 9
1056 3001 10
1063 5899 4
1063 5882 3
1063 1808 5
1063 3402 10
1063 3088 6
1140 4910 8
1074 3576 6
1077 2472 3
3403 4874 1
1091 3051 5
1091 4274 1
1091 2406 4
1091 5643 4
1091 2944 8
1091 2520 10
1091 2219 10
1091 1476 7
1091 5882 1
1091 5118 5
1091 3759 2
1091 3460 3
1091 3744 7
1091 1864 5
1091 3947 5
1091 4711 3
1091 1231 7
1091 2725 3
1091 1581 8
1091 5492 5
1091 2059 1
1091 4585 3
1091 5001 2
1091 5449 2
1091 5743 5
1091 3680 2
1091 5052 4
1091 4339 1
1091 1930 4
1091 3387 10
1091 3576 10
1091 1932 4
1091 3266 7
1091 5346 3
1091 3268 9
1091 3468 6
1091 5899 8
1091 4429 8
1091 5590 9
1091 3617 4
1091 3270 9
1091 4406 4
1091 1427 1
1091 3785 9
1091 5544 9
1091 4962 2
1091 2951 9
1091 4700 6
1091 5066 4
1091 4459 10
1091 4874 2
1091 5906 9
1091 3278 1
1094 4874 3
1094 1581 2
1094 5643 1
1094 3617 6
1095 5066 4
1095 1193 4
1095 1864 2
1096 3947 7
1099 4274 7
1099 3576 2
1099 4422 3
1099 1864 2
1099 5743 9
1099 2831 7
1099 5184 4
1099 2385 3
1099 5052 8
1099 4874 6
1099 5482 7
1099 5830 2
1099 4444 10
1106 5464 10
1106 3719 7
1106 1166 1
1106 1864 6
1106 2709 5
1111 3189 8
1116 1795 8
1116 5380 10
1116 4475 3
1116 4297 3
1118 3373 7
1118 4294 3
1118 3561 1
1118 2607 4
1119 4892 9
1119 3078 8
1119 5029 9
1119 4349 7
1119 2827 5
1119 4294 2
1119 2408 9
1119 4874 10
1123 4635 3
1123 1747 2
1123 1207 10
1123 365 4
1123 4236 2
1123 5041 3
1124 2056 9
1124 1463 1
1125 4153 9
1125 1474 2
1126 2717 3
1131 3891 6
1131 1864 7
1132 4499 1
1132 5687 7
1132 3713 4
1132 2623 1
1132 2525 2
1134 3806 7
1135 4014 3
1135 1880 2
1135 4921 9
1135 3405 9
1135 5410 4
1135 4693 1
1138 5881 5
1139 5016 7
1142 3918 1
1143 1864 5
1144 5568 6
1144 2693 8
1147 1003 9
1147 3486 2
1147 5735 9
1147 3476 10
1073 4274 6
1073 4720 6
1073 1443 4
1073 1921 10
1073 4874 7
1073 2357 9
1073 1864 3
1152 3576 1
1152 3797 4
1155 3293 9
1155 3891 7
1155 4695 4
1155 3284 2
1155 3868 1
1155 1864 6
1155 1665 4
1166 4893 1
1166 4103 2
1166 5066 8
1166 1364 9
1166 1864 1
1168 2693 2
1168 4107 2
1179 5066 7
1180 3028 5
1181 5856 9
1181 184 4
1193 3891 10
1193 5838 1
1193 3987 6
1193 5066 6
1193 1323 4
1193 1665 7
1193 1891 1
1193 5905 4
1193 3156 6
1193 1864 6
1193 4558 3
1197 1398 10
1198 5568 10
1198 4889 8
1198 4195 3
1204 4792 6
1204 4550 7
1204 1003 10
1205 5889 9
1205 3278 9
1207 4459 8
1207 3088 10
1207 1864 10
1207 4109 4
1207 2355 4
1207 4340 10
1207 4129 2
1207 4874 4
1207 3617 8
1207 3680 4
1209 4874 8
1209 1854 5
1209 3020 9
1221 1417 6
1221 3387 8
1221 1965 7
1221 2124 2
2869 4874 10
2869 4988 8
2869 2355 1
2869 5796 5
1231 3576 8
1231 3460 6
1231 2863 4
1231 3759 5
1242 3678 9
4966 3806 6
1251 2777 10
1251 3792 10
1251 3719 7
1251 1323 10
1257 1291 2
1257 2304 6
1257 4014 1
1257 4921 4
1257 5800 10
1257 3946 4
1257 3897 10
1921 4274 3
1921 1946 8
1921 5747 6
1921 4340 3
1921 3354 10
1921 2128 4
1921 5882 2
1921 2357 5
1921 1864 1
1921 1478 1
1921 2084 3
1921 3019 5
1921 5743 10
1921 5228 4
1921 5772 10
1921 5052 2
1921 4422 6
1921 4444 2
1921 3597 2
1921 5029 4
1921 2689 2
1921 3576 7
1921 5681 10
1921 4328 3
1921 5870 3
1921 1986 1
1921 4572 9
1921 1443 1
1921 5439 3
1921 2598 10
1921 2831 3
1921 1606 8
1921 5643 9
1921 2602 8
1921 4874 9
1921 1472 7
1921 3519 5
4180 2068 8
4180 2346 5
1273 1864 2
1273 2937 5
1276 4153 7
1278 3680 7
1278 2607 1
1278 1864 2
1278 5066 4
2017 3719 9
2017 1323 6
1288 5713 3
1288 4340 2
1288 5333 4
1288 3354 5
1288 5072 8
1288 5882 1
1288 1864 7
1288 4459 10
1288 3617 10
1288 5125 6
1288 3576 2
1288 5480 4
1288 4874 5
1288 5191 7
1288 1299 4
1288 5419 1
1288 5643 5
1288 2646 4
1288 3925 5
1288 2855 6
1288 5041 2
1291 1291 6
1291 1463 6
1291 4975 2
1291 3703 5
1291 4879 3
1291 1488 3
1291 2062 1
1291 3396 8
1291 3663 6
1291 2056 2
1294 2780 10
1294 3387 4
1294 3181 8
1294 3576 6
1294 4792 10
1294 5496 8
1294 3887 5
1294 2429 10
1294 3936 8
1294 5800 6
1294 3398 2
1294 2700 9
1294 5118 1
1294 4652 10
1294 2950 6
1294 1928 5
1299 4874 1
1299 1864 4
1300 3731 3
1300 2650 8
1300 3246 1
1300 2344 8
1301 5066 9
1301 1864 8
1301 2042 3
1301 4555 5
1305 184 2
1305 4491 4
1305 4885 3
1305 4360 3
1305 2934 2
1309 2886 2
1309 5634 2
1310 4656 5
1310 4236 2
1310 4874 4
1310 2189 4
1312 1916 9
1318 2646 6
1318 1581 2
1318 5643 7
1318 4459 1
1318 3617 6
1323 1366 8
1323 5650 10
1323 5713 9
1323 5553 4
1323 1474 4
1323 4440 2
1323 2860 5
1323 2997 3
1323 2743 4
1323 4768 8
1323 4153 3
1323 1864 4
1323 5157 7
1323 1704 6
1323 1668 8
1323 3462 8
1323 2885 6
1323 3719 7
1323 4585 7
1323 2940 10
1323 3672 2
1323 3680 2
1323 4422 10
1323 3228 4
1323 3387 3
1323 2777 8
1323 5118 3
1323 5800 9
1323 2277 2
1323 3604 8
1323 4729 1
1323 2137 2
1323 5066 5
1323 4829 3
1323 4107 2
1323 3792 10
1330 3685 10
1330 4297 5
1341 5882 6
1342 5066 2
1342 2406 4
1342 3719 8
1342 3781 7
1342 5227 2
1342 1505 6
1342 1864 3
1342 5279 5
1343 5066 1
1346 3947 5
1352 3402 3
1356 2960 6
1358 1703 4
1358 1916 9
1358 3807 9
1358 3428 7
1358 4667 6
1358 2161 6
1364 2450 4
1364 5464 9
1364 2693 5
1364 4107 10
1364 2102 7
1364 2709 5
1364 4893 8
1366 3156 7
1366 3344 8
1366 4547 1
1366 2059 10
1366 3028 6
1366 2224 4
1366 3189 9
1366 1003 7
1366 4326 9
1366 5905 1
1366 4649 8
1366 3806 1
1366 4558 10
2560 1581 10
1376 4107 6
1376 5016 1
1376 2937 10
1383 3387 5
1383 1864 8
1388 5016 6
1393 4874 4
1396 2276 1
1398 5522 3
1398 2068 5
1398 3078 1
1398 4517 5
1398 4294 1
1398 3561 10
1398 2408 7
1398 3373 2
1398 5589 4
1400 3576 6
1402 5066 7
1405 3576 2
1405 5066 2
1405 1864 10
1405 3680 6
1417 3350 7
1417 3290 4
1417 3232 9
2839 2242 6
2839 2534 6
2839 1916 2
2839 4579 5
2839 4346 7
2839 3899 3
2839 4125 9
2839 4953 5
2839 5833 8
2839 1518 2
2839 2715 1
2839 2678 9
2839 4667 2
2839 2216 7
2839 4928 9
2839 4455 6
2839 5770 8
2839 4587 9
1427 2725 9
1427 4195 8
1427 1817 2
1427 5568 9
1427 3576 5
1427 1941 1
1427 1689 3
1427 3270 10
1427 4962 5
1427 5899 2
1427 1864 5
1427 3978 8
4817 2623 7
4817 2525 3
4817 4499 10
4817 5687 7
1443 1946 9
1443 5747 5
1443 4874 3
1443 3617 9
1443 4444 4
1443 4459 8
1443 1864 1
1443 5228 6
1443 5052 8
1443 4422 3
1443 3597 7
1443 5029 6
1443 2689 7
1443 5345 8
1443 4328 6
1443 1986 6
1443 5482 10
1443 5439 3
1443 2831 1
1443 1606 2
1443 5088 4
1443 5422 5
1443 1472 10
1443 3519 6
1447 3576 9
1447 5825 1
1448 5306 9
1448 5236 1
1459 5066 2
1459 5118 5
1459 1864 3
1462 1745 2
1463 4975 10
1463 3703 2
1463 2407 1
1463 1060 2
1463 2062 3
1463 2056 7
1472 4126 5
1472 4274 7
1472 3576 6
1472 3346 2
1472 5482 7
1472 1864 9
1472 2831 2
1472 4874 4
1472 5052 9
1472 4917 6
1472 4430 7
1474 2607 9
1474 4196 5
1474 3244 6
1474 5118 3
1474 5016 4
1474 2224 1
1474 3387 6
1474 2346 1
1474 3561 10
1474 5751 6
1474 4792 8
1474 4585 9
1474 5147 1
1474 2472 3
1474 4153 2
1474 4555 4
1474 3344 7
1474 3799 1
1476 4962 2
1476 1864 4
1476 4874 7
1476 5590 6
1476 3270 3
1478 5747 8
1478 4340 4
1478 3147 1
1478 3354 1
1478 2879 6
1478 5307 7
1478 4916 6
1478 5882 6
1478 3491 3
1478 3460 4
1478 1864 3
1478 3855 9
1478 3720 9
1478 4366 1
1478 3576 7
1478 1517 5
1478 3573 10
1478 2689 1
1478 4962 1
1478 3270 3
1478 2855 10
1478 3578 10
1478 5643 5
1478 3925 2
1478 4076 8
1478 5393 6
1478 4874 10
1482 5882 7
1488 4975 8
1488 3703 10
1488 4879 1
1488 3733 3
1488 4497 1
1488 2056 5
1489 2357 5
1490 3405 8
1490 3854 3
1490 4527 10
1490 3761 6
1490 3726 3
1490 4786 3
1490 2332 10
1490 2722 5
1492 4874 7
1492 1617 2
1502 5694 9
1502 4195 3
1502 1605 10
1502 3692 1
1502 3641 6
1502 5714 1
1502 3147 6
1502 5480 4
1502 4700 3
1502 3268 5
1502 4889 4
1502 1591 6
1502 5882 5
1502 1710 6
1508 3396 8
1512 1020 5
1512 5380 4
1512 4052 10
1512 5573 6
1513 2105 8
1513 5066 8
1513 5118 2
1513 5378 1
1513 3445 2
1513 1864 2
1516 3936 10
1516 2780 10
1516 3907 3
1516 2875 9
1517 4081 4
1517 1581 7
1517 4032 10
1517 4340 4
1517 1864 8
1517 5578 9
1517 2059 6
1517 1544 4
1517 3617 7
1517 4366 5
1517 3680 3
1517 5796 10
1517 3574 1
1517 3947 9
1517 1932 9
1517 2009 7
1517 4406 5
1517 4602 10
1517 2978 8
1517 4459 4
1517 4874 8
1518 5156 1
1518 2534 1
1518 2216 5
1518 4579 10
1518 4953 3
1518 4057 9
1518 2678 2
1518 5225 5
1518 2242 10
1518 4538 3
1518 1703 9
1518 3428 7
1518 5697 3
1518 3807 1
1518 4112 9
1518 4587 2
1518 3594 7
1518 4667 8
1518 5051 9
1518 4216 6
1518 5583 4
1518 3411 1
1518 2342 7
1518 4491 8
1518 4125 1
1518 4928 6
1518 4455 7
1518 2715 3
1518 5833 8
1518 4410 7
1518 3255 8
1518 5425 4
1518 5693 9
1518 4346 3
255 4874 5
1526 4874 8
4226 3897 3
4226 3387 8
4226 4527 7
4226 5142 4
4226 3181 10
4226 3074 5
1535 5029 8
1535 3576 2
1535 5463 3
1535 2024 1
1535 3761 2
1535 3519 2
1535 4786 7
1535 4874 3
1536 3573 5
1536 4700 5
1536 4874 4
1536 1864 4
1544 1581 2
1544 5578 2
1544 4279 2
1544 2951 2
1544 3576 8
1544 3797 4
1544 2978 9
1544 4737 3
1544 2189 5
1544 2377 9
1544 4874 6
1544 4236 4
1549 4720 4
5191 5643 9
5191 1932 9
5191 3617 10
5191 2493 8
5191 5072 1
5191 5882 10
5191 4874 8
5191 5870 1
5191 5307 7
5191 1864 2
5191 3576 9
1557 2189 6
1572 4039 3
1581 3759 3
1581 4081 1
1581 4459 1
1581 4340 9
1581 5333 3
1581 5882 6
1581 3088 9
1581 3460 10
1581 3993 9
1581 5628 9
1581 5289 6
1581 3078 10
1581 4236 6
1581 4091 3
1581 3925 7
1581 3855 2
1581 3720 5
1581 2132 10
1581 4665 5
1581 3680 7
1581 4032 2
1581 3574 7
1581 1930 1
1581 3207 2
1581 4962 10
1581 1932 2
1581 5346 6
1581 4700 6
1581 3958 7
1581 2189 8
1581 2863 6
1581 4330 1
1581 3617 1
1581 4430 2
1581 3049 9
1581 4406 9
1581 3635 6
1581 2831 2
1581 2029 9
1581 4602 5
1581 5643 6
1581 4248 3
1581 2646 6
1581 5733 3
1581 4850 1
1581 5875 6
1581 2059 4
1581 4150 5
1581 4874 10
1581 3576 6
1595 2780 3
1210 1793 4
1210 3578 8
1210 3972 5
1210 2725 4
1210 4713 6
1210 2324 4
1210 5178 4
1210 5346 8
1210 3576 8
1210 5333 8
1210 4700 5
1210 5882 2
1210 2009 4
1210 1864 6
1210 5796 10
1599 1958 8
1599 4547 1
1599 4985 9
1599 5905 1
1599 3156 10
1599 4558 4
1605 3574 3
1605 4459 2
1606 5747 1
1606 2669 5
1606 3346 7
1606 1864 1
1606 5228 4
1606 5184 7
1606 2355 5
1606 4874 9
1606 2357 4
1606 3617 1
1606 5482 4
1606 5422 10
1609 2025 3
1609 5655 6
1609 2525 9
1609 2722 8
1609 3733 4
1609 4725 6
1609 3669 8
1609 1991 5
1609 5102 10
1609 4693 3
1614 3255 7
1615 5380 7
1615 3954 7
1615 5573 10
1617 3574 2
1617 3947 10
1617 3576 10
1617 4459 6
1617 2863 7
1617 1864 8
1617 4366 5
1617 3680 2
1617 4962 1
1617 4874 3
1617 3617 8
1617 5801 7
1617 4990 8
276 3576 9
276 2219 1
276 5307 6
276 4916 8
276 4675 6
276 1864 10
1634 4274 7
1634 5184 3
1634 4874 8
1634 1864 4
1634 5830 5
1636 4107 2
1636 2693 5
1637 2025 3
1637 5380 6
1637 5573 10
1637 2305 4
1637 2341 5
1637 3882 6
1637 4297 9
1637 2024 9
1637 5142 2
1637 3695 10
1637 3761 6
1637 2902 10
1637 3843 3
1637 4509 1
1637 4786 5
1637 5102 3
1637 3074 1
1637 2364 8
1637 3954 8
1641 1948 4
1642 5830 1
1645 3425 5
1645 2429 5
1652 5066 1
1654 282 6
1654 4695 3
1654 1665 5
1654 5905 7
1654 3156 9
1654 4558 9
1655 5568 10
1658 5016 3
1660 5227 6
1660 4107 5
1665 5838 10
1665 3860 6
1665 3127 5
1665 3293 2
1665 3425 1
1665 3647 8
1665 1003 2
1665 1891 10
1665 1847 6
1665 3387 5
1665 4044 7
1665 5150 4
1665 4695 7
1665 5800 10
1665 5130 1
1665 2900 8
1665 2429 8
1668 3719 4
1668 1864 1
1670 2250 4
5212 4885 2
5212 4491 2
1682 1003 8
1688 5706 2
1688 1886 9
1689 4459 9
1689 5333 8
1689 4129 6
1689 5882 2
1689 1864 10
1689 3617 8
1689 3680 9
1689 5251 1
1689 3576 2
1689 1932 10
1689 5480 1
1689 3491 4
1689 3230 9
1689 2009 9
1689 1854 10
1689 5442 6
1689 2951 10
1689 5643 10
1689 2646 2
1693 1891 4
1693 4695 3
1693 3647 10
1693 5838 9
1693 5070 1
4516 5066 7
4516 1864 5
1703 2985 10
1703 2242 6
1703 2534 6
1703 2472 5
1703 5015 8
1703 5225 9
1703 3513 6
1703 5677 6
1703 4587 3
1703 5697 1
1703 3807 1
1703 2642 3
1703 4112 10
1703 5770 3
1703 3428 1
1703 3594 8
1703 4667 1
1703 5051 7
1703 3678 5
1703 2161 3
1703 3411 8
1703 5081 3
1703 2731 10
1703 2777 10
1703 2342 3
1703 4125 2
1703 4953 1
1703 3031 10
1703 4455 6
1703 5583 10
1703 5833 4
1703 4410 5
1703 4230 7
1703 4346 2
1704 2777 9
1704 3792 1
1704 2940 1
1704 4768 10
1710 3978 2
1710 3598 7
1710 2951 5
1710 4459 3
1710 5346 6
1710 3617 1
1710 2646 7
1710 3680 7
1710 5882 3
1710 5870 7
1710 1864 10
1710 2863 9
1710 3576 9
1710 2958 1
1711 2493 8
1714 3387 6
1714 5016 1
1722 1864 3
1728 2344 8
1730 2224 7
1736 4340 2
1736 5899 1
1736 3831 10
1736 1864 4
1736 1793 1
1736 2725 4
1736 3617 1
1736 3680 6
1736 5772 6
1736 5796 6
1736 1930 6
1736 2776 10
1736 5346 4
1736 4700 4
1736 4927 8
1736 2324 8
1736 3346 5
1736 4459 4
1736 4874 5
1737 3001 1
4710 2406 8
1745 4649 10
1747 3574 5
1747 5713 3
1747 2149 5
1747 5274 9
1747 4459 9
1747 1864 9
1747 1948 4
1747 3740 3
1747 3632 3
1747 5772 7
1747 5870 2
1747 4874 6
1747 2195 8
1747 3617 5
1747 3576 3
1747 2317 2
1749 3759 9
1749 1932 5
1749 3460 3
1749 3617 5
1751 3285 8
1751 1932 2
1751 3460 9
1754 879 2
1780 2767 2
1780 3947 10
1780 3096 5
1780 2278 9
1780 2097 4
1787 3460 7
1787 3617 7
1792 4751 4
1792 4806 3
1792 5016 10
1793 5713 5
1793 2520 1
1793 1864 5
1793 2725 6
1793 3719 3
1793 3680 3
1793 2777 3
1793 2776 1
1793 4962 4
1793 4340 8
1793 5899 5
1793 5590 2
1793 3799 8
1793 2951 10
1793 5066 8
1793 4874 3
1793 3278 7
1794 5856 3
1794 4885 7
1795 4297 5
1796 4792 9
3284 3868 4
1808 5882 10
1808 3402 9
1808 3088 6
1809 3270 2
1811 3387 1
1817 3051 5
1817 5643 3
1817 4459 4
1817 3270 7
1817 1864 9
1817 4962 9
1817 5882 3
1817 4874 7
1817 3617 10
1817 4558 6
1824 4424 5
1824 4102 2
1824 4585 5
1824 4555 7
1824 2042 10
1836 2429 3
1840 3797 5
1840 4340 9
1840 2520 10
1840 1864 1
1840 3278 10
1842 5066 10
1846 4692 8
1847 1891 8
1853 2964 6
1854 2951 6
1854 3925 10
1854 3491 5
1854 4675 3
1854 4874 6
1858 5643 8
1858 1864 5
1860 2324 2
1860 5178 3
1863 2406 5
1863 1864 6
1863 3001 3
1863 5791 5
1864 2405 2
1864 4274 10
1864 2406 7
1864 2598 3
1864 3891 3
1864 5178 7
1864 5714 6
1864 3632 5
1864 2127 5
1864 2501 2
1864 3354 10
1864 2879 1
1864 2618 10
1864 2881 5
1864 3617 7
1864 4740 9
1864 4464 1
1864 3085 8
1864 3719 3
1864 3456 7
1864 5001 1
1864 4366 4
1864 5279 10
1864 3266 1
1864 2420 10
1864 3001 4
1864 3624 2
1864 4608 6
1864 2137 1
1864 4339 9
1864 2135 6
1864 4195 7
1864 5725 7
1864 3164 1
1864 1932 10
1864 2122 1
1864 5274 7
1864 4555 4
1864 4098 5
1864 4196 1
1864 3270 7
1864 2509 6
1864 3825 6
1864 2043 2
1864 5323 8
1864 5262 9
1864 5643 7
1864 3732 1
1864 2128 2
1864 1946 4
1864 2149 8
1864 3641 2
1864 3319 8
1864 3547 4
1864 1948 8
1864 4916 8
1864 4109 3
1864 3831 6
1864 5288 8
1864 3285 4
1864 5378 3
1864 4917 9
1864 5289 10
1864 4389 1
1864 3340 2
1864 4663 5
1864 3418 1
1864 2059 4
1864 5743 6
1864 2390 6
1864 4849 5
1864 3383 9
1864 3385 3
1864 5567 7
1864 5125 2
1864 3553 4
1864 3387 5
1864 5029 7
1864 3754 4
1864 4673 3
1864 2607 9
1864 3468 6
1864 5102 1
1864 3469 5
1864 4572 4
1864 5482 8
1864 4081 7
1864 2195 1
1864 3935 10
1864 5066 9
1864 5480 7
1864 2646 4
1864 3394 4
1864 2831 4
1864 5393 7
1864 2397 9
1864 4874 5
1864 3215 10
1864 3278 5
1864 3397 2
1864 4126 4
1864 2931 8
1864 2520 3
1864 5713 6
1864 2355 9
1864 4103 1
1864 5307 6
1864 3088 7
1864 4236 4
1864 3672 6
1864 4893 1
1864 4956 7
1864 1966 9
1864 2084 7
1864 5492 5
1864 4691 2
1864 2361 2
1864 5228 10
1864 3680 4
1864 2658 7
1864 4039 5
1864 3573 2
1864 2276 5
1864 5553 10
1864 3574 2
1864 3576 3
1864 5772 2
1864 5130 4
1864 2329 9
1864 4700 3
1864 3322 1
1864 5052 3
1864 1986 3
1864 5590 6
1864 4422 7
1864 5236 5
1864 3772 6
1864 3147 2
1864 2855 8
1864 3578 6
1864 5070 10
1864 2951 9
1864 5419 3
1864 4602 1
1864 2671 10
1864 1897 6
1864 5422 3
1864 3868 3
1864 4434 10
1864 2956 3
1864 1899 9
1864 2958 9
1864 5694 9
1864 3051 6
1864 3346 4
1864 5157 7
1864 4056 6
1864 4459 6
1864 3148 6
1864 5345 10
1864 2944 5
1864 4440 1
1864 5333 4
1864 5118 2
1864 4150 8
1864 4340 7
1864 5791 6
1864 3723 6
1864 3561 2
1864 5184 1
1864 4446 6
1864 4524 8
1864 3972 5
1864 4713 7
1864 5449 6
1864 2863 4
1864 5698 6
1864 4076 4
1864 2385 1
1864 4962 6
1864 5439 10
1864 2493 5
1864 5796 4
1864 3597 4
1864 5251 8
1864 2688 3
1864 2689 10
1864 2777 5
1864 5346 6
1864 5896 8
1864 2392 1
1864 765 5
1864 2009 1
1864 3604 9
1864 4229 6
1864 4729 4
1864 2219 2
1864 3740 7
1864 2918 10
1864 3344 10
1864 2725 6
1864 5870 1
1864 3978 2
1864 5088 4
1864 5041 10
1864 5882 3
1864 3491 2
1864 2403 10
1864 1913 8
1864 3620 8
1864 5571 8
1864 5747 10
1864 2591 5
1864 3519 5
1864 4328 7
5343 3387 10
5343 2346 8
1873 4499 2
1873 5687 6
1873 2525 9
1880 2575 5
1880 5463 1
1880 3726 4
1880 4355 1
1880 5410 8
1880 4693 1
1881 4655 10
1881 3576 3
1881 4970 4
1881 3761 10
1881 4421 3
1881 2026 8
1881 5882 7
1886 3713 2
1891 3293 6
1891 3440 4
1891 5838 9
1891 3647 3
1891 3298 2
1891 4044 3
1891 5150 4
1891 5287 9
1891 5130 10
1891 3868 8
1897 4740 8
1897 3641 9
1897 2097 6
1897 4874 5
1897 3270 8
1899 4274 9
1899 2385 5
1899 4874 1
1899 5830 6
1900 2304 5
1901 2886 2
1901 5634 1
1910 4916 6
1910 2366 2
1910 4434 8
1910 3576 8
1913 3723 7
1913 4196 2
1913 3967 9
1913 2406 5
1916 3440 9
1916 2581 5
1916 2534 5
1916 5403 5
1916 5015 3
1916 5225 3
1916 3647 9
1916 4587 3
1916 5697 9
1916 3807 10
1916 3060 3
1916 4112 1
1916 5770 7
1916 3428 3
1916 1003 6
1916 3488 6
1916 2161 2
1916 3091 6
1916 5081 7
1916 2731 1
1916 4695 2
1916 3031 5
1916 2259 8
1916 5677 5
1916 3438 10
1916 5905 7
1916 3476 6
1916 3734 2
1916 4579 4
1917 5580 4
1917 3231 10
5750 4585 8
5750 2685 1
1925 4656 6
1925 2189 7
1925 4874 9
1925 4236 10
1926 5307 7
1928 3387 2
1928 3074 2
1928 5142 5
1928 5306 10
1928 2937 8
1930 5178 10
1930 3547 10
1930 2408 9
1930 2879 1
1930 3617 4
1930 3972 3
1930 4692 7
1930 4039 7
1930 5125 1
1930 3576 1
1930 5346 7
1930 3628 10
1930 4700 1
1930 5899 4
1930 2009 10
1930 2598 1
1930 2725 3
1930 5643 6
1930 5780 7
1930 4248 9
1930 2325 9
1930 4150 7
1930 5041 4
1930 2052 2
1932 3759 9
1932 4459 6
1932 5178 5
1932 3147 2
1932 4234 9
1932 5882 1
1932 2518 3
1932 3285 6
1932 3460 9
1932 2725 8
1932 3020 8
1932 5052 9
1932 5713 7
1932 4371 9
1932 4740 7
1932 3597 5
1932 3576 8
1932 3491 9
1932 3230 8
1932 4375 1
1932 5289 10
1932 3617 1
1932 3049 5
1932 3207 2
1932 2122 4
1932 2951 4
1932 5643 8
1932 4248 6
1932 2646 10
1932 2831 1
1932 4849 8
1932 5393 9
1932 4874 2
1934 4874 5
1938 2937 3
1941 4927 2
1941 3270 5
1941 3799 4
1946 3574 8
1946 3617 1
1946 5184 10
1946 4874 6
1946 2357 4
1946 4160 4
1948 2591 6
1948 2149 10
1948 4874 10
1948 2863 5
1948 2317 2
1949 2044 9
1949 4921 3
1949 3713 1
1949 4014 8
1949 3405 1
1949 2364 2
1949 4058 5
1949 3669 5
1949 1991 2
1949 4697 1
1949 4693 8
1951 2722 5
1951 2025 6
1951 4451 4
1951 3726 8
1951 2364 6
1951 4693 5
1951 3669 8
1951 2685 8
1951 1991 10
1951 4697 7
1951 5906 10
1951 5410 3
1951 5532 8
1952 3460 5
1952 4459 10
1952 2717 1
1958 5295 6
1958 4255 10
1958 4518 3
1958 4547 8
1958 3899 7
1958 4364 5
1958 3127 9
1958 5800 1
1958 5423 5
1959 3726 5
1961 3189 1
1961 4585 1
1965 3576 8
1965 1003 10
1986 4274 2
1986 5419 1
1986 4700 10
1986 2918 9
1986 4340 8
1986 3354 10
1986 2831 10
1986 4874 8
1986 4917 1
1986 2195 4
1986 2357 9
1986 3519 1
1986 4328 3
1987 4975 9
1991 2025 5
1991 4014 2
1991 2462 1
1991 3669 3
1991 3109 5
1991 2722 2
1991 4921 9
1991 3405 8
1991 5142 8
1991 5532 3
1991 2685 7
1991 3074 8
1991 5102 3
1991 4693 5
1991 3726 8
1991 2364 1
1991 4697 9
1991 2575 1
1991 4876 6
1991 4313 5
1991 5410 7
1991 5906 5
1999 4279 10
1999 5467 3
2004 2813 6
2004 5464 3
2004 2709 6
2005 3576 4
2005 2097 6
2005 5882 5
2009 4081 9
2009 4032 10
2009 2931 5
2009 4340 5
2009 3831 5
2009 4916 3
2009 2725 3
2009 3620 5
2009 3680 4
2009 3968 9
2009 2776 5
2009 3576 4
2009 5772 8
2009 5346 1
2009 4700 4
2009 3230 6
2009 5899 8
2009 3617 10
2009 3270 4
2009 3972 2
2009 2324 8
2009 4459 3
2009 4874 9
2024 5380 4
2024 3405 9
2024 5777 10
2024 4475 10
2024 4786 1
2024 3761 6
2024 4891 5
2024 3481 8
2024 2345 7
2024 2722 8
2025 4014 8
2025 5722 8
2025 2653 5
2025 3669 3
2025 3109 7
2025 2722 1
2025 5380 7
2025 4921 5
2025 1060 5
2025 5532 7
2025 3726 6
2025 4693 7
2025 1672 3
2025 2364 8
2025 2575 4
2025 5506 4
2025 2698 10
2029 2324 2
2029 3346 2
2029 2776 5
2029 3680 2
2042 3387 7
2042 3918 2
2042 4555 4
2042 3518 6
2042 5118 1
2042 4917 6
2042 5236 10
2043 4274 3
2043 4874 4
2043 5228 7
2044 4058 8
2044 2525 6
2052 5899 8
2052 2725 10
2056 4975 7
2056 2062 7
2059 2408 5
2059 4740 9
2059 5643 6
2059 5118 8
2059 5016 4
2059 2831 9
2059 3576 2
2059 3491 6
2059 5882 7
2059 5889 1
2062 2407 6
2062 4879 8
2062 4536 1
2062 5302 3
2066 2472 5
2066 4153 5
2067 5118 9
2068 4517 4
2068 5589 1
2068 3078 6
2068 3373 3
2068 4294 8
2068 3561 10
2068 2408 10
2068 2937 6
2068 4078 4
2068 4874 1
2068 2403 4
2070 5532 2
2074 3859 9
1829 5066 6
2084 4274 1
2084 4962 4
2084 2918 3
2084 4874 2
2084 5830 7
2089 3127 3
2097 5694 3
2097 3500 6
2097 3641 9
2097 5333 1
2097 5376 3
2097 5882 8
2097 3331 6
2097 3460 8
2097 2767 2
2097 3947 2
2097 5579 9
2097 3088 4
2097 3511 6
2097 4740 5
2097 2135 4
2097 3576 7
2097 5613 7
2097 5480 7
2097 2618 3
2097 4967 10
2097 3658 2
2097 4248 10
2097 5393 5
2097 5550 6
2098 3197 2
2102 2813 3
2102 5464 8
2102 2709 3
2105 5001 4
2105 4491 5
2105 4885 9
2122 5125 8
2122 5643 10
2122 4248 6
2122 4340 8
2122 3285 6
2122 5882 1
2122 4874 1
2122 3460 7
2125 2472 10
2128 4274 1
2128 5184 9
2128 4874 6
2128 4572 1
2128 5830 1
2135 4459 1
2135 3767 6
2135 5882 9
2137 2688 9
2137 2777 2
2137 5066 3
2137 3576 3
2137 5118 6
2147 4874 2
2147 3491 4
2147 4480 2
2149 4740 10
2149 3574 3
2149 5346 2
2149 3740 9
2149 2195 7
2149 3632 4
2149 2317 10
2153 5801 10
2161 2242 7
2161 3411 10
2161 4953 10
2161 5225 7
2161 3807 10
2161 2216 1
2161 5770 5
2161 3428 6
2161 4667 4
2161 5051 3
2161 5583 10
2161 2731 5
2161 2342 2
2161 3031 2
2161 4928 2
2161 4455 1
2161 2259 9
2161 2715 9
2161 5833 5
2161 3438 10
2161 4410 3
2170 3602 6
2170 5045 10
2170 3733 5
2172 4255 1
2172 2715 5
2329 5066 2
2180 2408 10
2180 3020 8
2189 4129 6
2189 3207 3
2189 5401 6
2189 3692 10
2189 2951 3
2189 3576 2
2189 2518 5
2189 3720 3
2189 3925 9
2189 4109 10
2189 4656 10
2189 2377 7
2189 4236 2
2195 3574 2
2195 2725 6
2195 4459 9
2195 3632 10
2195 5899 6
2195 4874 6
2195 3088 3
2195 3617 9
2195 3270 3
2195 2317 7
3346 3460 1
3346 5178 7
3346 5422 4
3346 5643 5
3346 4459 5
3346 5346 8
3346 5882 1
3346 2646 6
3346 4692 4
3346 3831 3
3346 3680 1
3346 2324 5
3346 4874 3
3346 3576 6
2199 3440 4
2200 3602 5
2203 4792 5
2212 3713 6
2212 2525 9
2212 4499 5
2212 5687 10
2216 5156 4
2216 2534 9
2216 4579 7
2216 4953 9
2216 4057 2
2216 3513 5
2216 2242 8
2216 4538 7
2216 2465 5
2216 5697 9
2216 3807 3
2216 4112 10
2216 3428 5
2216 3594 5
2216 5051 9
2216 3411 5
2216 5081 9
2216 4491 10
2216 4125 7
2216 4455 4
2216 4587 6
2216 2715 10
2216 2427 6
2216 5583 5
2216 5833 3
2216 4410 9
2216 5693 3
2216 4346 8
2219 5157 10
2219 2520 6
2219 4916 10
2219 4109 1
2219 5118 5
2219 5307 1
2219 4917 7
2219 3680 6
2219 3576 6
2219 4962 10
2219 5254 6
2219 4469 6
2219 5590 10
2219 2951 8
2219 5066 2
2219 2579 3
2219 4849 1
2219 4874 5
2219 3278 10
2224 4286 8
2224 3127 6
2224 4674 6
2224 1003 5
2224 3625 6
2224 2960 7
2224 4985 6
2224 5905 7
2224 4550 1
2224 5889 6
2239 3344 3
2239 4585 5
2239 2472 10
2239 2346 4
2242 2985 2
2242 2534 4
2242 4579 3
2242 4953 2
2242 2678 1
2242 5015 1
2242 5225 9
2242 3428 7
2242 5697 7
2242 3807 4
2242 4112 9
2242 5770 9
2242 4587 7
2242 4667 9
2242 5051 4
2242 4216 2
2242 3678 5
2242 3411 4
2242 5081 3
2242 2731 5
2242 2342 1
2242 4125 8
2242 4903 10
2242 3031 10
2242 4928 2
2242 4455 9
2242 2259 7
2242 2715 4
2242 2427 9
2242 5583 5
2242 5833 7
2242 4410 1
2242 4346 7
2250 3224 7
2250 4114 4
2250 5141 7
2254 2304 1
2254 3956 6
2254 2380 1
2254 5142 8
2254 3074 1
2259 2534 3
2259 4953 8
2259 5015 6
2259 5225 1
2259 3513 4
2259 5677 9
2259 3807 5
2259 5770 10
2259 4667 10
2259 3488 3
2259 5081 8
2259 2731 5
2259 4491 9
2259 3031 6
2259 4455 4
2259 3438 4
2259 4410 9
2265 2722 4
2276 3574 10
2276 4962 9
2276 3641 7
2276 2612 6
2276 4874 6
2276 5590 6
2276 2942 8
2276 3270 7
2277 3719 6
2278 3331 8
2278 2294 6
3362 5142 9
3362 3956 8
3362 4014 5
3362 4895 3
3362 4921 1
2299 3901 1
2300 4792 5
2304 5630 9
2304 5037 1
2304 5142 6
2304 3663 4
2304 3396 1
2304 3602 3
2304 2333 4
2304 5576 5
2304 3074 3
2304 5050 2
2305 2477 6
2305 5380 7
2305 5573 5
2305 3954 8
2305 4475 2
2305 3669 7
2305 5609 3
2305 5800 7
2306 3189 2
2307 4014 8
2317 765 10
2317 3574 10
2317 5643 5
2317 5274 5
2317 3740 4
2317 5882 1
2317 3632 7
2317 3576 3
2324 5178 2
2324 3547 4
2324 3831 7
2324 4150 10
2324 2725 1
2324 4713 5
2324 4692 8
2324 4039 1
2324 5772 5
2324 2658 8
2324 5796 5
2324 3576 9
2324 5346 2
2324 5899 7
2324 4430 7
2324 3578 1
2324 3972 4
2324 3732 7
2325 3972 1
2325 2951 7
2325 4150 2
2325 5590 8
2325 3617 10
2332 5687 2
2332 3677 7
2332 2964 10
2332 3405 3
2332 3854 9
2332 4725 8
2332 4527 3
2332 4189 4
2332 3183 5
2332 2525 10
2332 2773 2
2332 4805 2
2332 3726 6
2332 3481 1
2332 2653 8
2332 2722 5
2332 5410 9
2333 4499 3
2333 5687 2
2333 4014 5
2333 4921 3
2333 5142 4
2333 3074 1
2341 2775 8
2341 3882 4
2342 2985 9
2342 2534 8
2342 4579 9
2342 4953 9
2342 5015 7
2342 3513 8
2342 5677 6
2342 4587 6
2342 5697 4
2342 3807 2
2342 4112 6
2342 5770 7
2342 3428 4
2342 3594 1
2342 4667 3
2342 5051 4
2342 3678 10
2342 3411 10
2342 5081 8
2342 2731 2
2342 4491 4
2342 4125 5
2342 4903 3
2342 3031 8
2342 4455 10
2342 2642 9
2342 5583 2
2342 5833 9
2342 3438 6
2342 2678 6
2342 5693 9
2344 4372 3
2344 3731 2
2344 2650 9
2344 3246 9
2344 4585 8
2344 4289 9
2344 2854 5
2344 3469 8
2344 4110 9
2345 5380 9
2345 3854 10
2345 5573 3
2345 3677 9
2345 5777 8
2345 4297 1
2345 4475 3
2345 3761 9
2345 2902 1
2345 3843 5
2345 4786 6
2345 4764 10
2346 2406 8
2346 4207 7
2346 4585 9
2346 2472 2
2346 4163 9
2346 5556 1
2346 4153 2
2346 2937 8
2346 4394 3
2346 4959 5
2346 4324 8
2346 4142 7
2346 4942 2
2346 4196 1
2346 5751 6
2346 3514 7
2346 3344 7
2346 2693 10
2346 2599 1
2346 3210 1
2346 4107 1
2346 3278 9
2352 3947 9
2355 2520 7
2355 3088 7
2355 3460 9
2355 3020 1
2355 3266 8
2355 4339 8
2355 3968 5
2355 3576 9
2355 3268 5
2355 3468 2
2355 5870 7
2355 4602 2
2355 4874 9
2355 3278 7
2355 2958 5
2357 5747 1
2357 4444 8
2357 5422 8
2357 5228 6
2357 3999 3
2357 5052 2
2357 4422 5
2357 3597 5
2357 5029 3
2357 2689 5
2357 5345 6
2357 4328 2
2357 5482 5
2357 5439 4
2357 5088 4
2357 2831 4
2357 3519 1
2364 4014 6
2364 2462 2
2364 2653 3
2364 2722 4
2364 4921 7
2364 3405 2
2364 1060 2
2364 4189 1
2364 2685 9
2364 5122 2
2364 3726 2
2364 4697 6
2364 4725 6
2364 2575 9
2364 5306 8
2364 4910 6
2364 5906 10
2367 3270 7
2368 5899 4
2368 5882 10
2376 1003 5
2377 4656 10
2377 4874 5
2377 4236 6
2380 3956 8
2380 4014 7
2380 4921 2
2385 4608 1
2385 4274 10
2385 2598 4
2385 3456 3
2385 3935 8
2385 5029 4
2385 5790 7
2385 5743 2
2385 5184 5
2385 4874 4
2385 4572 8
2385 4446 6
2385 5830 10
2390 3387 7
2390 2777 4
2390 5066 3
2390 4555 10
2390 5118 9
2392 2406 9
2392 3781 6
2392 4585 10
2397 5118 1
2397 2777 4
2397 5066 4
2403 4517 9
2403 4956 5
2403 4274 6
2403 3373 9
2403 2408 8
2404 4635 1
2404 4874 3
2405 5118 5
2405 5066 2
2406 4081 4
2406 4056 10
2406 3781 7
2406 4440 5
2406 5118 2
2406 3761 3
2406 4585 3
2406 5227 10
2406 3001 7
2406 4840 5
2406 3387 10
2406 3576 4
2406 5236 8
2406 4599 8
2406 2953 9
2406 4273 6
2406 2375 4
2406 5571 6
2408 4892 7
2408 4274 8
2408 4982 5
2408 5852 7
2408 3812 6
2408 4585 4
2408 2630 8
2408 5052 3
2408 5209 3
2408 5634 5
2408 5164 1
2408 5189 4
2408 4517 4
2408 5589 2
2408 3373 3
2408 4294 8
2408 3832 5
2408 3561 2
2408 4970 7
2419 2937 7
2420 5342 8
2420 3085 2
2420 3680 10
2424 5810 9
2424 4874 9
2424 4274 10
2424 5422 7
2424 5830 5
2427 4579 3
2427 4903 2
2427 4410 8
2427 4667 4
2427 5583 2
2429 4147 1
2429 3425 5
2429 5838 7
2429 2977 2
2429 3455 1
2429 5905 4
2429 3156 1
2429 4695 9
2429 4792 1
2429 4558 4
2437 2678 9
3387 4081 1
3387 2997 7
3387 4853 9
3387 3011 2
3387 3148 3
3387 5118 6
3387 5809 6
3387 5016 3
3387 2833 5
3387 4404 3
3387 3719 1
3387 5698 3
3387 3518 7
3387 1003 4
3387 5889 1
3387 4020 6
3387 2780 8
3387 2543 5
3387 3859 7
3387 2777 7
3387 3576 9
3387 4450 6
3387 3887 5
3387 5800 8
3387 2700 3
3387 4089 6
3387 3604 2
3387 4652 2
3387 5236 8
3387 3425 1
3387 3577 7
3387 3181 5
3387 5066 9
3387 3326 7
3387 3936 5
3387 3119 10
3387 2926 6
3387 2950 3
3387 4314 6
3387 4875 6
3387 5496 8
3387 3984 5
2445 4874 1
2450 5516 8
2450 4417 8
2450 5464 3
2450 2709 3
2462 4921 4
2462 4014 6
2462 3405 6
2462 3663 10
2462 3396 2
2463 4547 7
2465 4953 5
2465 4125 2
2465 4410 2
2465 2678 6
2465 4455 8
2467 3806 3
2472 4394 5
2472 3781 8
2472 5072 4
2472 5791 4
2472 5118 9
2472 2936 5
2472 3561 9
2472 2937 9
2472 4585 2
2472 5227 6
2472 5889 4
2472 879 4
2472 2641 6
2472 4517 5
2472 2693 9
2472 4107 6
2477 3074 4
2477 5142 4
2481 3402 10
2483 3561 5
2493 2944 1
2493 3574 10
2493 3598 2
2493 5492 7
2493 3576 2
2493 4429 7
2493 2958 2
2493 4962 7
2493 4874 7
2493 5590 6
2493 3270 8
2493 3266 8
2501 2944 10
2501 2951 4
2501 3576 4
2501 5066 7
2501 4874 3
2501 5590 10
2509 5066 8
2518 3641 1
2518 3576 2
2518 4248 6
2518 5780 5
2518 2132 2
2518 4874 10
2518 2949 3
2518 4236 5
2518 3617 8
2518 3402 5
2519 4711 9
2519 4195 6
2520 5157 7
2520 2931 3
2520 5713 7
2520 5118 2
2520 4109 5
2520 5882 5
2520 4917 6
2520 5449 8
2520 4464 9
2520 3719 8
2520 5001 1
2520 3680 8
2520 2777 3
2520 2658 10
2520 4422 10
2520 2944 4
2520 3576 5
2520 3797 7
2520 5896 7
2520 3491 5
2520 3468 6
2520 5590 4
2520 2951 8
2520 5066 8
2520 4962 5
2520 3925 6
2520 5881 6
2520 4874 10
2525 4499 9
2525 3713 5
2525 2623 3
2525 3893 4
2525 3669 10
2525 4636 3
2525 5655 7
2525 4189 4
2525 3749 8
2525 3726 10
2525 2889 8
2525 4725 3
2525 2575 2
2525 2806 5
2525 5687 3
2525 3183 1
2525 4805 8
2534 4579 9
2534 4953 3
2534 2678 10
2534 5015 9
2534 4587 7
2534 3807 3
2534 3594 4
2534 4667 2
2534 5051 10
2534 5583 4
2534 3411 10
2534 5081 6
2534 4125 3
2534 4928 5
2534 4455 5
2534 2715 7
2534 5833 6
2534 4410 1
2534 4346 6
3319 3051 5
3319 3576 3
3319 5346 8
3319 3147 3
3319 5772 9
3319 5882 4
3319 4874 7
3319 2956 1
2543 5845 4
2547 3759 9
2547 3460 4
2572 3598 6
2579 4880 10
2579 3576 8
2579 4469 3
2579 1520 10
2581 3293 2
3411 4579 5
3411 4953 9
3411 2678 2
3411 4587 8
3411 3807 1
3411 3428 10
3411 3594 8
3411 4667 6
3411 5051 5
3411 5081 6
3411 2731 7
3411 4125 5
3411 4928 6
3411 4455 8
3411 4346 3
3411 2642 1
3411 5583 8
3411 5833 6
3411 4410 1
2591 3658 5
2591 3576 6
2591 5643 4
2591 3732 7
2591 4340 4
2591 2956 3
2598 4274 4
2598 3456 3
2598 3935 10
2598 2602 8
2598 5184 10
2598 4874 9
2598 4572 4
2598 3617 7
2598 5830 2
2598 4444 3
2599 2685 4
2602 5157 8
2602 5029 1
2602 4874 5
2602 4572 2
2602 5830 4
2607 5066 10
2607 3455 8
2607 4528 9
2607 5713 8
2607 5553 7
2607 3561 1
2607 5510 8
2607 3680 6
2607 2777 6
2607 5118 5
2607 3543 9
2607 4229 8
2607 5520 5
2609 3069 3
2609 3127 4
2609 4577 8
2618 3641 10
2618 4874 1
2619 3947 2
2619 5896 2
2619 4459 6
2630 2717 2
2637 3806 1
2641 4394 2
2641 5227 9
2641 5751 7
2641 2693 9
2641 4107 10
2642 2985 1
2642 4057 7
2642 3428 7
2642 5770 4
2642 4587 6
2642 5889 8
2642 5051 6
2642 3678 3
2642 5081 9
2642 4125 7
2642 3031 5
2642 4410 1
2646 5713 9
2646 3831 5
2646 5882 1
2646 4916 3
2646 5307 7
2646 3993 10
2646 2863 8
2646 3947 10
2646 3617 3
2646 2776 8
2646 3680 4
2646 5796 9
2646 3576 1
2646 5346 1
2646 5480 9
2646 4406 3
2646 5643 6
2646 5875 1
2646 4874 1
2650 4372 10
2650 3731 1
2650 4289 2
2650 3120 7
2650 2854 3
2650 3469 4
2653 5722 9
2653 3713 5
2653 3405 7
2653 2722 6
2653 3733 3
2653 5045 10
2653 3109 7
2653 4697 1
2653 5102 8
2653 4693 3
2654 3576 5
2658 3278 8
2658 2725 6
2658 2951 10
2658 4962 8
2658 5066 7
2658 2776 3
2658 3680 2
2658 5899 1
2658 4874 6
2658 5590 3
2658 5796 4
2669 4874 7
2669 4274 5
2669 5830 6
2671 4874 4
4147 3127 1
4147 1003 1
4147 5518 5
2683 5066 3
2685 4014 3
2685 3306 8
2685 4341 4
2685 2722 3
2685 5163 10
2685 4921 6
2685 4135 6
2685 5142 3
2685 5510 6
2685 4952 3
2685 4693 10
2685 5441 2
2685 3074 9
2685 5520 10
2688 5066 7
2688 4555 10
2689 3576 2
2689 5422 6
2689 5525 5
2689 4874 2
2689 5052 4
2691 3617 6
3425 5404 3
3425 5838 3
3425 4792 1
2693 4177 5
2693 5118 2
2693 5203 6
2693 4153 1
2693 2937 2
2693 5227 5
2693 5889 6
2693 4795 5
2693 3364 9
2693 4674 8
2693 4873 4
2698 5102 4
2698 3181 10
2698 3669 4
2709 5464 10
2709 2813 4
2709 5516 8
2715 4255 7
2715 5156 8
2715 4953 10
2715 4057 5
2715 5015 9
2715 4564 1
2715 3428 4
2715 5697 3
2715 3807 8
2715 3899 8
2715 4112 9
2715 4587 7
2715 3594 10
2715 3652 7
2715 4550 8
2715 2731 4
2715 4491 6
2715 5051 7
2715 3031 7
2715 4455 4
2715 3513 4
2715 5693 1
2715 4346 4
2716 4107 9
2717 4459 6
2717 4970 3
2722 5722 5
2722 3854 6
2722 5761 4
2722 5045 6
2722 2964 9
2722 3405 9
2722 4527 2
2722 4189 2
2722 5532 8
2722 5102 9
2722 4693 4
2722 3733 9
2722 3481 1
2722 5906 9
2723 5889 8
2725 3051 1
2725 4459 1
2725 4763 1
2725 3831 2
2725 5882 5
2725 5118 3
2725 2881 9
2725 3460 5
2725 4713 4
2725 3088 7
2725 5178 4
2725 5796 8
2725 3680 6
2725 3573 9
2725 4339 8
2725 2776 3
2725 3576 1
2725 5772 3
2725 5346 8
2725 3628 9
2725 3491 2
2725 3322 9
2725 5899 9
2725 3617 1
2725 3270 7
2725 3578 2
2725 4430 9
2725 5442 9
2725 2951 7
2725 4700 1
2725 5643 1
2725 3732 4
2725 5422 3
2725 4874 2
2725 2956 5
2725 5041 10
2725 4607 8
2727 3189 9
2731 4255 3
2731 4953 3
2731 4579 4
2731 5015 6
2731 5225 7
2731 5677 7
2731 3807 1
2731 3428 5
2731 3594 1
2731 4667 7
2731 3488 10
2731 3652 3
2731 5822 5
2731 5081 2
2731 5051 10
2731 3031 3
2731 4928 9
2731 4455 7
2731 5583 3
2731 5833 4
2731 4410 5
2731 4346 2
2738 3344 10
2743 2777 9
2743 3719 7
2743 4134 1
2767 3947 8
2767 5442 4
2767 3331 4
2768 3806 10
2771 3074 1
2772 2806 1
2773 4499 1
2773 2806 10
2773 5687 2
2773 4058 5
2773 4876 10
2773 3726 4
2773 5045 9
2773 4693 3
2775 5380 5
2775 2902 3
2775 5609 2
2775 3355 3
2776 2931 4
2776 5178 3
2776 5333 10
2776 3972 2
2776 4713 1
2776 3719 6
2776 3680 9
2776 5772 8
2776 3576 9
2776 5346 8
2776 4700 7
2776 3322 7
2776 3578 10
2776 3732 1
2777 5118 10
2777 4768 10
2777 4153 3
2777 3672 3
2777 3462 3
2777 2885 3
2777 3719 3
2777 2940 6
2777 3228 7
2777 3604 1
2777 4729 2
2777 3772 9
2777 5066 5
2777 3913 9
2777 5881 1
2777 4229 8
2777 4230 10
2777 3215 7
2777 4792 10
2777 3792 6
2778 3189 6
2780 3577 6
2780 5416 1
2780 4450 10
2780 3984 1
2786 1003 2
3970 3576 2
3970 3925 10
3970 3491 6
3970 4874 5
3970 5801 4
2806 4636 2
2806 4499 8
2806 5687 8
2806 2623 7
2813 5464 9
2831 4274 10
2831 4459 2
2831 2791 4
2831 5882 8
2831 5307 6
2831 3617 10
2831 4663 4
2831 5743 2
2831 5184 6
2831 5052 6
2831 3574 1
2831 4962 4
2831 2918 2
2831 5346 10
2831 4126 4
2831 5480 8
2831 5899 9
2831 4917 9
2831 4602 7
2831 5643 2
2831 5733 10
2831 4874 6
2848 4839 1
2848 4874 4
2848 4274 7
5390 3331 4
5390 3947 8
5390 5442 4
2854 3731 7
2854 4110 9
2854 4372 7
2855 3164 7
2855 4459 9
2855 5870 1
2855 5882 4
2858 4585 7
2860 4153 7
2860 3553 8
2860 4596 2
2863 4081 8
2863 4032 9
2863 3147 10
2863 3354 3
2863 5882 3
2863 3460 4
2863 4236 1
2863 4861 10
2863 3576 6
2863 3598 8
2863 4348 6
2863 5346 4
2863 5480 1
2863 3268 9
2863 3322 8
2863 4406 4
2863 4459 9
2863 4962 7
2875 4813 3
2879 3573 3
2879 4962 1
2879 3270 3
2879 5307 6
2879 4874 2
2881 3576 10
2881 5346 3
2881 4700 8
2881 4874 3
2881 5796 6
2884 5856 1
2884 4491 4
2884 4885 5
2885 3792 3
2885 3719 3
2886 3078 3
2886 4294 5
2886 3832 9
2886 5589 6
2886 5634 1
2900 4585 4
2900 5142 10
2900 5066 4
2900 3074 6
2900 4693 8
2902 4786 6
2902 3761 6
2904 4585 1
2907 5306 7
2907 3726 7
5605 5568 1
2931 2951 8
2931 4962 6
2931 5066 10
2931 4109 10
2931 4700 4
2931 3680 10
2931 4874 9
2931 5590 2
2931 3278 2
2934 4360 2
2936 879 5
2936 5751 7
2937 3280 1
2937 4440 2
2937 3148 5
2937 5118 6
2937 4394 4
2937 5889 8
2937 4322 7
2937 4942 9
2937 5279 10
2937 4107 6
2937 4408 7
2938 4915 1
2938 4189 6
2938 4058 8
2938 3669 6
2940 3792 4
2940 3719 4
2944 5553 8
2944 4109 3
2944 765 10
2944 5001 3
2944 3680 9
2944 4962 7
2944 4043 1
2944 3978 2
2944 3576 8
2944 3266 1
2944 3468 9
2944 5590 10
2944 3270 4
2944 5279 6
2944 2951 8
2944 5066 9
2944 3925 7
2944 4874 8
2944 3278 5
2949 3635 3
2949 3574 8
2949 3576 10
2949 5673 4
2949 5882 10
2950 3577 10
2950 3859 5
2950 2997 6
2950 4652 3
2951 3545 7
2951 5157 7
2951 5713 5
2951 4109 1
2951 3761 7
2951 4129 7
2951 4917 9
2951 4236 7
2951 5449 9
2951 5001 5
2951 3617 5
2951 3680 9
2951 4003 6
2951 4962 3
2951 3797 2
2951 4340 7
2951 4849 5
2951 3468 1
2951 4675 6
2951 5590 7
2951 3207 9
2951 5066 9
2951 3925 6
2951 5903 4
2951 4874 2
2951 2958 6
2956 3051 1
2956 4713 4
2956 5492 9
2956 3576 1
2956 4459 5
2956 5346 8
2956 5333 8
2956 3901 10
2956 5150 3
2956 5882 3
2956 5796 10
2958 3972 1
2958 3576 7
2958 3831 3
2958 5870 4
2958 4874 9
2958 5598 1
2958 3270 1
2959 2976 2
2960 4286 9
2960 5822 2
2960 3625 10
2960 3964 9
2960 3156 6
2960 3189 4
2960 1003 9
2960 5518 2
2960 4326 1
2960 5735 9
2960 5905 9
2960 5215 1
2960 4550 9
2960 3073 9
2960 4558 5
2960 3806 10
2963 4874 6
2964 3263 4
2964 3713 9
2964 3405 10
2964 3854 8
2964 3733 9
2964 4878 1
2972 3680 5
2972 3576 10
2977 5905 8
2977 3156 3
2977 4558 5
2977 5838 2
2978 3545 4
2978 3576 4
2978 3925 7
2984 4693 3
2985 4813 10
2985 4112 1
2985 4125 1
2985 3428 6
2985 3438 6
2985 2678 1
2985 4667 5
2985 3031 8
2985 4410 4
2985 4455 6
2985 5833 8
2997 3719 5
2997 5698 2
2997 5236 8
3001 5571 3
3020 4459 3
3020 3797 5
3020 5643 3
3020 4340 3
3020 3617 6
3020 5570 1
3020 3831 3
3020 4874 10
3020 3680 10
3028 3690 4
3028 5295 2
3028 4674 10
3028 1003 2
3028 5105 7
3028 4576 7
3028 3806 5
3031 4953 4
3031 2678 9
3031 5697 7
3031 3807 2
3031 4112 3
3031 3594 8
3031 4667 9
3031 5051 6
3031 4125 2
3031 4928 4
3031 4455 6
3031 5833 1
3031 4410 1
3031 4346 2
3033 4792 8
3051 3460 5
3051 3270 1
3051 765 1
3051 3088 6
3051 4962 1
3051 5796 5
3051 4043 10
3051 3978 7
3051 5150 7
3051 5899 8
3051 5590 9
3051 4430 4
3051 3901 4
3051 4459 10
3051 4874 3
3060 4674 5
3060 3231 10
3063 4585 3
3069 5735 10
3073 1003 6
3074 4058 7
3074 5306 8
3074 3669 10
3074 5380 6
3074 4921 8
3074 3506 5
3074 1060 10
3074 3726 6
3074 5609 5
3074 4697 10
3074 5800 3
3074 3602 10
3074 2575 5
3074 4475 6
3074 3099 10
3074 5410 3
3074 5906 8
3078 4517 10
3078 3373 6
3078 4294 2
3078 5164 9
3078 5052 7
3078 5189 4
3085 5066 5
3085 5342 4
1060 3954 4
1060 4297 4
1060 5142 2
1060 3695 6
1060 3761 5
1060 4509 3
1060 4786 10
1060 5102 8
3088 5882 5
3088 4740 6
3088 3972 1
3088 3680 3
3088 3576 10
3088 3491 1
3088 5899 5
3088 3617 9
3088 3270 7
3088 4459 7
3088 4248 1
3088 4874 1
3096 5694 3
3096 3331 4
3096 5442 4
3096 3576 1
3096 5480 1
3096 5393 7
3096 5870 6
3096 5882 8
3096 5550 1
3096 3617 7
3106 5189 3
3106 3561 1
3109 2575 2
3109 3726 8
3109 5102 5
769 3189 7
3118 4874 1
3119 3181 6
4478 4163 1
4478 5317 1
4478 3576 8
4478 4585 5
4478 4555 2
4478 5800 6
4478 5279 10
3127 3964 8
3127 3850 10
3127 4547 10
3127 3241 8
3127 5889 5
3127 3156 9
3127 5423 2
3127 3725 4
3127 4558 2
3127 4518 9
3127 5735 8
3127 5905 3
3127 3806 5
3131 5189 9
893 5772 5
3139 4683 9
3139 5236 5
3139 5791 5
3147 5124 2
3147 3574 7
3147 5442 9
3147 4459 3
3147 4340 2
3147 5544 5
3147 5150 6
3147 5882 1
3147 4874 7
3147 3617 5
3147 3901 7
3148 1003 2
3148 3576 1
3148 4555 4
3156 3440 2
3156 4231 7
3156 4442 7
3156 3424 4
3156 3428 3
3156 1003 10
3156 4985 10
3156 4286 6
3156 5295 8
3156 4044 8
3156 4674 3
3156 5105 9
3156 4677 2
3156 3344 1
3156 5423 6
3156 3868 6
3156 3806 8
3156 3734 3
3156 5160 9
3164 3915 8
3164 4962 10
3164 3468 7
3164 5896 3
3164 4109 5
3164 3576 3
3164 4874 8
3166 3181 2
3166 5236 8
3166 5066 10
3166 4792 3
3181 3577 4
3181 3859 8
3181 4652 1
3183 4636 8
3183 4499 2
3183 5687 9
3183 2623 2
3183 4189 9
3189 3440 7
3189 5712 3
3189 4442 1
3189 3428 2
3189 1003 1
3189 4286 9
3189 5295 7
3189 4674 5
3189 4576 3
3189 3513 6
3189 3537 4
3189 4074 4
3189 5905 2
3207 4635 5
3207 3692 3
3207 3617 7
3207 3925 5
3207 3797 10
3207 4656 3
3207 4874 3
3207 3915 9
3207 4236 1
3207 5801 5
3207 3576 4
3207 3680 10
3210 3344 4
3214 4056 2
3215 5066 7
3215 5838 1
3215 5070 8
3219 4700 7
3225 4552 7
3228 3792 8
3230 4081 5
3230 3759 6
3230 4340 10
3230 5072 5
3230 4032 4
3230 3460 7
3230 3926 3
3231 4985 7
3231 3806 7
3244 1003 4
3244 3806 8
3244 4547 10
3255 4928 2
3255 3807 3
3255 4112 9
3266 3574 2
3266 3576 3
3266 3617 10
3266 4962 5
3266 4874 4
3266 5590 1
3266 3270 8
3268 4339 3
3268 3574 5
3268 3576 10
3268 4459 2
3268 4340 2
3268 3617 4
3268 5480 6
3268 4962 3
3268 4967 2
3268 3460 5
3268 3270 7
3268 3322 9
3270 3641 5
3270 4339 7
3270 5882 2
3270 3460 7
3270 4236 3
3270 765 4
3270 5492 9
3270 3720 6
3270 4076 6
3270 3598 6
3270 3576 2
3270 3491 4
3270 5899 1
3270 4429 5
3270 5590 10
3270 4558 10
3270 3972 1
3270 3799 10
3270 3978 9
3270 5419 5
3270 5643 4
3270 3732 5
3270 4700 4
3270 4962 1
3270 3620 5
3270 4996 2
3271 4585 9
3272 3720 8
3278 5157 1
3278 5713 2
3278 5118 8
3278 4109 6
3278 5882 2
3278 4917 10
3278 5449 6
3278 4464 1
3278 5001 1
3278 3680 3
3278 4422 4
3278 4163 5
3278 3576 1
3278 5896 5
3278 3491 9
3278 3468 5
3278 3925 3
3278 5881 1
4678 1003 6
4678 4442 9
3285 3759 6
3285 3547 9
3285 5307 2
3285 4916 2
3285 5882 10
3285 3460 1
3285 4861 8
3285 3576 3
3285 5800 7
3285 3617 4
3285 4459 3
3285 4874 3
3293 5838 7
3293 3647 4
3294 4975 4
3298 3933 4
3298 4550 9
3298 5800 3
3306 4585 2
3306 3344 1
2535 3947 10
2535 4459 9
3322 4195 5
3322 5346 3
3322 4340 3
3322 3617 2
3322 5568 2
3322 5870 9
3322 4422 6
3326 5118 1
3326 3859 5
3326 4652 3
3331 3947 7
3331 3576 7
3331 5613 8
3331 5393 4
3331 4874 2
3334 4585 2
3334 5889 2
3334 4153 4
3334 3901 8
2132 4533 9
2132 3641 10
2132 4459 5
2132 4248 8
2132 3617 8
2132 3402 4
3344 3514 5
3344 3933 8
3344 4585 10
3344 4341 1
3344 5423 10
3344 5905 2
3344 5800 3
3344 4558 9
3344 4622 9
2196 4792 5
3353 4720 2
3354 4274 2
3354 4340 8
3354 5307 3
3354 4917 2
3354 5052 1
3354 4962 9
3354 3468 10
3354 5870 1
3354 4572 7
3354 4459 5
3354 4874 7
3354 3780 1
3355 3733 8
3355 5380 3
3358 3576 5
3358 3925 5
2282 4576 6
3364 4107 1
5476 4552 5
5476 4062 10
5476 5764 3
5476 5174 10
3383 5899 9
3383 4874 9
3385 3719 4
3385 5066 4
3394 3719 9
3394 5838 7
3396 5142 6
3396 5220 9
3397 4874 4
3397 4274 10
3397 5830 3
3402 3871 4
3402 3952 9
3402 5700 6
3402 3500 2
3402 3461 4
3402 3841 6
3402 5030 10
3402 5780 6
3402 4533 9
3402 4331 5
3402 3935 7
3402 4248 5
3402 5898 7
3402 3780 10
3405 4014 10
3405 5722 5
3405 4764 7
3405 3854 2
3405 3669 6
3405 4921 1
3405 4527 5
3405 4189 4
3405 3726 2
3405 4693 7
3405 3733 8
3405 4805 10
3417 5889 8
3418 3680 9
3424 3806 8
3424 3428 5
3424 1003 3
3424 5160 2
3424 5905 6
3424 4558 10
3428 4057 4
3428 2678 7
3428 5015 10
3428 3807 1
3428 4112 9
3428 3594 1
3428 4667 3
3428 3652 1
3428 4216 5
3428 4286 8
3428 4326 7
3428 4125 8
3428 4928 6
3428 4455 8
3428 4903 10
3428 4558 6
3428 4953 4
3428 5833 10
3428 3438 7
3428 4410 4
3428 5735 10
3428 5822 8
3428 5905 5
3428 5693 6
3428 4346 3
3437 3933 4
3438 3807 9
3438 4112 10
3438 4953 7
3438 5833 3
3438 4410 8
3438 4928 6
3438 4455 4
3438 5693 1
3438 5583 5
3440 4326 8
3440 5905 4
3440 3806 2
3440 4558 8
3441 4003 7
3445 5881 2
3455 3525 8
3456 4608 1
3456 4956 10
3456 4274 2
3456 5029 3
3456 5790 4
3456 4874 1
3456 5830 6
3459 4874 4
3460 4274 10
3460 5418 1
3460 4340 3
3460 3947 1
3460 4444 10
3460 3617 7
3460 4366 10
3460 5184 1
3460 3680 3
3460 3576 10
3460 4740 6
3460 5125 2
3460 3574 2
3460 4331 3
3460 4962 3
3460 5346 8
3460 3468 7
3460 5899 6
3460 5289 6
3460 4406 10
3460 4602 5
3460 5643 3
3460 4248 9
3460 5882 4
3460 5733 8
3460 4874 10
3460 5906 9
3461 4331 5
3462 3719 3
3462 4134 4
3468 5066 4
3468 4874 1
3468 5590 5
3468 3680 5
3469 4571 5
3476 1003 2
3476 4550 10
3476 3734 6
3481 3854 5
3481 4527 2
3486 1003 7
3486 3734 7
3488 3807 8
3488 4410 3
3488 4667 6
3488 4455 3
3491 5650 6
3491 5643 7
3491 5882 9
3491 4236 9
3491 4444 6
3491 3340 6
3491 5568 4
3491 4459 8
3491 3720 5
3491 3680 5
3491 4591 2
3491 5796 1
3491 3573 8
3491 3574 5
3491 4195 7
3491 3947 6
3491 4962 9
3491 5899 7
3491 3617 1
3491 4331 4
3491 4602 3
3491 5544 10
3491 5733 10
3491 4076 3
3491 4874 3
3496 5342 5
3496 3553 3
3496 4808 3
3496 5248 1
3496 3819 7
3496 5118 6
3496 4787 7
3496 4529 1
3500 4331 1
3500 3641 4
3500 4248 10
3500 3576 3
3508 3799 8
3511 5442 6
3513 4953 6
3513 2678 1
3513 3807 2
3513 5770 9
3513 4667 3
3513 5051 10
3513 4125 6
3513 4326 7
3513 4928 3
3513 4455 10
3513 4410 3
3518 3576 1
3519 4126 5
3519 4274 6
3519 5345 4
3519 5643 2
3519 4340 1
3519 5184 10
3519 4874 6
3519 5052 5
3519 3617 3
3525 5404 2
2575 4014 9
2575 4921 6
2575 5843 8
2575 4527 8
2575 5142 9
2575 3726 9
2575 5102 6
2575 5410 9
2575 4693 10
2575 4697 5
3547 3576 5
3547 5346 7
3547 4700 9
3547 3831 4
3547 3680 4
3547 5772 4
3547 5870 5
3547 3617 4
3547 5796 2
3549 4874 3
3553 4808 9
3553 5248 6
3553 4196 2
3553 5791 7
3553 4053 9
3553 4787 6
3553 5384 3
3561 5066 4
3561 3373 6
3561 5553 7
3561 5227 4
3561 4078 9
3561 5189 8
3573 4861 1
3573 4874 4
3574 4126 2
3574 5882 2
3574 5307 2
3574 5449 6
3574 765 8
3574 5492 2
3574 3793 4
3574 5694 10
3574 4339 9
3574 4195 6
3574 3576 9
3574 5480 7
3574 3617 7
3574 3632 9
3574 5643 5
3574 3925 8
3574 4076 7
3574 5393 6
3576 4081 1
3576 4274 9
3576 5178 8
3576 4916 5
3576 4740 7
3576 3720 7
3576 4366 2
3576 5713 7
3576 4339 8
3576 4552 7
3576 4195 4
3576 5274 4
3576 4555 3
3576 5460 9
3576 5643 5
3576 3732 1
3576 5544 5
3576 5733 9
3576 4656 9
3576 5378 2
3576 5289 7
3576 5018 2
3576 3340 6
3576 765 1
3576 3617 7
3576 5743 6
3576 5125 9
3576 2918 10
3576 5346 3
3576 5480 4
3576 4675 7
3576 4572 3
3576 3658 8
3576 5393 4
3576 4874 8
3576 3759 8
3576 5489 10
3576 5307 5
3576 4236 8
3576 3947 10
3576 5578 8
3576 4792 3
3576 3680 5
3576 4032 6
3576 5052 10
3576 4880 5
3576 4406 3
3576 4962 4
3576 5772 10
3576 4389 3
3576 4700 1
3576 5589 2
3576 5870 9
3576 4429 5
3576 5590 5
3576 3901 2
3576 5568 2
3576 4602 3
3576 5325 1
3576 4248 6
3576 4889 4
3576 3785 6
3576 5066 3
3576 4056 1
3576 3781 4
3576 4043 8
3576 4340 5
3576 4294 2
3576 4150 5
3576 4444 1
3576 5016 5
3576 3972 9
3576 4091 6
3576 3896 4
3576 4449 8
3576 5150 9
3576 5796 1
3576 3598 2
3576 5613 1
3576 5345 6
3576 5896 4
3576 5899 10
3576 4533 2
3576 4663 1
3576 5882 4
3576 4076 7
3576 5906 9
3577 3936 6
3577 4652 10
3578 4459 4
3578 5346 3
3578 4700 4
3578 3680 8
3578 5772 9
3578 5899 9
3578 5796 3
3594 4953 7
3594 4587 6
3594 3807 6
3594 4667 9
3594 5051 4
3594 5583 5
3594 5081 10
3594 4125 6
3594 4928 10
3594 4455 4
3594 5833 10
3594 4410 6
3594 4346 5
3597 3947 3
3597 5184 1
3597 4874 7
3597 3617 6
3597 4602 5
3597 5830 7
3597 4444 5
3598 3978 1
3598 5492 5
3598 4962 3
3598 5870 5
3598 4874 5
3598 5590 1
3599 4039 7
3602 5142 7
3602 5506 1
3602 3669 6
3602 4939 5
3602 5906 7
3604 5066 6
3617 5178 4
3617 4916 7
3617 3896 4
3617 4861 1
3617 3993 1
3617 5628 3
3617 4740 3
3617 3720 10
3617 5713 8
3617 4339 7
3617 4003 6
3617 4917 7
3617 3635 2
3617 5643 10
3617 4849 9
3617 3641 2
3617 3831 6
3617 5029 6
3617 5480 4
3617 5482 4
3617 3935 6
3617 3947 6
3617 4692 7
3617 3680 6
3617 5772 3
3617 3958 10
3617 4429 4
3617 5590 4
3617 4430 7
3617 4248 3
3617 3925 2
3617 5875 3
3617 5694 6
3617 5157 8
3617 5228 2
3617 5333 3
3617 5882 7
3617 4444 6
3617 4711 6
3617 5393 6
3617 5899 4
3617 5441 7
3617 5442 4
3617 4713 9
3617 5088 1
3617 4076 7
3617 4328 6
3620 5650 4
3620 4962 3
3625 1003 9
3632 3740 10
3632 5449 2
3633 4874 1
3633 4274 8
3633 4956 10
3633 5830 1
3635 3797 7
3635 4874 6
3641 4459 9
3641 5333 3
3641 3831 4
3641 5072 5
3641 5870 2
3641 5882 2
3641 3720 4
3641 3680 7
3641 3935 6
3641 5643 8
3641 4248 5
3641 4874 8
3647 5130 6
3647 4552 8
3647 5838 2
3647 4695 5
3647 5287 10
3652 4255 5
3652 5677 1
3652 4112 10
3658 4533 4
3658 4740 4
3658 4248 1
3663 5142 6
3663 5220 1
3669 3713 8
3669 4058 7
3669 4633 7
3669 5142 2
3669 3854 6
3669 4527 5
3669 4189 7
3669 3726 2
3669 5102 10
3669 4693 4
3669 3886 3
3669 4313 3
3669 4805 2
3669 5506 9
3672 5066 7
3672 3719 4
3672 3680 5
3677 4786 8
3677 3761 4
3677 4335 2
3678 4181 10
3680 4274 7
3680 5178 3
3680 5714 7
3680 5449 3
3680 4740 4
3680 3719 3
3680 5001 4
3680 4339 6
3680 4003 2
3680 5007 4
3680 5279 9
3680 3825 8
3680 5643 1
3680 3732 2
3680 4849 10
3680 5553 8
3680 4109 9
3680 3831 5
3680 5118 1
3680 4917 6
3680 4669 4
3680 5567 1
3680 5066 10
3680 5393 9
3680 4874 8
3680 5713 6
3680 4692 1
3680 4039 10
3680 4422 6
3680 4962 3
3680 5772 5
3680 4429 1
3680 5590 4
3680 4430 5
3680 4248 4
3680 3925 7
3680 4150 1
3680 5157 6
3680 5333 10
3680 5882 8
3680 3972 10
3680 5698 7
3680 5346 2
3680 5899 5
3680 4729 4
3680 5441 3
3680 4713 8
3680 4459 8
3680 4700 3
3680 4078 9
3690 4191 1
3690 3806 9
3692 4635 7
3692 4656 1
3692 4248 1
3692 4109 10
3692 4737 4
3692 4129 1
3692 4874 7
3695 4921 7
3695 4451 8
3695 4014 3
3695 4658 2
3695 4018 8
3695 4297 2
3703 4975 10
3703 4497 3
3713 4636 6
3713 4499 2
3713 5687 6
3713 789 1
3713 2623 1
3713 5306 4
3713 5906 8
3719 5157 10
3719 5650 7
3719 3987 1
3719 5713 4
3719 5553 5
3719 4768 3
3719 5016 5
3719 5698 3
3719 5279 9
3719 4729 4
3719 4422 2
3719 4399 10
3719 5236 2
3719 3799 10
3719 5262 5
3719 5066 8
3719 3792 2
3720 4236 3
3720 4962 7
3720 3797 6
3720 4602 6
3720 4459 6
3720 3925 2
3720 4076 10
3720 4874 2
3723 3967 4
3723 4524 6
3723 3772 9
3726 4499 9
3726 5843 7
3726 3733 10
3726 4058 7
3726 5306 8
3726 5045 4
3726 5142 7
3726 5655 7
3726 3854 8
3726 4527 2
3726 5722 1
3726 5102 8
3726 5410 5
3726 4693 3
3726 4697 6
3726 5687 2
3726 4910 2
3726 4876 4
3732 4459 4
3732 5796 5
3732 5772 6
3732 5346 9
3732 4700 5
3732 5899 7
3732 5643 8
3732 4874 6
3733 4189 3
3733 5722 9
3733 5761 8
3733 5532 1
3733 4805 3
3733 5306 2
3733 4527 3
3733 5410 5
3734 5295 5
3734 5518 4
3734 5905 7
3734 4558 4
3740 5449 3
3744 5118 4
3744 4917 7
3744 4459 3
3749 4499 5
3749 5687 10
3759 4740 10
3759 5125 3
3759 4248 3
3759 5882 1
3759 5289 6
3761 5777 9
3761 3854 7
3761 4658 9
3761 3843 4
3761 5380 9
3761 4527 3
3761 4874 2
3761 4475 4
3767 4480 9
3772 3967 9
3780 5882 2
3780 4248 6
3781 4056 1
3781 4585 1
3781 5227 8
3781 5118 9
4885 5856 9
4885 5585 7
3784 4552 5
3785 5643 3
3792 4729 2
3797 5713 2
3797 5882 9
3797 4635 10
3797 5094 1
3797 4198 2
3797 5190 9
3797 5878 2
3797 3925 3
3797 4076 7
3797 4874 7
3799 5441 5
3799 5553 8
3799 5118 6
3799 4874 3
3799 5590 6
3799 4429 9
3805 3886 6
3806 4298 1
3806 4442 2
3806 1003 5
3806 5889 1
3806 4985 5
3806 4286 1
3806 4671 9
3806 4674 5
3806 5105 10
3806 4558 4
3806 5423 9
3806 5905 1
3807 4057 5
3807 5015 10
3807 5225 9
3807 5677 7
3807 4587 8
3807 5697 3
3807 4346 4
3807 5770 2
3807 4667 1
3807 5051 8
3807 5081 7
3807 4125 9
3807 4953 2
3807 4928 7
3807 4455 1
3807 5583 3
3807 5833 3
3807 4410 10
3807 2678 7
3807 4579 1
3811 4585 8
3825 5066 7
3825 4555 2
3831 5694 2
3831 4459 6
3831 5178 5
3831 4389 1
3831 4713 7
3831 4366 7
3831 5796 9
3831 5346 10
3831 5480 3
3831 5439 8
3831 5643 1
3831 4874 6
3832 5634 9
3833 3886 3
3843 4764 5
3843 5800 8
3843 4297 3
3843 4786 5
3847 5506 5
3852 5882 5
3853 4768 6
3854 5722 9
3854 4527 2
3854 4786 4
3855 5346 4
3859 5496 9
3859 4058 9
3859 4652 10
3859 5698 5
2623 4499 7
2623 5687 6
2623 4189 1
3868 5838 6
3868 5640 8
3868 4399 9
3868 5905 9
3868 4558 5
3872 5419 2
3882 5380 10
3886 5906 9
3893 4297 2
3896 4274 4
3896 4720 5
3896 5184 2
3896 4874 5
3896 5830 7
5568 4740 6
5568 3972 7
5568 4861 7
5568 5203 4
5568 4328 4
3899 5583 7
3907 5905 8
3913 4286 10
3913 1003 5
3913 5822 4
3913 5905 5
3915 4635 2
3918 5885 1
3918 4555 2
3920 4948 4
3933 5712 6
3933 1003 8
3935 4740 7
3935 4608 8
3935 4956 7
3935 4274 5
3935 5029 6
3935 5790 8
3935 4874 6
3936 4450 6
3936 3984 1
3946 3956 3
3946 4921 7
3946 4014 6
3946 5306 2
3947 5376 9
3947 5118 9
3947 4740 5
3947 5613 8
3947 4389 3
3947 5882 10
3947 4679 5
3947 5442 5
3947 5696 5
3947 3925 2
3954 5380 4
3954 4475 2
3954 5609 1
3956 4921 6
3956 5535 4
3956 5142 6
3956 4014 8
3958 5628 10
3958 4850 7
3962 4274 3
3964 4518 8
3964 1003 4
3964 4576 2
3967 4524 4
3968 4916 1
3968 3978 4
3972 5796 8
3972 4195 8
3972 4700 6
3972 5870 9
3977 5598 9
3978 4962 1
3978 4874 3
3978 5590 1
3987 5066 8
3987 4014 9
3987 5262 5
3993 5643 5
3993 4459 9
4003 4874 6
4014 4658 8
4014 4981 5
4014 4018 7
4014 5532 8
4014 5410 7
4018 4921 5
4018 4513 2
4018 4297 4
4018 4891 1
4622 5889 6
4622 1003 1
4032 5178 8
4032 5889 7
4032 5643 8
4032 1003 2
4032 4459 8
4032 5882 5
4039 4700 10
4039 4340 9
4039 5772 4
4039 5796 10
4043 5544 3
4044 5838 9
4044 4695 1
4044 4558 4
4044 5905 2
4056 5227 9
4056 5800 3
4056 5571 2
4057 5081 2
4057 4953 4
4057 5833 5
4057 4410 6
4057 4667 3
4057 4928 4
4057 4455 5
4057 4346 7
4058 5142 5
4058 4189 3
4062 4552 5
4062 5174 8
4062 5764 8
4076 4602 4
4076 3925 4
4076 5643 4
4076 5882 3
4076 4874 2
4078 5589 4
4078 3373 4
4078 4294 8
4081 5178 4
4081 5889 4
4081 5643 4
4081 5066 9
4081 1003 8
4081 4874 1
4081 4459 4
4081 5882 7
4091 4889 8
4096 4792 4
4103 4893 2
4107 4177 8
4107 4585 2
4107 5118 1
4107 4153 8
4107 5016 6
4107 4394 10
4107 5227 7
4107 5889 8
4107 4674 10
4107 5751 8
4107 4873 7
4109 4236 6
4109 5590 8
4109 5066 1
4109 4874 6
4109 365 4
4109 5041 1
4110 4889 9
4112 4953 8
4112 4587 2
4112 4346 2
4112 5770 7
4112 4667 2
4112 5051 7
4112 4216 7
4112 5081 10
4112 4928 2
4112 4455 1
4112 5833 10
4112 4410 6
4125 4579 1
4125 4953 9
4125 5015 5
4125 5833 10
4125 5697 6
4125 5770 7
4125 4667 3
4125 5051 1
4125 5583 2
4125 5081 4
4125 4928 4
4125 4455 4
4125 4587 7
4125 4410 1
4125 4346 5
4126 4274 1
4126 5029 5
4126 765 9
4126 5052 6
4126 4874 6
4129 4656 8
4129 4737 5
4129 4236 5
4129 5041 2
4135 4459 6
4135 5088 10
4142 5369 4
4142 4231 8
2678 4953 6
2678 5015 8
2678 4447 10
2678 5770 4
2678 4667 5
2678 5051 5
2678 5583 10
2678 5081 7
2678 4928 6
2678 4455 9
2678 4587 2
2678 5833 7
2678 5697 2
2678 4410 7
2678 5085 9
2678 4346 9
2678 4579 8
4150 5346 9
4150 4248 8
4150 4700 7
4153 4751 8
4153 4585 3
4153 5016 2
4153 4792 5
4166 4874 2
4189 789 2
4189 4697 2
4189 5722 2
4189 4910 5
4189 5045 6
4195 4740 3
4195 4485 5
4195 4861 8
4195 4328 3
4195 4889 2
4196 4808 6
4196 5248 1
4196 5118 5
4196 4787 9
4207 4792 2
4207 4585 4
4207 5751 2
4216 4953 7
4216 5833 2
4216 4410 1
4216 4667 9
4216 4928 2
4216 4455 1
4216 5693 4
4231 4364 7
4231 5556 5
4231 5905 4
4231 4558 4
4232 4585 8
4236 4656 3
4236 4459 4
4236 3925 2
4236 5041 1
4243 4459 5
4248 4459 10
4248 5882 6
4248 4665 2
4248 4962 5
4248 4331 2
4248 5899 6
4248 4533 4
4248 4406 9
4248 4602 8
4248 5643 9
4248 4469 8
4248 4849 3
4248 4874 4
4255 5822 4
4255 4953 3
4274 4608 10
4274 5157 5
4274 5790 5
4274 4444 5
4274 4446 5
4274 4956 10
4274 4663 10
4274 5743 1
4274 5184 6
4274 5772 4
4274 5052 10
4274 4422 5
4274 5102 4
4274 4720 1
4274 5029 4
4274 2918 1
4274 5345 4
4274 5810 9
4274 4572 5
4274 5482 7
4274 5439 1
4274 4917 5
4274 5419 5
4274 4459 3
4274 5422 2
4274 4874 3
4274 5830 6
4279 4874 7
4286 1003 9
4286 5735 5
4286 4442 7
4286 4326 5
4286 4558 5
4286 5905 10
4294 4517 7
4294 5589 4
4294 4892 6
4294 4349 5
4294 5553 10
4294 3373 9
4294 5164 2
4294 4874 5
4294 5189 3
4297 4981 2
4297 4658 8
4297 5609 4
4313 5906 5
4314 4768 1
4314 5342 2
4324 4585 1
4326 5295 8
4326 5712 2
4326 4674 2
4326 1003 4
4326 4442 9
4326 4576 6
4326 5905 7
4328 5029 9
4328 4602 1
4328 4459 3
4328 4340 1
4328 5422 1
4328 4874 5
4328 4444 10
4329 5342 8
4331 5780 3
4331 5882 3
4339 4459 8
4339 5906 7
4339 4366 10
4339 4962 7
4339 5899 6
4339 5882 5
4339 4874 10
4339 5590 2
4340 5694 6
4340 5088 9
4340 5333 6
4340 5882 8
4340 3340 8
4340 4464 3
4340 5643 7
4340 3925 6
4340 4849 2
4340 4874 1
4340 5041 5
4346 5156 3
4346 4953 4
4346 5015 9
4346 5225 6
4346 4587 3
4346 5697 10
4346 5770 6
4346 4579 2
4346 4667 1
4346 5051 4
4346 5583 4
4346 5081 10
4346 4491 10
4346 4928 1
4346 4455 3
4346 5833 7
4346 4410 10
4346 5693 5
4349 5800 6
4683 5118 3
4683 5791 2
4364 5905 6
4364 1003 5
4366 5001 2
4366 3925 2
4366 5882 2
4366 4874 7
4366 4525 3
4366 5796 2
4375 5125 2
4389 5694 9
4389 5274 9
4389 5480 1
4389 5393 8
4389 5870 5
4389 5882 6
4389 4874 6
4394 5227 8
4394 5889 1
4394 5791 4
4395 4607 3
4404 5698 5
4404 5496 6
4406 5643 4
4406 5333 4
4406 4459 8
4408 5262 10
4408 5066 7
4410 4953 2
4410 5015 7
4410 5225 9
4410 4538 8
4410 5677 7
4410 5697 2
4410 5770 4
4410 4667 9
4410 5051 5
4410 5081 4
4410 4491 8
4410 4903 2
4410 4928 9
4410 4587 4
4410 4455 1
4410 5583 6
4410 5833 5
4410 5156 5
4410 5693 1
4410 4579 10
4422 5157 5
4422 4962 7
4422 5713 10
4422 5346 9
4422 5743 4
4422 5772 4
4422 4874 1
4422 4572 3
4429 4962 1
4429 4874 4
4430 5796 7
4434 5460 5
4434 5307 5
4440 5066 6
4442 1003 3
4442 5735 3
4442 5905 5
4442 4558 10
4444 5882 9
4444 5125 10
4444 5870 3
4444 5482 10
4444 5088 6
4444 4874 2
4446 4874 5
4446 5790 4
4455 4953 8
4455 5015 10
4455 5225 3
4455 5677 5
4455 5697 8
4455 5770 3
4455 4579 6
4455 4667 8
4455 5051 1
4455 5081 9
4455 4491 6
4455 4903 10
4455 4928 10
4455 4587 1
4455 5583 5
4455 5833 5
4455 5156 4
4455 5693 5
5655 4499 7
5655 5655 7
5655 5687 5
5655 5122 10
5655 4725 3
5655 5906 7
4459 5178 9
4459 4917 2
4459 4740 5
4459 5274 6
4459 4849 5
4459 4861 1
4459 5125 1
4459 5480 7
4459 5393 6
4459 4874 6
4459 5041 9
4459 5307 5
4459 5228 6
4459 5052 2
4459 5772 7
4459 3925 9
4459 4889 6
4459 5875 9
4459 5694 9
4459 4974 1
4459 5333 3
4459 4713 2
4459 5346 5
4459 5088 2
5656 5295 6
4464 5896 3
4464 4874 3
4469 5643 5
4469 5882 2
4469 4572 9
4475 5380 2
4475 5573 6
4475 5142 1
4475 4786 3
4480 4874 5
4486 5342 8
4491 5856 4
4491 4953 8
4491 4667 5
4491 5051 4
4491 5585 8
4491 4928 4
4491 5833 8
4499 4636 9
4499 5103 9
4499 4781 8
4499 4509 7
4499 4725 8
4499 5906 6
4509 5687 8
4509 4891 3
4509 4781 4
4513 4891 6
4518 4547 6
4518 1003 9
4518 5800 9
4518 4985 4
4518 4576 5
4518 4577 3
3373 5589 1
4524 5066 4
4527 5722 4
4527 5777 4
4527 4786 5
741 4550 3
4538 4579 4
4538 4953 3
4538 4903 10
4538 5833 3
4547 1003 6
4547 5105 2
4547 5423 4
4547 4985 2
4547 4649 10
4550 5822 8
4550 1003 4
4550 4985 7
4550 5905 6
4552 5174 9
4552 5764 7
4555 5066 10
4555 5118 4
4558 1003 6
4558 4985 8
4558 5295 5
4558 4674 7
4558 5105 2
4558 4677 8
4558 5423 7
4564 5160 3
4572 5029 7
4572 5681 9
4572 2918 5
4572 5052 6
4572 4874 9
4572 5830 3
4576 5735 2
4579 4953 6
4579 5833 10
4579 4667 9
4579 4903 4
4579 4928 1
4584 5164 1
4585 5118 1
4585 5072 1
4585 5215 4
4585 5227 7
4585 5510 9
4585 1003 3
4585 5889 9
4585 5317 10
4585 5800 10
4585 4649 9
4587 4953 10
4587 5770 2
4587 4667 4
4587 5051 2
4587 5583 6
4587 4928 8
4587 5833 6
4591 5882 7
3901 5346 3
3901 5772 8
3901 5882 7
4602 4740 8
4602 5643 3
4602 5052 5
4602 5482 2
4602 5088 5
4602 5882 1
3925 4656 3
3925 5713 5
3925 5578 7
3925 4874 9
4608 4956 10
4608 5029 5
4608 5052 7
4608 4874 1
4608 5830 3
5094 4874 10
5094 5157 8
765 4962 3
765 5544 5
765 4874 3
765 5590 9
765 5796 3
4636 5687 9
4649 4664 4
4652 5294 6
4655 4874 4
4656 4874 1
4656 5041 3
4658 4921 1
4658 4786 1
4663 5157 2
4663 4874 9
4665 5882 9
4667 5015 6
4667 5225 9
4667 5677 3
4667 5697 4
4667 5770 10
4667 5051 5
4667 5081 9
4667 4903 10
4667 5800 2
4667 4928 9
4667 4953 2
4667 5583 8
4667 5833 1
4667 5156 3
4667 5693 9
4669 5590 9
4673 5066 6
4674 5735 10
4674 5905 10
4675 5643 3
4675 5882 10
4675 4916 3
4675 5307 9
4675 4874 7
4677 5905 6
4684 5423 1
4691 5066 7
4692 5346 2
4692 5106 8
4692 5899 7
4692 4874 10
4693 5722 2
4693 5532 7
4693 5102 5
4693 5410 6
4695 5838 10
4697 4725 9
4697 4876 6
4697 5142 5
4700 5178 7
4700 5118 2
4700 4713 3
4700 5125 7
4700 5772 9
4700 5346 8
4700 5882 5
4700 5643 6
4700 4874 2
4711 5326 6
4713 5882 10
4713 5772 2
4713 5796 3
4713 5346 6
4713 5899 7
4713 4874 2
4720 4874 6
4720 5830 1
4725 5122 6
4725 5687 5
4725 5906 9
4729 4768 9
4737 4874 1
4740 5747 2
4740 5333 10
4740 5882 10
4740 4874 3
4751 5016 1
4752 5122 2
4763 5899 9
4768 5904 7
4779 5164 6
4781 5687 8
4786 5380 7
4786 5777 7
4792 5262 6
4792 5016 7
4792 1003 6
4792 5147 8
4792 5800 7
4792 5905 8
4806 5016 2
4807 5838 3
4808 5016 6
4808 5236 3
4813 5066 4
4840 5227 3
4849 5643 1
4849 5882 3
4849 4874 2
4852 5306 9
5369 5556 1
4874 5189 10
4874 5178 1
4874 4916 5
4874 4917 4
4874 5628 1
4874 5001 4
4874 5184 9
4874 5643 2
4874 5419 5
4874 5052 4
4874 5743 10
4874 5125 4
4874 5296 9
4874 5029 9
4874 5190 5
4874 2918 10
4874 5482 4
4874 5772 3
4874 5830 1
4874 5041 6
4874 5307 2
4874 5309 7
4874 4956 8
4874 5492 3
4874 5579 5
4874 5227 6
4874 5228 8
4874 5681 7
4874 5870 3
4874 5102 6
4874 5422 5
4874 5598 6
4874 5694 4
4874 5157 1
4874 5747 9
4874 5345 5
4874 5333 5
4874 5790 4
4874 5449 4
4874 5903 4
4874 5289 7
4874 4987 1
4874 5346 8
4874 5896 5
4874 4988 4
4874 5439 3
4874 4990 10
4874 5088 7
4874 4962 3
4874 5882 5
4875 5066 1
4880 5307 7
4889 5882 3
4893 4942 10
4893 5791 1
4903 4953 9
4903 5770 7
4903 5697 7
4903 5225 2
4903 5583 3
4915 5506 7
4916 5460 8
4916 5307 8
4917 5157 8
4917 5184 2
4917 4962 3
4917 5590 8
4917 5482 2
4917 5066 6
4921 5142 4
4921 4981 6
4921 5532 5
4921 5410 5
4928 5156 3
4928 5225 4
4928 5833 9
4928 5697 5
4928 5770 6
4928 5051 2
4928 5081 5
4928 5583 6
4928 5693 1
4942 4952 8
4948 5673 10
4953 5156 9
4953 5015 2
4953 5225 6
4953 5677 4
4953 5697 4
4953 5770 7
4953 5051 2
4953 5081 6
4953 5583 10
4953 5833 1
4953 5693 1
4956 5118 2
4956 5830 3
4962 5157 4
4962 5088 2
4962 5713 8
4962 5882 9
4962 5492 5
4962 5449 7
4962 5052 6
4962 5590 2
4962 5130 6
4962 5419 3
4962 5643 6
4962 5066 9
4962 5041 10
4967 5906 8
4975 5702 3
4975 5523 6
4985 5580 10
4985 1003 8
4985 5889 10
4985 5735 4
4985 5905 8
4988 5190 5
4996 5590 6
5001 5066 4
5001 5590 2
5015 5051 6
5015 5583 4
5015 5833 4
5016 5800 10
5029 5747 5
5029 5790 6
5029 5184 5
5029 5052 8
5029 5345 7
5029 5830 7
5037 5220 9
5041 5899 6
5041 5072 9
5045 5687 9
5045 5532 1
5051 5833 1
5051 5677 9
5051 5081 5
5052 5743 3
5052 5184 6
5052 2918 5
5052 5830 10
5054 5346 9
5066 5713 5
5066 5725 7
5066 5262 10
5066 5288 6
5066 5118 4
5066 5378 1
5066 1923 2
5066 5567 3
5066 5571 1
5066 5767 6
5066 5144 4
5066 5130 1
5066 5236 7
5066 5323 9
5066 5239 1
5066 5157 7
5066 5698 1
789 5122 7
5070 5130 10
5070 5838 6
5081 5697 7
5081 5770 2
5081 5833 8
5081 5735 10
5088 2918 9
5102 5722 10
5102 5380 6
5102 5532 6
5102 1672 6
5102 5830 4
5102 5506 7
5103 5687 10
5105 5735 5
5105 5905 1
5109 5801 2
5112 5532 6
5118 5227 7
5118 5889 4
5118 5128 5
5118 5751 6
5118 5899 10
5118 5643 10
5122 5722 8
5125 5326 4
5125 5882 8
5142 5306 10
5142 5380 3
5142 5609 8
5142 5800 1
5142 5410 2
5142 5906 3
5150 5346 10
5150 5772 2
5150 5882 8
5156 5833 5
5157 5713 6
5157 5184 4
5157 5590 6
5160 1003 5
5178 5796 2
5178 5346 3
5178 5899 4
5184 5482 10
5184 5830 1
5215 5889 5
5225 5833 2
5227 5751 8
5228 5747 10
5232 5580 1
5232 1003 1
5232 5518 10
5236 5279 1
5248 5800 2
5251 5700 5
5254 5460 9
5254 5307 4
5274 5643 3
5287 5838 1
5289 5714 3
5295 5518 10
5295 5905 1
5306 5535 3
5307 5882 5
5307 5519 6
5325 1003 2
5333 5882 3
5333 5346 7
5333 5643 5
5346 5376 1
5346 5882 2
5346 5796 5
5346 5772 4
5346 5899 2
5346 5643 2
5378 5889 1
5393 3340 7
5393 5442 2
5393 5480 8
5393 5882 7
5404 5838 2
5410 5674 6
5419 5790 2
5423 5735 8
5423 5905 1
5442 5613 1
5442 5480 9
5442 5570 1
5442 5694 2
5449 5502 10
5449 5590 3
5460 5519 5
5464 5516 8
3340 5882 5
5480 5694 3
5480 5882 7
5482 5747 5
5482 5830 3
5492 5590 10
5496 5809 7
5518 1003 1
5553 5589 5
2918 5830 8
5583 5677 9
5583 5697 9
5583 5770 4
5583 5833 5
5585 5856 9
5589 5164 5
5590 5713 10
5590 5882 9
5590 5903 7
5613 5694 4
5634 5800 10
5643 5882 2
5643 5796 8
5643 5896 1
5643 5899 8
5643 5870 7
5643 5733 10
5643 5875 6
5677 5822 4
5677 5770 10
5677 5833 8
5681 5830 4
5687 5906 4
5693 5833 10
5694 5882 2
5697 5833 4
5713 5882 10
5870 5882 5
1003 5838 1
1003 5735 5
1003 5905 3
5733 5882 3
5743 5830 10
5751 5889 4
5751 5791 4
5770 5833 7
5772 5882 6
5772 5796 1
5790 5830 1
5796 5899 6
5800 5882 2
5800 5889 3
5856 184 8
5882 5899 10
5882 5898 7
