# Local nodes
36
37
40
41
59
77
79
80
81
86
105
107
113
123
132
141
150
151
166
167
172
173
182
183
186
189
195
204
210
211
212
219
221
225
231
235
237
249
251
256
272
274
279
280
284
288
289
292
299
306
309
319
321
329
332
335
347
349
354
355
358
359
364
366
370
376
378
380
382
388
389
403
408
409
415
416
429
457
460
471
485
488
494
499
513
516
523
527
549
550
552
561
576
584
589
590
592
597
600
603
609
613
640
658
659
666
670
679
681
683
691
699
706
711
723
726
730
745
767
770
777
786
805
811
814
815
817
821
824
832
837
843
850
866
877
880
883
890
905
912
923
925
930
932
936
938
941
947
957
958
960
964
976
983
985
992
995
997
1007
1016
1017
1022
1023
1031
1043
1045
1053
1057
1062
1064
1065
1077
1078
1082
1086
1092
1100
1102
1127
1140
1141
1158
1187
1188
1190
1191
1194
1196
1197
1205
1211
1213
1217
1222
1225
1230
1241
1242
1246
1268
1271
1272
1274
1277
1289
1290
1314
1322
1325
1338
1339
1341
1346
1362
1363
1371
1378
1384
1400
1404
1410
1414
1421
1422
1426
1431
1434
1438
1440
1441
1453
1469
1470
1474
1480
1481
1482
1484
1489
1494
1496
1499
1508
1526
1530
1559
1566
1587
1588
1589
1595
1620
1624
1627
1633
1641
1643
1644
1647
1651
1653
1674
1678
1686
1691
1692
1709
1711
1723
1731
1741
1752
1753
1755
1756
1758
1766
1767
1772
1773
1774
1775
1782
1783
1786
1800
1805
1809
1811
1814
1825
1838
1846
1852
1853
1855
1859
1869
1892
1894
1902
1915
1942
1947
1955
1962
1968
1970
1973
1974
1984
1987
1990
2001
2002
2026
2036
2041
2059
2067
2071
2077
2082
2083
2105
2114
2120
2133
2146
2153
2169
2173
2174
2176
2188
2220
2223
2232
2233
2236
2239
2248
2255
2257
2275
2280
2281
2283
2287
2294
2298
2300
2310
2320
2328
2352
2356
2358
2361
2362
2367
2369
2373
2375
2388
2393
2401
2445
2453
2466
2474
2475
2479
2480
2485
2488
2500
2503
2508
2512
2515
2516
2526
2529
2535
2537
2547
2551
2562
2568
2572
2580
2592
2593
2595
2599
2613
2617
2619
2626
2628
2629
2631
2632
2645
2648
2657
2662
2666
2690
2691
2692
2695
2697
2699
2703
2707
2714
2719
2720
2723
2738
2744
2749
2753
2758
2761
2763
2770
2781
2786
2791
2793
2795
2801
2804
2818
2819
2823
2829
2830
2837
2843
2847
2849
2858
2872
2873
2874
2882
2883
2894
2898
2906
2909
2929
2955
2966
2969
2970
2976
2986
2988
3004
3007
3024
3032
3041
3043
3050
3055
3061
3070
3076
3082
3083
3090
3092
3094
3100
3101
3107
3110
3111
3114
3118
3123
3131
3144
3151
3158
3163
3165
3172
3176
3177
3178
3191
3204
3205
3210
3213
3219
3223
3233
3241
3243
3248
3252
3262
3263
3271
3281
3284
3292
3294
3299
3306
3324
3335
3336
3343
3352
3359
3363
3364
3365
3380
3398
3400
3404
3408
3409
3414
3417
3420
3434
3435
3439
3441
3451
3459
3464
3466
3470
3478
3486
3487
3497
3499
3508
3509
3514
3526
3527
3533
3534
3536
3539
3543
3545
3549
3554
3569
3582
3587
3605
3606
3613
3627
3631
3636
3642
3646
3649
3686
3691
3705
3709
3714
3730
3731
3735
3754
3777
3781
3782
3793
3801
3809
3815
3829
3848
3850
3856
3862
3865
3867
3869
3872
3875
3879
3892
3895
3903
3907
3916
3926
3931
3938
3952
3973
3974
3981
3996
3997
3999
4008
4010
4011
4012
4023
4026
4032
4034
4038
4041
4050
4061
4065
4068
4072
4080
4081
4086
4090
4092
4095
4102
4113
4115
4118
4119
4123
4134
4135
4152
4160
4163
4166
4170
4180
4181
4188
4194
4204
4206
4207
4208
4211
4212
4232
4234
4238
4242
4246
4257
4260
4263
4265
4266
4273
4275
4284
4285
4290
4315
4316
4324
4334
4341
4348
4369
4373
4378
4386
4401
4406
4415
4418
4421
4427
4456
4463
4470
4471
4476
4479
4483
4489
4494
4512
4514
4517
4525
4526
4528
4532
4535
4570
4571
4592
4595
4597
4599
4602
4604
4610
4618
4621
4622
4625
4629
4643
4651
4660
4668
4679
4686
4691
4699
4703
4705
4707
4731
4733
4755
4756
4763
4767
4772
4778
4782
4785
4799
4802
4823
4831
4838
4843
4844
4846
4854
4857
4878
4887
4897
4901
4906
4952
4963
4964
4965
4972
4982
4989
4997
5011
5026
5038
5042
5059
5069
5072
5076
5079
5083
5104
5114
5117
5124
5132
5137
5148
5151
5159
5163
5167
5176
5180
5195
5201
5205
5206
5209
5211
5212
5213
5224
5235
5238
5241
5255
5257
5258
5269
5271
5275
5277
5280
5290
5299
5303
5310
5326
5327
5328
5332
5341
5349
5358
5364
5374
5378
5395
5411
5414
5415
5416
5421
5424
5425
5434
5441
5445
5454
5461
5462
5486
5489
5495
5503
5505
5508
5510
5513
5520
5522
5523
5524
5525
5540
5547
5551
5559
5562
5577
5578
5582
5597
5602
5608
5610
5636
5638
5646
5657
5661
5663
5682
5686
5691
5696
5701
5709
5715
5726
5736
5745
5750
5753
5757
5759
5773
5776
5778
5781
5783
5788
5793
5797
5802
5805
5808
5813
5815
5816
5818
5821
5826
5837
5841
5865
5868
5871
5873
5880
5891
5901
5902
# Ghost nodes
11
12
18
57
61
69
91
96
98
108
112
116
131
133
135
136
137
147
175
179
190
191
202
222
277
282
302
320
333
362
363
383
387
393
420
434
442
464
479
482
484
510
531
539
541
553
563
568
571
598
622
633
648
684
690
697
707
724
775
784
787
878
885
895
907
928
940
965
973
996
1001
1003
1014
1061
1066
1075
1091
1113
1118
1125
1145
1147
1149
1150
1155
1159
1163
1165
1172
1179
1215
1234
1258
1270
1282
1288
1294
1300
1323
1324
1333
1340
1342
1359
1366
1374
1385
1397
1398
1408
1443
1456
1458
1466
1468
1511
1513
1516
1517
1518
1522
1544
1571
1581
1590
1655
1660
1680
1684
1717
1732
1744
1791
1798
1804
1822
1824
1843
1864
1871
1881
1904
1908
1921
1928
1932
1938
1946
1948
1952
1960
1961
1964
1965
1969
1986
1988
2009
2034
2064
2068
2076
2086
2094
2095
2123
2143
2209
2218
2224
2245
2256
2278
2296
2330
2344
2346
2355
2357
2371
2386
2392
2397
2398
2403
2406
2408
2463
2470
2472
2486
2493
2505
2509
2511
2527
2528
2558
2565
2586
2589
2607
2630
2634
2646
2650
2654
2684
2685
2689
2693
2698
2705
2725
2727
2736
2743
2745
2751
2764
2780
2788
2815
2826
2831
2835
2836
2854
2863
2890
2900
2904
2921
2948
2951
2959
2964
2978
2979
2993
3006
3008
3009
3011
3013
3014
3026
3030
3036
3048
3058
3072
3078
3081
3087
3095
3104
3105
3117
3127
3147
3148
3162
3166
3175
3203
3208
3211
3230
3234
3244
3256
3257
3270
3278
3305
3313
3317
3334
3344
3367
3370
3387
3396
3402
3403
3445
3460
3462
3469
3472
3476
3484
3490
3491
3541
3546
3550
3561
3574
3576
3595
3597
3598
3603
3609
3615
3617
3641
3656
3668
3678
3680
3696
3699
3718
3720
3734
3744
3759
3768
3779
3799
3803
3806
3841
3846
3852
3868
3885
3888
3898
3904
3925
3940
3947
3977
4003
4009
4056
4074
4076
4096
4107
4117
4121
4139
4153
4156
4172
4193
4196
4217
4243
4248
4253
4264
4293
4294
4306
4317
4328
4344
4356
4362
4366
4391
4408
4424
4459
4478
4482
4491
4496
4508
4521
4549
4555
4585
4665
4673
4687
4692
4700
4711
4726
4730
4740
4749
4750
4759
4789
4791
4792
4796
4804
4813
4815
4829
4845
4873
4874
4885
4898
4910
4938
4942
4945
4948
4959
4970
4974
4975
4993
5001
5016
5041
5052
5065
5066
5075
5085
5086
5088
5099
5118
5125
5128
5144
5147
5178
5189
5191
5214
5215
5227
5229
5294
5307
5313
5325
5333
5343
5354
5355
5365
5388
5402
5412
5418
5419
5444
5446
5459
5475
5480
5482
5497
5539
5560
5566
5584
5599
5619
5621
5627
5643
5667
5678
5705
5729
5751
5763
5779
5785
5800
5801
5824
5877
5882
5884
5889
5895
5896
5899
5905
