# Local nodes
3
5
6
17
19
23
28
31
34
43
51
54
58
71
75
76
78
85
96
104
112
117
120
142
148
149
156
164
168
180
192
198
214
216
226
234
236
238
250
252
257
258
260
270
273
278
283
293
310
317
318
320
323
326
330
331
336
338
339
340
342
346
353
357
372
374
379
397
402
406
407
418
423
430
437
443
444
450
452
459
466
483
486
491
493
495
497
500
507
509
512
520
521
538
556
559
564
566
567
583
585
591
593
616
621
625
627
629
631
636
637
639
646
650
651
652
654
657
672
675
680
684
689
693
695
697
702
704
705
709
710
716
720
721
722
725
728
737
738
741
749
752
760
773
776
778
781
790
793
795
796
798
804
807
813
819
820
829
830
835
836
838
839
852
853
858
861
862
869
870
871
872
882
887
888
892
894
898
900
909
910
919
921
924
931
942
943
954
963
967
973
979
996
1019
1030
1034
1036
1039
1040
1044
1055
1068
1069
1071
1072
1075
1076
1079
1081
1084
1097
1098
1103
1104
1107
1108
1133
1144
1146
1151
1153
1159
1161
1162
1163
1164
1171
1172
1173
1174
1177
1182
1195
1199
1201
1208
1216
1223
1236
1243
1247
1255
1256
1260
1262
1275
1280
1302
1303
1309
1321
1333
1351
1365
1367
1369
1370
1374
1375
1377
1383
1387
1391
1392
1401
1402
1411
1412
1415
1420
1423
1425
1432
1433
1435
1442
1444
1445
1451
1458
1461
1467
1468
1471
1486
1491
1503
1504
1510
1515
1523
1528
1532
1537
1539
1546
1549
1555
1557
1564
1565
1567
1574
1577
1585
1592
1593
1594
1596
1598
1608
1611
1625
1631
1638
1639
1655
1657
1658
1659
1669
1671
1677
1679
1681
1695
1700
1701
1708
1712
1714
1721
1724
1727
1733
1735
1743
1744
1763
1781
1788
1803
1807
1810
1815
1816
1830
1833
1834
1835
1837
1866
1870
1876
1877
1878
1888
1889
1905
1906
1912
1914
1919
1922
1929
1933
1935
1937
1940
1943
1945
1950
1957
1960
1969
1992
1994
2007
2011
2012
2038
2053
2057
2064
2065
2079
2089
2092
2095
2115
2123
2138
2142
2143
2158
2159
2167
2178
2181
2185
2192
2193
2198
2214
2218
2228
2234
2237
2241
2243
2245
2268
2270
2271
2274
2285
2301
2303
2308
2316
2323
2336
2349
2350
2359
2366
2374
2376
2378
2383
2400
2411
2416
2418
2428
2430
2432
2437
2438
2444
2446
2449
2451
2459
2476
2478
2487
2499
2502
2511
2532
2533
2541
2545
2550
2552
2557
2573
2576
2578
2583
2589
2590
2601
2605
2611
2624
2627
2635
2636
2638
2640
2643
2649
2655
2656
2661
2665
2667
2672
2679
2680
2682
2686
2696
2710
2711
2712
2724
2737
2740
2746
2747
2750
2756
2760
2762
2769
2774
2782
2783
2803
2808
2809
2814
2835
2840
2844
2851
2861
2865
2866
2876
2900
2903
2905
2912
2915
2924
2945
2947
2952
2965
2967
2971
2980
2981
2987
2990
2995
3013
3017
3026
3038
3039
3040
3044
3046
3063
3071
3073
3098
3104
3105
3112
3116
3119
3122
3141
3145
3152
3154
3160
3193
3198
3202
3206
3214
3216
3221
3240
3245
3247
3253
3254
3259
3288
3289
3302
3303
3310
3311
3312
3316
3341
3342
3345
3348
3349
3376
3381
3382
3384
3399
3416
3426
3430
3436
3449
3450
3465
3475
3483
3501
3503
3515
3520
3521
3528
3529
3540
3542
3556
3560
3563
3564
3570
3580
3581
3584
3586
3590
3591
3608
3614
3640
3643
3648
3654
3666
3667
3668
3682
3683
3687
3700
3701
3708
3724
3729
3736
3742
3745
3751
3758
3764
3770
3771
3778
3783
3787
3788
3790
3798
3804
3808
3816
3818
3824
3826
3833
3834
3838
3840
3846
3873
3876
3880
3889
3894
3904
3911
3912
3921
3928
3932
3939
3949
3951
3953
3959
3960
3963
3971
3988
3991
4002
4004
4009
4013
4021
4025
4027
4030
4040
4043
4046
4049
4077
4082
4093
4097
4116
4130
4131
4132
4133
4138
4139
4140
4141
4145
4146
4154
4167
4169
4171
4176
4184
4199
4203
4209
4213
4218
4222
4223
4241
4245
4249
4252
4256
4269
4270
4271
4272
4276
4287
4291
4292
4304
4307
4309
4310
4311
4317
4322
4329
4336
4344
4350
4351
4353
4357
4359
4367
4370
4377
4384
4388
4393
4397
4398
4400
4403
4407
4411
4426
4428
4432
4433
4441
4445
4447
4454
4458
4461
4466
4472
4473
4477
4482
4492
4495
4503
4515
4522
4531
4540
4544
4545
4548
4551
4556
4559
4561
4562
4563
4574
4578
4581
4586
4590
4600
4603
4609
4611
4612
4613
4620
4626
4628
4631
4633
4634
4639
4650
4653
4659
4666
4672
4681
4687
4698
4701
4708
4717
4723
4724
4734
4738
4743
4744
4746
4753
4758
4760
4765
4773
4776
4777
4783
4794
4795
4800
4803
4806
4826
4828
4833
4841
4858
4869
4871
4877
4882
4884
4886
4902
4909
4913
4922
4934
4935
4940
4944
4945
4951
4958
4976
4983
4984
4986
5000
5002
5003
5004
5010
5013
5014
5022
5027
5028
5031
5032
5035
5053
5067
5085
5087
5091
5095
5096
5099
5101
5115
5121
5123
5129
5140
5146
5170
5173
5179
5181
5182
5194
5196
5197
5203
5207
5208
5214
5216
5217
5218
5219
5230
5233
5245
5247
5250
5252
5253
5259
5260
5270
5278
5281
5291
5293
5315
5316
5317
5318
5320
5330
5331
5334
5335
5338
5339
5347
5359
5365
5367
5370
5381
5383
5385
5394
5398
5399
5400
5401
5402
5405
5406
5408
5409
5412
5413
5426
5427
5429
5432
5433
5437
5447
5448
5458
5465
5466
5487
5491
5498
5504
5507
5515
5517
5530
5534
5537
5542
5546
5548
5552
5555
5563
5564
5571
5581
5588
5596
5603
5605
5617
5619
5624
5627
5631
5637
5639
5642
5644
5645
5649
5658
5660
5662
5665
5666
5671
5688
5690
5703
5717
5720
5721
5727
5741
5744
5746
5756
5762
5774
5792
5795
5798
5800
5804
5807
5811
5812
5828
5832
5834
5835
5839
5842
5847
5850
5853
5859
5861
5863
5874
5883
5886
5892
5897
# Ghost nodes
67
74
77
79
80
82
91
94
97
116
122
146
150
151
158
167
169
191
194
205
218
239
246
282
294
356
363
383
390
399
427
429
442
453
455
484
502
506
519
553
557
561
589
628
648
653
683
751
761
764
777
821
832
923
978
994
1003
1011
1017
1028
1041
1043
1077
1109
1111
1156
1186
1190
1197
1205
1230
1234
1257
1294
1304
1323
1324
1419
1430
1437
1449
1499
1506
1522
1541
1632
1641
1644
1665
1675
1718
1742
1760
1776
1791
1792
1796
1805
1822
1838
1864
1874
1907
1910
1952
1958
1964
1965
1972
2013
2015
2045
2059
2074
2094
2105
2116
2140
2189
2229
2239
2248
2299
2305
2306
2312
2314
2319
2322
2327
2370
2406
2421
2468
2522
2535
2554
2562
2604
2654
2662
2678
2693
2695
2698
2713
2723
2726
2733
2778
2790
2794
2857
2886
2887
2897
2932
2937
2944
2960
3001
3010
3012
3014
3035
3043
3048
3051
3074
3089
3090
3099
3127
3137
3148
3151
3159
3170
3172
3174
3181
3210
3217
3218
3233
3238
3241
3260
3262
3269
3285
3298
3326
3344
3374
3377
3379
3387
3402
3445
3447
3464
3467
3471
3484
3489
3518
3576
3593
3595
3617
3662
3669
3711
3763
3782
3801
3841
3843
3850
3886
3888
3898
3931
3934
3940
3941
3977
3980
4024
4028
4032
4056
4081
4096
4127
4148
4168
4175
4193
4208
4219
4238
4251
4258
4268
4316
4347
4349
4378
4382
4395
4478
4518
4528
4549
4550
4553
4554
4557
4585
4614
4616
4621
4622
4637
4667
4693
4720
4726
4767
4771
4792
4801
4814
4819
4829
4851
4860
4864
4906
4914
4923
4954
4959
4964
4965
5011
5016
5018
5062
5066
5068
5072
5093
5127
5132
5142
5185
5248
5267
5268
5294
5325
5342
5354
5363
5366
5369
5376
5388
5527
5539
5544
5568
5574
5578
5599
5612
5634
5661
5680
5704
5715
5716
5748
5783
5854
5855
5872
5876
5877
5882
5884
5885
5889
