# Local nodes
2
4
7
15
20
38
52
66
84
88
90
91
95
97
99
100
103
109
124
125
127
147
153
160
163
165
178
180
181
188
193
200
206
208
220
245
263
282
286
298
304
305
327
341
345
350
361
371
373
385
396
410
412
414
419
424
428
440
449
453
468
469
487
498
501
502
510
514
525
535
544
551
558
560
563
571
573
578
580
586
595
596
601
607
611
626
641
642
644
647
656
661
662
673
674
677
686
692
707
715
727
734
735
743
748
750
762
764
784
791
792
797
800
801
810
812
816
842
845
858
873
889
891
903
904
906
913
915
918
922
951
959
965
970
971
972
974
981
986
1008
1012
1013
1018
1021
1029
1033
1037
1051
1061
1080
1083
1087
1090
1093
1101
1117
1121
1148
1154
1157
1185
1202
1212
1214
1218
1219
1227
1229
1239
1244
1248
1249
1254
1263
1273
1281
1283
1285
1293
1297
1304
1307
1324
1331
1334
1340
1345
1349
1353
1357
1372
1386
1407
1408
1409
1424
1428
1429
1439
1448
1452
1454
1455
1456
1479
1483
1493
1497
1529
1534
1538
1548
1550
1551
1554
1561
1562
1563
1569
1570
1601
1602
1610
1613
1626
1629
1640
1648
1661
1662
1680
1685
1707
1716
1725
1757
1759
1764
1768
1771
1791
1797
1806
1812
1818
1819
1844
1845
1851
1857
1861
1879
1895
1911
1918
1936
1953
1967
1977
1979
1997
2008
2013
2017
2021
2032
2058
2060
2075
2076
2085
2087
2090
2091
2107
2111
2113
2126
2130
2131
2136
2140
2150
2154
2155
2157
2160
2162
2165
2166
2183
2197
2201
2217
2227
2235
2240
2244
2246
2258
2262
2263
2269
2279
2289
2293
2296
2309
2311
2314
2318
2319
2321
2322
2330
2331
2338
2340
2347
2351
2353
2363
2365
2386
2387
2389
2394
2397
2402
2412
2413
2414
2417
2419
2422
2426
2431
2439
2442
2458
2461
2468
2471
2484
2486
2490
2506
2510
2528
2530
2536
2538
2546
2548
2563
2584
2597
2606
2621
2633
2651
2652
2664
2670
2675
2684
2708
2718
2739
2742
2748
2752
2757
2771
2779
2784
2789
2797
2807
2812
2815
2820
2825
2828
2832
2834
2838
2853
2856
2878
2887
2888
2892
2896
2914
2920
2923
2928
2935
2943
2961
2968
2975
2989
2991
2992
2996
3000
3010
3012
3023
3029
3036
3037
3047
3054
3057
3067
3072
3079
3084
3097
3103
3132
3148
3150
3169
3173
3180
3184
3187
3196
3220
3239
3249
3258
3261
3273
3274
3276
3297
3300
3308
3313
3318
3320
3323
3325
3333
3337
3338
3339
3357
3360
3366
3368
3375
3378
3386
3391
3412
3422
3427
3432
3448
3458
3471
3472
3473
3480
3484
3492
3498
3502
3505
3512
3523
3524
3530
3541
3548
3559
3567
3568
3593
3595
3604
3626
3630
3639
3650
3659
3660
3661
3664
3673
3674
3688
3689
3693
3698
3712
3717
3721
3739
3743
3746
3752
3773
3776
3796
3800
3814
3819
3822
3827
3830
3836
3839
3857
3858
3864
3885
3902
3914
3917
3930
3940
3942
3966
3976
3983
3986
3990
3994
4016
4024
4036
4037
4042
4055
4064
4067
4071
4073
4084
4085
4087
4104
4117
4120
4143
4151
4158
4159
4190
4210
4219
4225
4227
4244
4247
4262
4267
4288
4296
4303
4319
4325
4327
4332
4343
4345
4352
4354
4374
4376
4382
4383
4390
4409
4414
4419
4423
4424
4440
4465
4474
4481
4486
4488
4490
4505
4506
4510
4511
4529
4542
4546
4554
4573
4594
4601
4605
4606
4614
4617
4627
4638
4661
4676
4682
4694
4696
4718
4719
4728
4735
4736
4745
4747
4752
4766
4774
4775
4788
4809
4811
4821
4830
4835
4839
4848
4860
4863
4865
4866
4867
4868
4872
4894
4908
4912
4918
4920
4923
4930
4931
4932
4938
4968
4969
4979
5006
5008
5017
5033
5036
5039
5046
5049
5061
5062
5068
5071
5074
5082
5084
5090
5098
5106
5110
5116
5119
5131
5134
5136
5149
5153
5155
5166
5172
5175
5183
5204
5221
5234
5243
5246
5264
5276
5285
5297
5298
5300
5305
5314
5319
5322
5325
5329
5336
5344
5351
5352
5356
5362
5366
5373
5376
5396
5417
5438
5444
5452
5453
5459
5468
5469
5477
5481
5483
5485
5490
5494
5501
5536
5538
5543
5560
5561
5569
5572
5575
5584
5587
5592
5600
5611
5615
5616
5620
5623
5625
5626
5627
5633
5635
5659
5664
5668
5672
5692
5704
5710
5711
5717
5724
5734
5740
5749
5771
5775
5777
5787
5794
5799
5820
5823
5827
5836
5851
5857
5867
5879
5888
5894
5900
5907
# Ghost nodes
3
71
77
80
155
191
192
209
231
248
312
329
377
413
417
423
434
463
477
490
492
517
519
541
598
683
726
733
775
787
860
875
896
929
997
1003
1074
1112
1115
1196
1205
1230
1246
1252
1265
1298
1323
1339
1356
1363
1381
1388
1394
1434
1441
1449
1553
1571
1594
1597
1603
1625
1644
1654
1706
1777
1804
1824
1842
1864
1868
1871
1939
1961
1965
1966
1973
2018
2024
2059
2097
2134
2143
2180
2190
2218
2236
2245
2275
2292
2326
2335
2339
2345
2398
2406
2432
2448
2612
2614
2615
2624
2654
2693
2723
2777
2848
2911
2929
2937
2957
2964
2985
3008
3074
3094
3124
3151
3282
3288
3379
3380
3387
3388
3395
3405
3457
3481
3496
3518
3550
3576
3662
3669
3686
3696
3719
3726
3761
3770
3811
3812
3833
3835
3879
3904
3923
3947
3961
3977
3987
4005
4013
4019
4028
4032
4081
4082
4107
4115
4119
4135
4212
4291
4395
4398
4402
4408
4447
4454
4473
4501
4516
4521
4523
4527
4555
4620
4692
4708
4772
4786
4982
4999
5025
5038
5066
5118
5122
5139
5148
5167
5206
5209
5229
5236
5241
5306
5309
5311
5312
5317
5342
5346
5348
5391
5457
5558
5559
5662
5722
5748
5800
5872
5882
