# Local nodes
8
18
24
28
30
33
34
39
42
46
63
65
67
68
74
75
77
89
104
106
110
117
122
130
135
137
154
174
187
191
198
217
223
229
230
233
239
252
267
268
271
278
283
290
307
308
311
316
323
334
336
338
344
351
360
363
374
380
389
401
407
411
442
444
450
454
466
477
481
484
488
496
505
520
526
537
539
546
557
564
581
582
588
605
610
612
622
636
643
649
651
653
654
655
660
682
684
688
690
691
695
701
702
703
704
711
719
733
739
744
752
753
759
773
775
785
787
788
794
804
823
830
832
844
874
879
884
890
895
900
902
905
910
917
921
936
947
954
969
991
995
1003
1007
1011
1019
1022
1026
1027
1028
1036
1041
1042
1055
1056
1066
1084
1095
1106
1114
1125
1130
1134
1139
1147
1155
1160
1166
1174
1176
1179
1180
1193
1195
1197
1204
1221
1228
1237
1247
1251
1258
1280
1294
1301
1312
1321
1323
1338
1342
1343
1358
1360
1364
1366
1369
1376
1379
1381
1387
1390
1391
1402
1406
1411
1417
1442
1462
1495
1501
1505
1516
1518
1519
1521
1523
1528
1537
1541
1542
1555
1557
1564
1565
1585
1598
1599
1603
1611
1636
1645
1652
1654
1658
1663
1665
1668
1670
1671
1673
1682
1693
1695
1703
1704
1730
1737
1738
1739
1740
1744
1745
1750
1754
1760
1789
1792
1799
1801
1824
1827
1829
1832
1839
1842
1847
1863
1876
1877
1878
1884
1891
1893
1916
1917
1922
1923
1927
1958
1964
2004
2042
2079
2102
2112
2121
2124
2137
2144
2152
2158
2161
2164
2172
2176
2187
2196
2198
2199
2213
2216
2224
2231
2242
2250
2259
2267
2270
2282
2284
2294
2299
2301
2307
2329
2342
2346
2349
2359
2375
2376
2388
2390
2392
2406
2418
2427
2428
2429
2430
2433
2434
2438
2441
2447
2450
2451
2465
2467
2472
2478
2505
2509
2521
2531
2532
2534
2543
2545
2550
2552
2570
2581
2586
2605
2608
2609
2611
2614
2622
2635
2637
2642
2667
2678
2679
2680
2683
2686
2688
2691
2693
2700
2704
2709
2712
2715
2716
2731
2743
2758
2768
2774
2777
2780
2782
2813
2814
2824
2833
2839
2858
2860
2861
2867
2875
2885
2900
2905
2921
2926
2936
2937
2939
2940
2950
2953
2960
2965
2977
2981
2985
2995
2997
3001
3028
3031
3060
3063
3069
3071
3073
3091
3112
3116
3127
3138
3139
3152
3156
3159
3165
3166
3174
3179
3181
3189
3190
3191
3215
3225
3228
3231
3232
3237
3244
3247
3252
3254
3255
3257
3262
3265
3267
3280
3282
3290
3293
3298
3334
3343
3344
3345
3347
3350
3376
3387
3392
3393
3394
3400
3411
3423
3424
3425
3426
3428
3434
3437
3438
3440
3445
3449
3462
3475
3476
3488
3490
3495
3496
3501
3503
3513
3516
3518
3535
3543
3553
3560
3571
3577
3583
3590
3592
3594
3614
3615
3625
3634
3647
3652
3666
3678
3682
3690
3700
3711
3719
3724
3725
3734
3736
3737
3781
3788
3791
3792
3794
3795
3806
3807
3812
3824
3825
3838
3859
3861
3868
3887
3891
3895
3899
3907
3912
3913
3932
3933
3936
3938
3960
3964
3975
3980
3984
3987
4002
4004
4038
4044
4049
4053
4056
4057
4060
4062
4063
4089
4107
4112
4125
4139
4142
4147
4153
4167
4169
4171
4184
4186
4191
4196
4199
4203
4207
4213
4216
4230
4231
4232
4234
4245
4255
4271
4275
4277
4280
4286
4295
4302
4304
4322
4326
4346
4357
4362
4363
4364
4367
4387
4394
4399
4408
4410
4411
4431
4433
4442
4450
4455
4471
4491
4492
4507
4518
4538
4539
4544
4547
4550
4552
4555
4558
4559
4564
4569
4576
4577
4579
4585
4587
4596
4599
4603
4613
4619
4626
4649
4650
4652
4664
4666
4667
4671
4673
4677
4678
4683
4684
4695
4699
4710
4717
4729
4732
4744
4751
4755
4757
4768
4784
4787
4792
4794
4798
4806
4807
4808
4813
4832
4840
4862
4871
4873
4875
4884
4890
4893
4903
4926
4928
4940
4942
4944
4949
4953
4955
4959
4966
4976
4982
4985
4991
5015
5016
5027
5028
5035
5043
5051
5053
5066
5070
5081
5083
5096
5097
5101
5105
5113
5118
5121
5130
5132
5140
5141
5146
5156
5160
5174
5200
5207
5209
5225
5227
5232
5236
5239
5248
5250
5262
5287
5293
5295
5311
5313
5316
5317
5343
5371
5377
5384
5403
5423
5435
5436
5454
5464
5470
5476
5496
5507
5516
5518
5522
5528
5529
5530
5534
5537
5546
5580
5581
5583
5597
5614
5617
5629
5640
5649
5650
5656
5671
5677
5685
5686
5693
5697
5712
5720
5728
5735
5738
5751
5764
5766
5767
5770
5783
5784
5791
5795
5798
5800
5807
5809
5813
5822
5833
5838
5845
5886
5889
5905
# Ghost nodes
26
78
79
82
91
95
105
107
116
133
136
143
146
151
155
158
167
169
175
192
195
205
218
234
246
248
261
264
282
284
294
296
329
383
390
393
397
406
427
429
453
455
456
465
502
506
513
519
527
529
542
570
584
589
593
597
598
600
606
617
628
632
638
648
683
696
705
741
749
761
764
767
769
781
806
821
837
858
869
893
907
962
967
1012
1016
1043
1047
1048
1065
1074
1076
1077
1091
1111
1113
1131
1144
1156
1168
1199
1205
1230
1234
1242
1246
1257
1270
1273
1274
1276
1278
1304
1305
1324
1339
1356
1383
1388
1398
1405
1414
1437
1448
1459
1474
1484
1506
1513
1522
1595
1614
1632
1641
1660
1675
1680
1686
1714
1767
1793
1796
1798
1811
1817
1836
1864
1866
1913
1928
1932
1933
1938
1940
1947
1952
1961
1965
1972
1988
2015
2017
2045
2059
2064
2066
2067
2068
2074
2089
2094
2095
2105
2116
2125
2143
2146
2153
2157
2167
2189
2203
2209
2219
2229
2239
2244
2248
2277
2278
2300
2305
2306
2314
2322
2344
2371
2397
2405
2408
2419
2420
2437
2452
2463
2501
2520
2547
2554
2588
2599
2607
2641
2647
2654
2658
2661
2662
2690
2695
2698
2713
2723
2725
2727
2738
2776
2778
2786
2851
2857
2884
2894
2904
2919
2924
2931
2932
2944
2951
2976
3011
3014
3033
3042
3043
3048
3074
3085
3089
3099
3119
3137
3142
3148
3163
3170
3210
3214
3217
3218
3224
3241
3260
3270
3271
3278
3284
3285
3304
3306
3326
3352
3364
3370
3374
3377
3385
3398
3417
3436
3447
3455
3464
3467
3468
3471
3478
3484
3486
3489
3491
3499
3508
3514
3526
3537
3546
3561
3569
3576
3589
3604
3617
3620
3627
3643
3662
3670
3672
3680
3744
3755
3761
3763
3772
3784
3799
3811
3816
3818
3819
3841
3843
3850
3853
3860
3862
3879
3898
3901
3918
3940
3947
3977
4014
4020
4032
4058
4074
4081
4094
4096
4102
4103
4109
4114
4119
4132
4134
4140
4145
4148
4160
4163
4168
4175
4177
4180
4181
4219
4226
4229
4238
4241
4251
4258
4273
4276
4298
4314
4321
4324
4341
4347
4349
4382
4395
4404
4417
4422
4424
4440
4447
4466
4478
4516
4517
4524
4529
4549
4554
4612
4616
4621
4622
4627
4635
4637
4674
4691
4693
4700
4726
4743
4795
4801
4829
4833
4851
4853
4860
4874
4914
4917
4952
4954
4956
4962
4965
4974
5001
5011
5018
5059
5072
5075
5085
5091
5093
5120
5128
5142
5144
5147
5150
5157
5167
5203
5212
5214
5215
5237
5241
5253
5277
5279
5288
5294
5323
5325
5342
5347
5354
5359
5364
5365
5369
5376
5378
5388
5402
5404
5409
5412
5413
5416
5425
5432
5434
5441
5449
5456
5461
5466
5471
5486
5510
5512
5520
5527
5539
5553
5556
5567
5571
5573
5574
5585
5599
5615
5627
5631
5634
5643
5680
5698
5713
5725
5748
5750
5771
5828
5855
5856
5861
5876
5881
5882
5884
5885
5895
5897
5899
5901
5904
