2 4073 10
2 641 3
2 2111 3
2 5061 8
2 147 5
2 453 7
2 1454 8
2 1707 6
2 5867 10
2 4016 3
2 2708 9
2 5438 3
2 762 10
2 1997 6
2 2386 9
3 5062 7
3 3940 1
4 2075 7
4 396 9
4 2739 5
4 1812 7
4 3693 7
4 4938 8
4 2536 2
4 5110 4
4 1997 4
4 2353 4
4 3173 10
4 810 6
4 2017 1
4 4745 7
4 2293 3
4 1845 8
4 3721 9
4 4247 9
4 2812 10
4 2387 7
4 2296 8
4 208 3
4 5344 8
4 3368 10
4 1602 6
4 5033 2
4 2779 8
4 1439 4
4 4303 9
4 5036 2
4 5061 6
4 596 9
4 88 4
4 5485 4
4 4227 1
4 3072 6
4 2351 10
7 535 7
7 3333 2
7 1244 7
7 5204 9
7 5298 3
15 4735 9
15 487 5
15 4894 9
15 1662 5
15 5536 6
20 1324 8
20 4073 9
20 641 10
20 5879 9
20 147 8
20 3541 9
20 1707 6
20 3037 1
20 3079 7
20 5867 1
20 4016 2
20 2708 10
20 3661 7
20 2386 5
193 4490 3
193 1218 1
193 641 10
193 1033 3
193 2111 6
193 147 10
193 3541 7
193 1707 5
193 2684 5
193 3079 3
193 3885 8
193 5867 4
193 2386 2
193 5879 2
193 2675 2
193 762 9
193 5483 1
193 5888 10
38 5322 8
38 1448 3
38 2597 7
38 2935 5
38 4465 10
38 2838 4
38 2742 5
38 3427 10
38 1757 6
38 4064 3
38 304 8
38 3902 9
38 2322 7
52 5166 8
52 611 7
52 66 5
52 3986 1
52 4735 3
52 2670 9
52 4894 10
52 440 8
52 4676 5
52 4594 4
52 4219 10
52 487 6
52 735 2
52 5082 10
52 5366 7
52 5536 5
52 3568 6
66 5166 6
66 5536 9
66 1029 7
66 4735 3
66 1662 4
66 4594 6
66 5366 10
71 5366 1
77 1324 7
80 5627 6
84 5787 8
84 578 5
84 4735 4
84 5243 7
84 1613 9
84 5857 6
84 487 3
84 735 10
84 551 8
84 974 7
84 1569 4
84 2113 7
84 4488 10
84 5166 8
84 2439 8
84 4594 5
84 4219 9
84 3320 6
84 1936 3
84 644 8
84 220 2
84 4104 2
84 3986 10
84 5710 5
84 4676 5
88 2075 6
88 396 1
88 2812 3
88 208 5
88 4938 1
88 2536 4
88 5110 7
88 1997 4
88 2353 2
88 3173 2
88 2017 5
88 4745 4
88 2293 3
88 1845 2
88 4247 7
88 2387 6
88 3693 4
88 5344 4
88 3368 9
88 1439 5
88 1806 3
88 4303 6
88 5061 9
88 5485 9
88 3072 8
88 2739 4
88 2351 6
90 3386 9
90 2422 10
90 5633 3
90 5867 3
90 2296 4
90 109 10
90 1148 7
91 3857 1
91 3484 7
91 1562 1
91 2107 5
91 784 2
91 100 7
91 951 8
91 525 1
91 127 8
91 3012 4
91 5800 2
91 5098 2
91 1973 7
91 3593 3
91 4728 3
95 4419 7
95 5894 8
95 3819 2
95 3148 6
95 573 5
95 191 10
95 5823 6
97 3187 9
97 4735 3
97 4382 6
97 4390 6
97 2961 10
97 2606 6
97 5074 6
97 1283 3
97 1029 6
97 4930 4
97 1569 6
97 5362 4
97 571 5
97 4863 7
97 103 8
97 2548 9
97 4620 9
97 5536 9
97 3930 5
97 5082 1
97 4288 8
97 3318 9
97 4024 8
97 3097 8
97 5366 2
97 3660 1
97 440 2
97 5501 9
97 3184 7
99 5166 3
99 2548 2
99 2076 1
99 2633 2
99 2825 1
99 2784 1
99 3626 1
99 4382 5
99 5074 1
99 2398 8
99 414 8
99 1759 10
99 2091 10
99 5459 2
99 4506 7
99 2606 7
99 1212 1
99 4343 7
100 1562 9
100 2107 1
100 525 2
100 3012 10
100 951 9
100 5468 7
100 3484 5
100 1764 10
100 3593 8
100 5098 7
100 4728 6
100 2087 4
100 3721 2
100 1331 8
100 1551 9
100 3857 9
100 5724 10
100 784 10
100 2258 5
100 4931 8
100 3472 5
100 3800 8
100 5376 4
100 2155 8
100 1083 5
100 2289 10
100 153 10
103 5166 5
103 611 3
103 2439 7
103 5068 5
103 1529 6
103 3986 4
103 4894 9
103 440 10
103 5611 8
103 4594 6
103 4219 3
103 1569 1
103 2961 5
103 5243 10
103 3743 3
103 642 3
103 5857 10
103 735 8
103 3568 5
109 3386 8
109 2363 3
109 361 5
109 641 2
109 2166 8
109 147 1
109 1707 8
109 3512 7
109 2422 5
109 1018 3
109 5867 10
109 1680 7
109 1324 5
109 4932 1
109 4775 2
109 2021 1
109 2386 8
109 5633 3
124 2190 2
124 5664 6
124 501 4
125 2363 8
125 1093 5
125 762 7
125 2412 5
125 5046 1
125 1768 1
125 2296 7
125 2386 6
125 4718 2
125 361 7
125 641 2
125 147 10
125 1707 10
125 5867 6
125 1602 5
125 2321 5
125 1538 3
125 3541 5
125 4932 4
125 1324 6
125 3914 10
125 1680 7
125 1248 10
125 5907 6
127 3857 10
127 3484 8
127 784 1
127 2087 1
127 2107 7
127 951 2
127 3502 1
127 5376 3
127 1716 7
127 5098 1
127 2289 4
127 4728 6
127 5106 7
147 1087 7
147 2021 9
147 1254 8
147 5090 10
147 1918 10
147 3079 8
147 1090 2
147 2989 1
147 3717 8
147 1093 2
147 4087 6
147 2412 10
147 2309 1
147 2996 1
147 1454 3
147 2311 4
147 4747 3
147 385 4
147 2314 10
147 2708 5
147 5633 8
147 2032 3
147 3448 3
147 4752 7
147 2422 5
147 1185 6
147 5827 9
147 2321 6
147 2426 6
147 4474 5
147 750 5
147 3541 1
147 4932 6
147 2807 7
147 2235 3
147 2386 1
147 3914 7
147 2240 7
147 2621 8
147 298 5
147 2338 2
147 580 1
147 4042 8
147 4016 10
147 3458 6
147 762 6
147 305 9
147 2154 7
147 4661 3
147 1018 1
147 2911 3
147 1570 8
147 4775 8
147 1483 5
147 3386 2
147 4490 8
147 1033 7
147 5477 8
147 3037 8
147 5483 5
147 4120 3
147 2165 1
147 2166 8
147 2262 5
147 2828 3
147 4409 1
147 1324 4
147 1037 9
147 986 9
147 1196 2
147 1680 9
147 2834 8
147 1548 3
147 1550 10
147 1202 4
147 3567 1
147 5490 2
147 2269 7
147 607 2
147 468 5
147 350 10
147 3220 7
147 791 1
147 469 4
147 5046 2
147 1304 4
147 3674 2
147 5494 3
147 2563 1
147 1538 2
147 5049 4
147 1407 9
147 3132 7
147 2365 2
147 4423 4
147 1051 5
147 2183 3
147 4319 10
147 2363 1
147 4694 10
147 3313 3
147 3412 1
147 5149 10
147 2752 3
147 5234 1
147 1602 5
147 3492 3
147 5561 9
147 5592 5
147 4968 10
147 1219 9
147 3688 3
147 5635 10
147 5329 9
147 2675 1
147 5879 7
147 889 10
147 5071 7
147 891 1
147 544 1
147 3661 8
147 2111 5
147 3505 2
147 3698 7
147 2506 10
147 5888 1
147 2058 7
147 2296 1
147 1239 2
147 3976 2
147 361 4
147 641 10
147 5799 5
147 4067 4
147 1707 9
147 3512 9
147 1154 2
147 3339 10
147 4352 9
147 5438 4
147 5246 9
147 1768 3
147 2975 6
147 178 2
147 4073 2
147 4244 5
147 3885 5
147 453 6
147 5867 10
147 906 6
147 371 9
147 1248 8
153 2155 8
153 656 5
153 3593 3
153 2087 5
153 784 6
153 5098 1
153 3012 9
153 2107 4
153 5468 7
153 3484 6
153 4931 4
155 1263 8
160 1061 1
160 748 3
160 4414 7
160 3595 1
160 5584 9
160 922 6
160 4835 7
160 2060 7
160 1429 3
160 2417 6
160 1456 6
160 1340 6
160 2815 1
160 5560 3
160 1372 1
160 4071 10
160 873 7
160 4920 3
160 4766 9
160 1249 6
160 5417 5
163 1273 8
163 2419 10
163 1357 10
163 2397 6
163 3739 10
165 1061 10
165 5285 6
165 5572 6
165 2330 6
165 3258 8
165 4835 9
165 5305 6
165 419 2
165 2815 5
165 3523 4
165 4918 10
165 4036 5
165 2131 5
165 5119 2
165 4920 4
165 812 4
165 3357 10
165 3752 7
165 1456 4
165 4158 7
165 4159 1
165 674 3
165 2060 9
165 1429 1
165 1791 6
165 2417 9
165 1797 7
165 4395 9
165 3595 10
165 873 7
165 1263 6
165 1409 6
165 5584 1
165 1386 7
165 5560 5
165 5538 7
165 5615 6
165 4071 2
165 1439 9
165 918 7
165 3530 5
165 5543 7
165 4354 1
165 5900 7
165 4872 5
165 1340 2
165 5692 4
165 2928 1
178 5879 6
178 2338 2
178 4042 5
178 3567 9
178 2269 9
178 1725 9
178 3717 7
178 641 1
178 762 9
178 4087 2
178 2412 4
178 1768 9
178 2111 10
178 4747 4
178 2996 1
178 1454 9
178 5049 9
178 2506 5
178 2314 7
178 2296 2
178 2365 6
178 5633 7
178 2386 3
178 2546 4
178 2363 8
178 3313 5
178 3412 5
178 3132 4
178 4490 5
178 1707 8
178 4718 1
178 1602 7
178 1018 1
178 1538 8
178 5483 4
178 4120 9
178 3773 10
178 4474 8
178 3661 2
178 2262 4
178 750 9
178 3541 10
178 453 5
178 5867 6
178 4409 2
178 1680 3
178 1324 9
178 3885 6
178 371 1
178 5494 2
178 5907 4
180 4447 1
180 4454 2
180 4860 8
181 4908 10
181 3864 1
181 245 3
181 2888 6
188 2075 9
188 2353 10
188 2812 2
188 4938 5
188 5110 3
188 1997 7
188 3173 8
188 810 7
188 2017 1
188 4745 4
188 2293 2
188 792 5
188 1845 1
188 3721 4
188 4303 5
188 2387 5
188 1534 10
188 3368 7
188 5033 4
188 2779 7
188 4247 9
188 5036 4
188 596 8
188 3661 7
188 2739 1
188 2351 7
191 1680 9
191 3604 1
192 1324 1
200 5166 7
200 4511 2
200 3986 5
200 578 1
200 3559 7
200 1613 6
200 440 4
200 642 2
200 4219 5
200 1569 8
200 4594 2
200 220 3
200 735 7
206 2060 6
206 1263 2
206 5444 2
208 2739 6
208 396 8
208 2812 2
208 3693 4
208 4938 8
208 2536 6
208 2878 8
208 5110 6
208 1997 10
208 2353 5
208 3173 9
208 972 6
208 2017 5
208 4745 2
208 1845 4
208 3721 2
208 5453 5
208 4247 7
208 2387 6
208 5344 2
208 3368 6
208 3067 1
208 5033 2
208 810 1
208 4303 4
208 5036 6
208 5061 1
208 596 9
208 5485 2
208 4227 7
208 3072 4
208 2351 9
208 2815 9
209 626 2
220 578 10
220 4735 7
220 4894 6
220 2548 7
220 2961 7
220 5074 5
220 3923 7
220 2085 5
220 1569 7
220 4774 7
220 571 9
220 2227 5
220 5611 9
220 2633 9
220 2439 2
220 5082 6
220 4288 8
220 2825 9
220 3097 9
220 5366 5
220 220 7
220 1493 8
220 3471 8
220 3660 3
220 4382 8
1324 4081 2
1324 2985 7
1324 2021 7
1324 1254 7
1324 1918 2
1324 3079 1
1324 1090 6
1324 1725 8
1324 2989 9
1324 3717 3
1324 1093 9
1324 4087 10
1324 2412 4
1324 2996 3
1324 1454 10
1324 2684 10
1324 4747 1
1324 2314 4
1324 3721 4
1324 2708 6
1324 5633 8
1324 2032 8
1324 3448 4
1324 2779 1
1324 4752 3
1324 1851 10
1324 2422 10
1324 1381 5
1324 1603 7
1324 4291 7
1324 4474 9
1324 750 9
1324 3541 4
1324 4932 4
1324 1018 1
1324 3914 1
1324 4107 10
1324 2621 4
1324 4490 6
1324 3282 8
1324 4042 8
1324 4016 10
1324 762 8
1324 2058 3
1324 2154 8
1324 2235 4
1324 2059 6
1324 1768 10
1324 1570 5
1324 1185 1
1324 1483 9
1324 2546 1
1324 3386 10
1324 2338 9
1324 1033 7
1324 5477 3
1324 2340 2
1324 1297 4
1324 5483 6
1324 5036 7
1324 4120 5
1324 775 6
1324 4055 5
1324 3659 5
1324 1965 1
1324 3661 10
1324 4225 10
1324 986 4
1324 1196 10
1324 1680 6
1324 683 6
1324 1345 1
1324 4032 6
1324 2834 4
1324 1548 4
1324 1202 10
1324 3567 8
1324 607 8
1324 1205 7
1324 468 6
1324 3220 7
1324 5046 7
1324 3674 3
1324 5494 5
1324 2180 5
1324 1407 8
1324 1051 7
1324 2183 5
1324 4319 5
1324 2363 7
1324 4694 6
1324 3313 6
1324 3412 5
1324 5149 7
1324 5777 9
1324 5867 10
1324 1602 5
1324 3492 8
1324 5561 7
1324 3773 4
1324 3688 8
1324 5635 5
1324 2856 2
1324 2675 5
1324 5879 3
1324 1227 9
1324 891 7
1324 544 9
1324 2111 4
1324 3698 2
1324 2506 9
1324 5888 4
1324 2723 6
1324 2296 2
1324 1239 3
1324 2386 9
1324 4718 6
1324 361 7
1324 641 2
1324 2008 8
1324 1074 6
1324 1707 2
1324 3037 6
1324 5704 2
1324 4352 2
1324 5438 10
1324 5246 10
1324 1538 1
1324 5314 6
1324 4073 2
1324 2693 1
1324 5775 6
1324 453 10
1324 3518 10
1324 5907 3
231 2386 6
248 5615 2
263 1357 8
263 2397 4
263 3739 7
1629 4573 5
1629 558 9
286 5312 8
286 1725 8
298 5879 3
298 1548 4
298 3079 10
298 4016 10
298 641 4
298 2296 3
298 2708 1
298 4423 1
298 2183 5
298 2386 9
298 4718 3
298 3448 4
298 3412 8
298 875 7
298 1707 7
298 3029 2
298 4120 6
298 4073 10
298 3541 7
298 5867 10
298 3661 10
298 2621 9
305 2363 2
305 361 4
305 641 10
305 2111 7
305 1707 5
305 5348 3
305 5867 5
305 5139 8
305 2386 4
312 4908 5
312 3864 3
327 873 10
327 1918 10
327 5879 9
327 3752 8
327 5538 5
329 4938 9
341 4735 4
341 2471 10
341 5082 9
341 1861 2
345 971 7
345 816 10
345 4465 5
345 3084 7
345 2471 9
345 4839 3
345 2490 3
350 2363 1
350 4694 5
350 641 6
350 5879 8
350 2111 1
350 2386 3
350 1202 7
350 1707 6
350 2911 1
350 4932 6
350 5867 1
350 1037 6
350 1407 8
350 1538 1
350 5592 9
350 3458 2
361 1018 5
361 2318 8
361 1202 9
361 3567 8
361 3079 1
361 3458 8
361 3717 5
361 3220 9
361 2412 8
361 2309 5
361 2111 6
361 2996 7
361 2311 9
361 4747 7
361 2296 10
361 1185 7
361 4423 9
361 2183 1
361 2386 8
361 906 1
361 3386 8
361 4718 1
361 641 6
361 3132 4
361 1707 1
361 3512 7
361 2422 2
361 4775 10
361 5867 1
361 2321 7
361 468 5
361 3492 8
361 469 6
361 1538 5
361 4244 9
361 2165 1
361 2166 3
361 2365 10
361 2975 10
361 2752 9
361 1219 6
361 3688 5
361 3976 5
361 3698 5
361 3914 4
361 371 3
361 5633 8
361 1248 2
361 607 3
3047 4735 5
3047 3422 4
3047 4267 8
3047 1013 3
371 5879 5
371 2338 4
371 4042 4
371 3567 4
371 641 6
371 762 9
371 2111 4
371 2506 5
371 2314 2
371 5633 6
371 2363 1
371 2546 9
371 4718 6
371 3412 8
371 1386 6
371 1707 9
371 5867 1
371 3541 6
371 4932 8
371 4409 9
371 2386 4
377 2923 3
385 4424 7
385 4073 8
385 641 8
385 5046 2
385 2111 1
385 1548 2
385 1707 8
385 3037 9
385 1154 8
385 5867 4
385 5071 4
385 4016 5
385 2996 6
385 2708 10
385 762 10
385 2386 9
396 2075 6
396 2353 9
396 2812 7
396 4938 1
396 2536 10
396 2878 1
396 5110 9
396 1997 4
396 3173 8
396 810 2
396 2017 9
396 4745 2
396 3721 2
396 4303 7
396 2387 8
396 3693 9
396 5344 7
396 5297 2
396 5033 5
396 1439 6
396 4247 1
396 5036 10
396 5061 3
396 1021 3
396 5485 6
396 2739 5
410 1244 6
410 5131 3
410 3366 7
412 1061 4
412 5305 9
412 2815 5
412 4835 2
412 4918 10
412 5119 8
412 4920 9
412 3752 5
412 4158 6
412 1454 1
412 2060 8
412 1429 4
412 1456 6
412 3595 3
412 873 4
412 5584 6
412 5560 8
412 5538 6
412 4071 9
412 5417 10
412 5543 9
412 1340 5
413 5376 4
414 2825 7
414 3471 1
414 2076 2
414 2633 10
414 2510 3
414 586 6
414 4554 6
414 4288 1
414 4912 2
414 5459 8
414 4506 9
417 469 8
419 541 9
419 5305 10
419 2815 3
419 734 2
419 4920 5
419 3357 5
419 5584 1
419 4158 2
419 2060 5
419 1429 6
419 1456 2
419 3595 4
419 873 1
419 2160 5
419 4617 9
419 1263 4
419 3752 3
419 5560 2
419 5538 10
419 5396 10
419 4071 6
419 1648 4
419 2347 8
419 5543 4
419 1340 5
419 5692 8
419 2928 4
423 1791 5
424 3471 5
424 2076 9
424 2633 1
424 3660 1
424 4382 9
424 5074 5
424 2825 2
428 5575 7
428 3796 6
434 4938 3
440 5787 8
440 2943 6
440 4735 4
440 1662 3
440 4511 9
440 5116 5
440 3743 6
440 487 10
440 3568 7
440 1452 1
440 611 4
440 974 3
440 4262 4
440 2771 10
440 1569 10
440 4774 2
440 571 5
440 735 4
440 2484 7
440 5166 2
440 5611 6
440 5536 2
440 2439 4
440 5082 8
440 642 1
440 4219 4
440 5569 4
440 1936 7
440 5366 3
440 3391 7
440 4104 3
440 2670 1
440 5710 4
440 965 4
440 4676 9
440 5836 6
449 4908 4
449 4327 6
449 3864 8
449 4481 5
453 5879 1
453 1548 7
453 5827 8
453 1227 8
453 762 10
453 3220 2
453 2412 9
453 1018 6
453 2111 6
453 2017 10
453 4747 8
453 1407 10
453 2365 2
453 1239 6
453 1483 10
453 2386 3
453 2387 2
453 4694 8
453 641 7
453 5799 10
453 5867 3
453 5800 6
453 5704 7
453 5483 5
453 3885 5
453 5234 3
453 4225 3
453 2621 5
453 1248 1
3057 734 6
3057 5584 1
3057 3752 5
3057 3325 10
3057 4601 6
3057 1263 1
3057 5625 2
3057 1429 2
3057 5538 6
3057 1456 4
3057 5615 2
3057 3595 7
3057 1372 9
3057 5396 1
3057 1648 2
3057 2160 3
3057 873 5
463 1244 8
468 5879 2
468 3079 3
468 1725 7
468 3717 4
468 1093 5
468 762 4
468 3220 1
468 2111 1
468 2996 7
468 1454 8
468 1407 4
468 2296 8
468 2386 10
468 4718 5
468 641 10
468 1707 2
468 5867 1
468 1538 4
468 750 10
468 3541 4
468 3914 5
468 5494 1
469 3541 4
469 2111 8
469 1965 4
469 1112 8
469 2339 2
469 1707 2
469 4932 3
469 3079 5
469 4501 7
469 4016 5
469 5234 10
469 5867 10
469 2612 4
469 2386 9
469 5888 8
477 282 5
477 2157 3
487 2943 1
487 4735 7
487 1662 5
487 1613 7
487 4811 6
487 2961 2
487 3743 4
487 611 5
487 974 2
487 4262 2
487 571 6
487 2484 5
487 5166 9
487 4511 2
487 4894 5
487 5536 9
487 2439 1
487 5082 6
487 5366 1
487 3391 10
487 4104 9
487 1939 9
487 965 6
487 4676 8
490 5243 5
490 4219 2
490 3320 7
492 5376 3
498 1331 5
498 1562 6
498 2155 8
498 2008 8
498 656 10
498 2107 2
498 3502 10
498 2296 7
498 842 9
498 2538 7
498 5468 7
498 3484 3
498 1229 3
501 1685 10
501 2461 4
501 2528 10
501 5664 8
510 1061 10
510 2651 3
510 5305 9
510 2815 1
510 4835 7
510 4920 8
510 3994 6
510 2413 3
510 3308 7
510 5584 8
510 4158 9
510 1454 4
510 2060 4
510 1429 5
510 1456 5
510 2914 2
510 5560 7
510 873 7
510 3752 10
510 674 5
510 3498 7
510 3595 10
510 5538 9
510 2920 2
510 2757 7
510 4071 7
510 4143 4
510 797 4
510 5543 1
510 1441 4
510 4872 5
510 1340 9
510 4354 4
510 2402 6
514 3333 10
514 4866 5
514 764 5
517 2397 2
519 571 1
525 3857 2
525 641 8
525 3942 5
525 3012 1
525 5376 9
525 3593 3
535 1244 8
535 1911 8
535 3839 10
544 641 10
544 1602 9
544 3541 7
544 1707 2
544 4932 7
544 3079 1
544 5867 6
544 4016 3
544 2815 4
544 2708 3
544 3661 2
544 2386 9
551 4912 10
551 4735 10
551 2548 1
551 5611 2
551 1759 6
551 2961 2
551 1283 8
551 1569 3
551 571 4
551 4863 5
551 2227 2
551 2943 5
551 4511 8
551 5536 5
551 3930 8
551 3626 3
551 5082 7
551 4024 8
551 3097 1
551 5366 3
551 1493 3
551 3660 7
551 4606 6
558 2584 8
558 5136 8
558 4908 9
558 2263 9
558 4573 7
558 3864 8
558 5587 7
558 4696 7
558 4866 10
558 626 5
558 3776 6
560 1061 5
560 5584 9
560 3752 9
560 1456 5
560 4158 2
560 2060 2
560 3595 7
560 5305 6
560 1263 6
560 5538 8
560 4505 2
560 1340 10
560 2815 2
560 5560 1
560 4835 5
560 4071 9
560 873 6
560 4918 5
560 5543 4
560 4920 8
563 3857 9
563 1339 3
563 3484 10
563 3276 5
563 2279 8
563 4728 7
571 2832 3
571 578 1
571 5068 8
571 5243 5
571 1613 3
571 4511 2
571 4811 1
571 5857 6
571 3743 4
571 735 10
571 611 3
571 2439 6
571 4262 5
571 1569 6
571 2113 7
571 1571 8
571 4488 6
571 5820 3
571 5166 9
571 5611 2
571 4894 4
571 642 1
571 4219 7
571 3320 4
571 5116 6
571 3094 4
571 4594 6
571 3391 10
571 4104 7
571 3559 5
571 3986 1
571 5710 6
571 4676 4
573 4719 4
573 2397 9
573 3337 7
573 5894 8
573 5325 2
573 3739 8
573 3148 7
573 1357 9
578 4735 10
578 4894 7
578 2548 2
578 1115 9
578 2961 7
578 3923 7
578 2085 8
578 1569 9
578 4774 4
578 5611 2
578 2439 6
578 5082 1
578 4288 1
578 4402 4
578 2825 2
578 3097 8
578 5366 4
578 1493 7
578 3471 5
578 3660 6
578 4382 5
580 3079 4
580 4073 4
580 5879 7
580 3505 6
580 750 6
580 3541 9
580 1707 3
580 4694 8
580 3661 10
580 2506 2
580 5867 2
580 4016 1
580 2296 4
580 3717 3
580 2708 9
580 2386 1
586 3471 10
586 5074 9
586 2633 2
586 4288 2
595 2853 3
596 2739 9
596 2812 1
596 4938 2
596 2536 2
596 1997 4
596 3173 6
596 810 7
596 2017 3
596 1121 10
596 1845 10
596 3721 1
596 4247 2
596 2387 7
596 5344 10
596 5297 8
596 5033 5
596 2779 6
596 4303 7
596 5036 6
596 5061 10
596 3541 8
596 4227 4
598 1680 6
601 677 4
601 282 8
601 4084 7
601 1662 8
601 2789 9
601 1601 9
601 4923 1
601 5740 8
601 5039 8
601 2130 2
601 1293 7
601 3604 4
611 4912 2
611 3986 2
611 2126 8
611 5243 1
611 4894 1
611 5787 9
611 5857 4
611 3743 1
611 735 2
611 2439 2
611 4735 2
611 2771 6
611 1569 2
611 5166 8
611 4511 1
611 5536 8
611 2162 3
611 5082 7
611 4594 7
611 4219 9
611 3320 7
611 5459 1
611 1936 9
611 5366 3
611 3559 3
611 965 9
611 4676 5
611 4606 7
626 3864 4
626 3673 8
626 4908 4
626 2263 8
626 4573 9
626 3776 10
626 1553 8
626 3333 7
626 3457 7
626 5396 9
626 1394 1
641 1087 3
641 2021 10
641 5090 6
641 1918 10
641 3079 5
641 1090 7
641 2989 5
641 1093 2
641 4087 8
641 2412 5
641 2309 7
641 2996 10
641 1454 3
641 2311 2
641 4747 5
641 2708 5
641 5633 10
641 2032 3
641 2318 9
641 4752 3
641 2422 5
641 1185 5
641 5827 9
641 2426 8
641 4474 5
641 750 6
641 3541 6
641 4932 8
641 2807 6
641 2235 3
641 3914 2
641 2240 6
641 2621 7
641 4042 3
641 4016 1
641 3458 7
641 2154 3
641 4661 6
641 1018 7
641 2911 6
641 1570 7
641 4775 9
641 2338 9
641 5477 8
641 3037 1
641 5483 4
641 4120 5
641 2165 4
641 2166 10
641 2828 9
641 4409 3
641 986 1
641 1680 5
641 2834 7
641 1550 3
641 1202 8
641 3567 7
641 5490 4
641 607 2
641 5438 2
641 5046 9
641 3674 6
641 5494 6
641 2563 1
641 2975 7
641 791 6
641 4319 8
641 3132 6
641 2752 7
641 4423 10
641 1051 10
641 2183 2
641 1407 4
641 2363 7
641 4694 1
641 3313 1
641 3412 9
641 5149 7
641 4244 7
641 5234 5
641 1218 7
641 1602 5
641 3492 10
641 5561 4
641 5592 10
641 1219 8
641 3688 1
641 5635 9
641 2675 10
641 5879 4
641 889 9
641 5071 4
641 891 5
641 3661 7
641 2111 5
641 3505 5
641 5246 7
641 2506 8
641 2058 10
641 1239 6
641 3548 10
641 2386 4
641 4718 4
641 5799 4
641 4067 4
641 1707 7
641 3512 1
641 1154 10
641 3339 10
641 1538 1
641 4073 8
641 3885 9
641 5867 2
642 3986 6
642 4735 7
642 5243 9
642 1662 4
642 4511 5
642 2961 4
642 735 5
642 1569 6
642 4774 9
642 3568 9
642 5166 6
642 5611 10
642 5536 10
642 2439 4
642 5082 10
642 4594 10
642 4219 1
642 1493 6
642 5710 9
642 2670 6
642 4606 4
644 5166 7
644 5536 8
644 4735 2
644 5243 3
644 5082 2
644 4219 8
656 3857 8
656 4037 9
656 1562 4
656 2155 5
656 784 2
656 2107 3
656 1083 8
656 1716 8
656 1331 7
656 3593 7
656 3484 9
661 743 6
661 3273 8
661 918 1
661 5183 9
662 5894 8
662 1357 1
662 2397 10
662 3739 5
662 1428 8
673 3857 5
674 5305 7
674 3169 7
674 2815 9
674 4835 4
674 4918 1
674 4036 8
674 1439 4
674 5119 4
674 5584 9
674 4158 3
674 2060 9
674 1429 1
674 1456 8
674 3595 9
674 873 8
674 2160 2
674 1263 6
674 1409 5
674 3752 6
674 5560 1
674 5538 5
674 4071 1
674 5900 4
674 3530 3
674 2347 6
674 3325 4
674 5543 10
674 4601 7
674 4627 10
674 1340 9
674 3498 5
674 4296 8
677 5740 1
677 282 8
677 4084 1
677 1662 7
677 1601 2
677 2130 8
677 1293 10
686 1061 3
686 5305 10
686 2815 3
686 4835 8
686 734 1
686 5119 1
686 4920 1
686 4918 5
686 4158 9
686 2060 7
686 1429 8
686 812 4
686 1456 3
686 4395 5
686 3595 7
686 873 1
686 1263 4
686 1409 4
686 5584 6
686 5560 2
686 5538 2
686 5396 7
686 4071 7
686 5543 10
686 1340 3
692 5584 5
692 5543 2
692 3752 7
692 1340 9
692 4158 4
692 2060 2
692 3595 5
692 5305 10
692 1429 7
692 5538 3
692 4872 8
692 1456 9
692 2815 1
692 5560 9
692 4835 7
692 4071 7
692 873 6
692 4918 10
692 4920 2
707 1434 5
707 5494 1
707 1707 2
707 4932 5
707 1725 7
707 2296 3
715 3273 4
715 918 2
726 965 1
727 5285 5
727 5625 3
727 4766 5
727 2331 6
727 2815 2
727 4835 9
727 4918 6
727 4036 9
727 1648 9
727 3548 6
727 3752 10
727 4158 6
727 1977 8
727 2060 3
727 1429 10
727 812 10
727 4395 9
727 5560 6
727 873 9
727 2160 8
727 1263 2
727 1409 1
727 4510 1
727 5584 5
727 4325 2
727 5538 2
727 5615 10
727 4071 10
727 1439 1
727 2013 6
727 2347 9
727 3325 4
727 5543 4
727 5900 8
727 4627 9
727 4872 8
727 1340 3
727 4296 4
733 3148 7
734 1061 7
734 5285 1
734 541 9
734 2330 1
734 5625 9
734 2217 1
734 2815 5
734 4835 9
734 1372 4
734 4918 5
734 4036 1
734 2131 1
734 5119 5
734 4920 6
734 3994 2
734 1012 8
734 4158 2
734 1454 2
734 2060 5
734 1429 7
734 5900 6
734 1456 5
734 3595 3
734 873 8
734 2160 2
734 1263 6
734 2389 7
734 5584 6
734 5560 8
734 5538 10
734 5615 9
734 1439 2
734 4071 6
734 1648 10
734 918 5
734 3530 3
734 2347 4
734 5543 6
734 4601 5
734 4627 5
734 3239 3
734 4872 4
734 1340 4
734 4159 8
735 2943 8
735 4735 9
735 5243 10
735 4894 1
735 5611 9
735 2961 1
735 3422 10
735 3743 6
735 4382 5
735 3923 5
735 1029 1
735 1529 5
735 2771 9
735 1569 3
735 2887 4
735 4774 8
735 2484 1
735 5166 7
735 4511 1
735 1613 3
735 5536 7
735 2439 4
735 3930 6
735 5082 7
735 4219 1
735 3320 7
735 3822 1
735 4024 5
735 4594 4
735 5366 6
735 965 6
735 1493 9
735 5068 7
735 3391 8
735 4104 9
735 3660 6
735 1936 5
735 2670 2
735 2548 3
735 4676 3
735 4606 2
743 2797 1
743 3664 9
743 3357 1
743 5584 1
743 1456 6
743 2468 4
743 2060 9
743 1771 1
743 5659 2
743 4614 6
743 3662 10
743 801 7
743 3273 10
743 3595 1
743 918 10
743 5183 6
743 1263 3
748 1061 10
748 3357 10
748 5584 3
748 922 1
748 4158 8
748 2060 10
748 3595 5
748 5305 4
748 5538 7
748 812 9
748 1456 9
748 1340 9
748 4395 10
748 2815 6
748 5560 1
748 4835 9
748 4071 8
748 873 8
748 4918 10
748 4920 4
750 5329 9
750 3378 10
750 5879 1
750 2269 9
750 3079 8
750 5071 4
750 3717 1
750 5867 1
750 762 8
750 5246 7
750 5149 5
750 2309 10
750 2235 2
750 1454 4
750 5049 9
750 5888 8
750 1570 6
750 2314 4
750 2296 5
750 2365 6
750 1239 8
750 1051 10
750 2386 3
750 5635 3
750 4718 7
750 3313 6
750 5799 7
750 1707 5
750 1851 2
750 5561 8
750 1033 4
750 1602 7
750 5483 7
750 4120 4
750 1218 10
750 2262 4
750 3541 8
750 3339 1
750 3885 10
750 1083 1
750 2621 7
750 1680 4
750 1248 9
762 2318 8
762 5490 7
762 2269 5
762 5049 1
762 3313 7
762 4016 4
762 1093 2
762 3220 8
762 2412 9
762 2058 3
762 791 6
762 2111 9
762 2996 3
762 2506 1
762 1570 5
762 2314 3
762 1407 4
762 2296 3
762 1185 4
762 2708 6
762 4423 7
762 2386 7
762 5635 2
762 3386 6
762 4424 3
762 3448 10
762 3412 6
762 5477 2
762 4752 7
762 1707 10
762 5276 6
762 1154 1
762 2365 7
762 4718 2
762 1602 5
762 5438 7
762 1768 5
762 5483 1
762 2166 7
762 4120 9
762 4073 10
762 3661 4
762 3885 10
762 3541 4
762 5867 1
762 2235 3
762 906 5
762 2032 1
762 2621 9
762 1680 2
762 1248 8
764 3864 6
764 4866 6
764 4908 9
764 4395 4
764 5800 2
784 1562 7
784 2107 1
784 3502 4
784 3012 4
784 951 6
784 5468 5
784 3484 9
784 3942 7
784 1764 3
784 3593 5
784 5098 7
784 2258 4
784 2087 6
784 1331 10
784 1551 8
784 3857 1
784 5724 3
784 1716 4
784 5106 7
784 4728 4
784 4931 4
784 3180 10
784 3472 9
784 5376 2
784 5038 3
784 2155 9
784 1083 8
784 2289 2
784 3800 2
787 3604 7
791 5722 4
791 3481 7
791 3669 7
791 1093 6
791 2111 5
791 2964 4
791 3405 4
791 4527 2
791 1768 8
791 2296 2
791 3726 1
791 2708 2
791 2183 3
791 2386 8
791 2363 2
791 3132 8
791 2345 2
791 1538 8
791 3541 1
791 4409 7
791 1680 5
791 5907 3
792 3173 8
792 2812 3
792 5344 5
792 2017 9
792 4938 4
792 5297 1
792 2351 10
792 3368 3
792 4247 2
792 1806 6
792 1997 2
792 2387 6
797 1061 7
797 5305 3
797 2815 6
797 4835 1
797 4918 4
797 4920 2
797 5584 8
797 4158 6
797 1454 6
797 2060 1
797 1429 10
797 1456 4
797 2914 1
797 3595 7
797 873 8
797 2797 10
797 3752 1
797 5560 9
797 5538 5
797 4071 4
797 5417 4
797 5543 2
797 1340 2
800 2633 3
800 3660 6
800 4288 4
800 4554 10
800 4390 4
800 5175 3
801 2797 7
801 5584 3
801 3273 3
801 1456 5
801 3595 3
801 918 9
801 5183 6
810 2812 5
810 4938 1
810 1997 4
810 2353 5
810 3173 2
810 2017 6
810 4745 9
810 1845 6
810 4247 1
810 2387 5
810 3693 4
810 5344 2
810 3368 1
810 5036 9
810 5061 9
810 3072 9
810 2351 10
812 5285 5
812 1977 8
812 2815 6
812 1648 8
812 4920 10
812 3357 6
812 4158 9
812 1454 6
812 2060 5
812 1429 6
812 1456 5
812 3023 2
812 5560 10
812 873 6
812 4617 3
812 1263 6
812 5584 2
812 1386 4
812 3595 6
812 5538 5
812 5615 10
812 4071 2
812 5900 6
812 2013 2
812 5543 7
812 4872 5
812 1340 8
812 3498 5
812 5692 3
812 3239 4
816 1448 7
816 3902 10
842 3773 5
842 5477 5
842 2008 9
842 2107 9
842 2856 5
842 1083 3
842 4143 5
858 3593 1
858 3012 5
858 5800 9
860 2923 4
5084 4912 9
5084 1879 4
5084 5748 9
5084 1965 5
5084 2853 6
5084 2326 4
5084 5309 4
5084 3811 6
5084 5134 4
5084 4868 1
5084 5626 4
873 4542 2
873 3258 4
873 5625 5
873 2217 8
873 3169 10
873 4835 9
873 2131 8
873 4920 3
873 3994 10
873 2413 3
873 1353 6
873 2417 7
873 1456 7
873 4190 4
873 913 2
873 1263 6
873 915 7
873 5538 3
873 3630 3
873 1648 1
873 5543 10
873 4296 8
873 5285 6
873 2330 4
873 3523 9
873 4766 1
873 2331 4
873 2815 10
873 1372 4
873 5119 4
873 4918 5
873 2060 4
873 2914 3
873 3023 2
873 5560 7
873 2160 9
873 2546 8
873 3752 4
873 1386 6
873 3357 1
873 2920 4
873 5692 6
873 2347 10
873 3297 3
873 4872 4
873 4682 1
873 2928 6
873 4414 2
873 5572 4
873 5305 3
873 4036 10
873 1439 6
873 4505 4
873 1977 5
873 1012 3
873 5584 9
873 2757 8
873 3530 5
873 4601 6
873 3498 8
873 3830 2
873 3239 6
873 1061 6
873 541 10
873 2197 4
873 5882 1
873 4158 8
873 4159 7
873 1429 6
873 3595 2
873 4617 6
873 845 6
873 2389 5
873 4821 3
873 5615 3
873 4071 10
873 5900 1
873 1080 8
873 4354 3
873 1157 5
873 1340 3
873 1626 4
873 3983 7
889 5046 9
889 2111 2
889 2021 8
889 1707 8
889 4747 7
889 5867 6
889 1570 10
889 4016 9
889 2386 10
889 5483 5
889 2154 5
891 2111 6
891 5090 3
891 1918 9
891 5867 2
891 2856 8
891 2386 10
896 5787 5
903 2397 1
903 5894 3
903 5325 8
903 3739 9
903 3819 9
903 3990 6
903 970 2
903 3148 10
903 2419 2
903 1357 6
904 4151 9
906 2363 7
906 5879 1
906 5477 5
906 1538 9
906 4042 10
906 3541 3
906 1707 2
906 3037 5
906 1680 4
906 3079 8
906 1979 1
906 5867 2
906 2296 1
906 1768 10
906 2021 9
906 2386 2
906 5907 8
913 5584 10
913 5543 1
913 1340 8
913 5305 10
913 3595 4
913 2060 6
913 1429 9
913 1157 7
913 5538 3
913 1456 5
913 4190 7
913 2815 10
913 5560 6
913 4835 8
913 4071 3
913 4918 8
913 5623 6
913 1263 6
913 4920 7
915 1061 7
915 2347 2
915 5584 8
915 5543 7
915 1340 5
915 4158 9
915 1454 7
915 3595 6
915 2060 4
915 5538 8
915 1456 7
915 2815 8
915 5560 8
915 4835 5
915 4071 6
915 4920 3
918 3664 3
918 4788 8
918 3480 6
918 4614 1
918 5615 10
918 5659 10
918 1456 2
918 3595 1
918 5025 4
918 2797 10
918 5584 7
918 2468 6
918 1771 9
918 5183 5
918 3273 3
918 5396 6
922 2013 4
922 5584 8
922 5444 7
922 5543 3
922 4325 9
922 5538 2
922 4872 8
922 1456 6
922 2815 4
922 3595 10
922 2928 7
929 3029 4
5616 5166 7
5616 5611 6
5616 2832 4
5616 1569 4
5616 4735 5
5616 4506 10
5616 4894 1
5616 4594 4
5616 4219 8
5616 2126 1
5616 2394 1
5616 5243 5
5616 5857 8
5616 4676 3
5616 3559 10
951 3857 4
951 3484 9
951 3012 6
951 3800 9
951 2087 2
951 2107 9
951 1154 4
951 5376 4
951 1716 8
951 2289 3
951 3593 3
951 4728 8
959 3261 4
959 4376 2
965 5166 4
965 4606 9
965 3986 5
965 3559 4
965 5243 7
965 1613 2
965 4594 6
965 4219 1
965 5068 3
965 3743 10
965 4135 6
2832 5611 10
2832 4735 8
2832 5243 1
2832 5082 9
2832 4594 8
2832 4219 9
970 4719 7
970 2397 1
970 3917 4
970 3739 2
970 1357 8
972 3173 5
972 2853 8
972 2812 2
972 3693 1
972 5626 10
972 4247 4
972 5134 9
972 4868 3
974 5166 10
974 4511 7
974 5536 5
974 2439 8
974 4735 6
974 4262 2
974 5082 3
974 2771 2
974 4594 7
974 4219 7
974 1569 8
974 2961 1
974 5243 6
974 5857 3
974 4676 4
986 1454 6
986 1707 7
986 4932 6
986 3885 4
986 2386 7
997 3072 4
1008 3484 6
1008 4728 3
1012 5285 6
1012 5305 3
1012 2815 7
1012 4835 5
1012 4920 7
1012 4918 6
1012 3752 9
1012 4158 4
1012 2060 7
1012 1429 3
1012 1456 7
1012 5311 5
1012 3595 8
1012 2160 6
1012 1263 7
1012 5584 9
1012 5560 8
1012 5538 8
1012 5396 6
1012 4071 7
1012 2013 3
1012 2347 5
1012 3325 10
1012 5543 4
1012 4601 4
1012 1157 4
1012 4872 1
1012 1340 6
1013 2486 4
1013 1661 1
1013 3822 1
1018 5879 10
1018 4718 7
1018 4042 5
1018 3567 3
1018 3079 3
1018 1725 2
1018 1148 3
1018 5046 7
1018 2111 2
1018 1304 1
1018 5494 1
1018 2314 8
1018 2338 5
1018 5633 5
1018 2386 5
1018 2546 9
1018 2363 4
1018 3412 5
1018 1707 9
1018 5867 10
1018 3541 3
1018 4409 4
1021 3173 7
1021 1997 1
1021 2353 2
1021 2812 7
1021 5344 9
1021 4745 8
1021 4938 7
1021 5297 8
1021 2351 3
1021 3368 9
1021 1845 6
1021 4227 3
1021 3721 8
1021 4247 3
1021 2387 3
1021 2017 2
1021 5036 8
1029 4912 9
1029 3986 1
1029 2162 7
1029 5243 5
1029 1613 2
1029 5082 8
1029 4594 6
1029 4219 5
1029 5459 1
1029 5857 10
1033 4718 1
1033 5879 5
1033 3541 5
1033 1707 10
1033 5234 2
1033 1918 6
1033 5867 5
1033 3079 7
1033 3717 5
1033 2386 8
1037 2996 2
1037 1407 8
1037 5438 4
1037 3412 6
1037 5592 7
1051 2363 5
1051 2111 6
1051 3567 8
1051 4225 3
1051 4409 2
1051 1680 9
1051 5867 6
1051 1602 4
1051 1093 2
1051 3412 10
1051 1707 8
1051 5633 3
1051 2386 4
1051 2546 2
1061 541 7
1061 2651 7
1061 2197 7
1061 5305 5
1061 2217 9
1061 2815 9
1061 3523 1
1061 4918 4
1061 4920 9
1061 3994 6
1061 1353 6
1061 4158 9
1061 1454 8
1061 2060 7
1061 1429 4
1061 2417 3
1061 1456 2
1061 4190 10
1061 2914 6
1061 5560 9
1061 2160 3
1061 3752 1
1061 5584 4
1061 2468 2
1061 3595 6
1061 5538 5
1061 4071 4
1061 5543 5
1061 3630 6
1061 1441 4
1061 1340 5
1061 4354 3
1061 4835 2
1061 5692 7
1061 5300 10
1061 4159 4
1061 2928 5
647 1357 6
647 2397 8
647 3739 2
647 1428 6
1080 2347 1
1080 2160 1
1080 5584 9
1080 5543 10
1080 3752 1
1080 1340 4
1080 2060 8
1080 3595 3
1080 5305 1
1080 1429 2
1080 5538 9
1080 1456 9
1080 2815 1
1080 5560 5
1080 4835 3
1080 4071 8
1080 4918 8
1080 1648 5
1080 4920 9
1083 3857 8
1083 3484 7
1083 3800 2
1083 2289 7
1083 3012 7
1083 2107 4
1083 3593 9
1083 4728 5
1087 2111 10
1087 1707 8
1087 1851 1
1087 2506 10
1087 5867 6
1087 1227 1
1087 1483 3
1087 2386 8
1087 5704 7
1090 2386 6
1093 5879 3
1093 4042 8
1093 3079 8
1093 1725 6
1093 3220 6
1093 2111 5
1093 5494 3
1093 1407 7
1093 2296 8
1093 2386 9
1093 2363 4
1093 3313 5
1093 4752 5
1093 1707 3
1093 3512 1
1093 2422 8
1093 5867 7
1093 2166 10
1093 3885 7
1093 3541 6
1093 4932 10
1093 4409 2
1093 4225 3
1101 4839 2
1101 1448 7
1101 3902 5
1115 2353 4
1117 3273 7
1117 5538 3
1121 3173 8
1121 2812 4
1121 3693 5
1121 4938 9
1121 1845 2
1121 4247 1
1121 5036 2
1148 4087 7
1148 4042 5
1154 2021 5
1154 5090 7
1154 4016 8
1154 2058 7
1154 2154 2
1154 2111 6
1154 3505 6
1154 3674 8
1154 2996 3
1154 1454 9
1154 2708 7
1154 2386 3
1154 4694 4
1154 3412 8
1154 5799 6
1154 5477 8
1154 1707 9
1154 5867 10
1154 1602 4
1154 5438 8
1154 4073 3
1157 1409 6
1157 5584 9
1157 5543 9
1157 1340 10
1157 3595 5
1157 2060 3
1157 1429 6
1157 5538 5
1157 1456 4
1157 4071 5
1157 2815 9
1157 5560 10
1157 4835 3
1157 4523 4
1157 1263 2
1157 4920 4
1185 2111 1
1185 1202 3
1185 1707 2
1185 5049 1
1185 2506 1
1185 5867 5
1185 1538 9
1185 2386 10
1196 3313 1
1196 3885 2
1196 1680 3
1548 5879 8
1548 3079 7
1548 3313 8
1548 4016 10
1548 3661 3
1548 5046 8
1548 2111 7
1548 1407 5
1548 2296 8
1548 2708 10
1548 2183 9
1548 2386 4
1548 3448 2
1548 1707 1
1548 3037 2
1548 5867 10
1548 4073 1
1548 3541 1
1550 2363 2
1550 4775 9
1550 2386 4
1202 4752 8
1202 1707 3
1202 3079 7
1202 2262 5
1202 5867 3
1202 3885 1
1202 1602 3
1202 3914 4
1202 3492 2
1202 1538 8
1202 2386 9
1212 3471 9
1212 2076 8
1212 2633 1
1212 5074 3
1212 4554 4
1212 2825 1
1214 4735 7
1214 5166 9
1214 4894 7
1214 5082 9
1214 5536 8
1218 2414 3
1218 2834 2
1218 1455 10
1218 2684 1
1218 2296 4
1218 5483 5
1218 5879 9
1219 2111 7
1219 5867 5
1219 2386 7
1227 4694 8
1227 3313 9
1227 5477 1
1227 1407 7
1227 2779 4
1227 5438 10
1227 1239 3
1227 5799 8
1229 2008 2
1229 2538 1
1239 5879 1
1239 3079 7
1239 5071 5
1239 4016 3
1239 3717 5
1239 2111 7
1239 2996 8
1239 1454 10
1239 2708 2
1239 1483 4
1239 2386 1
1239 5799 1
1239 5477 6
1239 1707 7
1239 5867 1
1239 5704 3
1239 4073 1
1239 3541 7
1239 3661 4
1244 5600 6
1244 4908 5
1244 3864 10
1244 4546 8
1244 5298 10
1244 4866 6
1244 5204 7
1246 4938 7
1248 5879 5
1248 3079 3
1248 3717 8
1248 2412 10
1248 1768 2
1248 3132 8
1248 5633 6
1248 2386 5
1248 1707 9
1248 5867 10
1248 1602 3
1248 2321 3
1248 2166 10
1248 3541 10
1248 4409 10
1248 4225 3
1249 5305 9
1249 2815 10
1249 4835 10
1249 4918 8
1249 5119 2
1249 3994 1
1249 5584 6
1249 4158 1
1249 2060 6
1249 1429 6
1249 1456 10
1249 3595 7
1249 2160 7
1249 1263 1
1249 2546 9
1249 3752 8
1249 5560 3
1249 5538 10
1249 4071 9
1249 2347 8
1249 5543 8
1249 1340 6
1249 1409 2
1252 4210 4
1254 3541 9
1254 1707 4
1254 3079 1
1254 5867 10
1263 5285 9
1263 4542 3
1263 4414 8
1263 5444 9
1263 541 4
1263 2330 1
1263 4835 6
1263 5305 4
1263 2217 9
1263 2060 2
1263 3169 10
1263 3523 5
1263 1372 3
1263 4036 1
1263 5119 9
1263 4920 8
1263 3994 6
1263 4918 8
1263 3752 6
1263 4158 3
1263 3530 5
1263 4159 7
1263 2820 8
1263 1429 1
1263 2131 7
1263 2417 7
1263 1456 10
1263 4395 5
1263 3325 6
1263 3595 2
1263 4617 10
1263 1409 6
1263 2797 1
1263 5625 10
1263 2389 6
1263 5584 10
1263 1386 8
1263 5560 10
1263 5538 5
1263 2920 8
1263 5481 2
1263 2394 10
1263 4296 4
1263 1439 7
1263 4071 9
1263 1648 5
1263 4143 5
1263 2013 9
1263 4766 5
1263 2347 8
1263 2160 3
1263 5572 5
1263 3297 4
1263 5543 1
1263 5615 10
1263 4601 5
1263 5900 4
1263 4627 9
1263 4872 4
1263 1340 1
1263 1626 1
1263 3308 3
1263 3498 4
1263 5692 1
1263 5300 6
1263 5396 2
1263 3239 5
1263 2928 4
1265 1357 2
1273 1357 4
1273 1428 9
1273 5325 8
1273 3739 9
1273 4516 8
1273 3148 7
1273 2419 1
1273 1864 2
1273 2937 5
1281 2319 4
1283 4811 3
2017 2075 1
2017 3719 9
2017 2739 10
2017 1812 4
2017 2536 8
2017 2878 3
2017 1323 6
2017 5110 5
2017 1997 8
2017 3173 9
2017 4745 3
2017 2293 9
2017 1845 2
2017 3721 3
2017 5453 7
2017 4247 8
2017 3693 3
2017 5344 1
2017 5297 5
2017 3067 4
2017 5033 5
2017 1806 4
2017 4303 9
2017 5036 8
2017 5061 1
2017 5485 2
2017 4227 3
1293 282 2
1293 4084 9
1293 1662 6
1293 2789 3
1293 1601 6
1293 4923 3
1293 5740 6
1293 5039 5
1293 2130 4
1293 3604 8
1304 2338 1
1304 2111 5
1304 2363 5
1304 1707 10
1304 5494 4
1304 3567 2
1304 5867 5
1304 1725 7
1304 5800 3
1304 5633 7
1304 2386 2
1304 2546 2
1307 4979 2
1307 4374 3
1323 4440 2
1323 3604 8
1331 3857 8
1331 3484 4
1331 1562 10
1331 3800 5
1331 4728 1
1331 2107 7
1331 5468 3
1334 3471 7
1334 2633 6
1334 1479 4
1334 2825 10
1339 4938 4
1340 5444 10
1340 3258 9
1340 5625 2
1340 5264 8
1340 2217 2
1340 4835 7
1340 4920 8
1340 3994 8
1340 2413 3
1340 1353 10
1340 1454 3
1340 2417 4
1340 1456 3
1340 4190 2
1340 3000 10
1340 5538 4
1340 3630 7
1340 5543 4
1340 5734 1
1340 2330 7
1340 3523 5
1340 3830 4
1340 2331 8
1340 2815 8
1340 1372 4
1340 5119 9
1340 3548 3
1340 4918 8
1340 2060 8
1340 2914 7
1340 3023 7
1340 5560 8
1340 2160 8
1340 2546 1
1340 3752 3
1340 3029 8
1340 5300 4
1340 3297 7
1340 4872 4
1340 2928 10
1340 4414 9
1340 5572 4
1340 2651 10
1340 5305 7
1340 4505 10
1340 1791 2
1340 1597 6
1340 1797 7
1340 1409 5
1340 5584 6
1340 2757 6
1340 3530 4
1340 5417 2
1340 1441 9
1340 5692 2
1340 3239 6
1340 541 1
1340 2197 10
1340 4523 7
1340 4158 10
1340 4159 4
1340 1429 10
1340 3595 1
1340 4617 5
1340 845 1
1340 4821 4
1340 5615 6
1340 4071 10
1340 5900 6
1340 4354 4
1340 2402 6
1340 3983 8
1345 3689 6
1345 3432 10
1345 2856 3
1345 5329 8
1349 3660 6
1349 2633 1
1349 5074 9
1349 5082 2
1353 1409 5
1353 5584 2
1353 5543 4
1353 3752 8
1353 4158 1
1353 2060 2
1353 1454 8
1353 3595 7
1353 5305 7
1353 1429 2
1353 5538 5
1353 1456 7
1353 2815 7
1353 5560 3
1353 4835 4
1353 4071 1
1353 4918 8
1353 4920 7
1356 5325 3
1357 4440 2
1357 3990 1
1357 3148 3
1357 3337 4
1357 1819 1
1357 1640 2
1357 2419 9
1357 5823 10
1357 1428 4
1357 5894 8
1357 2892 6
1357 3819 3
1357 2397 9
1357 3659 10
1357 3827 10
1357 4419 4
1357 1685 8
1363 2815 1
1372 4542 1
1372 541 4
1372 4766 9
1372 2331 1
1372 3169 2
1372 4036 7
1372 5119 9
1372 5584 2
1372 1429 6
1372 2131 2
1372 1456 1
1372 3595 1
1372 3752 8
1372 5538 2
1372 5481 2
1372 2394 5
1372 1648 1
1386 2013 2
1386 2347 1
1386 5305 5
1386 1429 4
1386 4872 6
1386 2914 3
1386 5615 7
1386 4395 8
1386 5285 8
1386 2160 5
1386 1648 5
1386 4920 4
1388 5787 9
1407 2338 2
1407 2021 3
1407 3567 8
1407 4016 10
1407 2412 6
1407 5046 4
1407 2111 4
1407 2996 8
1407 1454 3
1407 1768 8
1407 2506 5
1407 5888 7
1407 1570 10
1407 2296 3
1407 2708 7
1407 1483 6
1407 2386 1
1407 2546 7
1407 2363 5
1407 4694 5
1407 3412 7
1407 4067 2
1407 2340 3
1407 3037 10
1407 5867 2
1407 5704 9
1407 1602 3
1407 5438 4
1407 1806 10
1407 1538 5
1407 5483 7
1407 2165 1
1407 3541 9
1407 4932 9
1407 3661 2
1407 5635 2
1407 2621 9
1407 1680 9
1407 5907 8
1408 5344 6
1408 5148 1
1408 4247 8
1409 4414 8
1409 5444 3
1409 2330 7
1409 5305 7
1409 3830 1
1409 4835 5
1409 4918 6
1409 3994 3
1409 1797 10
1409 2060 4
1409 1429 10
1409 2417 4
1409 1456 2
1409 3000 4
1409 3595 1
1409 2651 10
1409 2546 3
1409 3752 1
1409 5584 1
1409 5560 1
1409 5615 6
1409 5900 7
1409 3530 8
1409 5543 7
1409 4354 9
1409 4872 2
1409 3239 2
1424 3471 5
1424 2633 9
1424 3660 3
1424 4382 6
1424 5074 10
1424 2825 10
5017 5074 9
5017 2633 1
5017 2825 10
5017 3660 9
5017 4382 4
5017 4288 5
5017 3184 1
5017 2548 7
5017 3471 7
5017 5175 10
1428 2397 4
1428 5894 4
1428 3739 2
1428 4440 6
1429 4542 5
1429 2060 4
1429 3258 10
1429 5625 10
1429 2217 3
1429 3169 10
1429 3523 8
1429 2131 3
1429 4920 6
1429 3994 10
1429 2413 4
1429 1454 7
1429 2417 3
1429 1456 4
1429 4190 9
1429 2914 2
1429 5538 5
1429 1648 7
1429 5543 10
1429 5285 10
1429 2330 10
1429 4835 4
1429 4766 3
1429 2331 1
1429 2815 6
1429 5119 8
1429 4918 5
1429 2820 5
1429 4395 4
1429 3023 5
1429 5560 4
1429 2160 2
1429 2546 4
1429 3752 10
1429 3357 2
1429 2920 6
1429 5396 8
1429 2347 6
1429 3297 8
1429 4872 7
1429 5481 3
1429 2928 6
1429 4414 4
1429 5572 10
1429 2651 4
1429 5305 7
1429 3480 9
1429 4505 3
1429 1791 10
1429 5584 9
1429 3530 8
1429 3325 5
1429 4601 4
1429 3498 3
1429 5692 8
1429 3239 2
1429 541 7
1429 2197 4
1429 4158 7
1429 4159 5
1429 3595 2
1429 4617 4
1429 845 9
1429 2389 7
1429 4821 1
1429 5615 5
1429 2394 7
1429 3830 2
1429 4071 8
1429 5900 5
1429 4354 5
1429 1626 1
1429 3983 10
1439 5285 6
1439 2739 3
1439 4542 8
1439 4036 8
1439 4920 1
1439 4158 6
1439 2060 5
1439 5538 4
1439 5396 8
1439 1648 4
1439 2013 9
1439 2347 8
1439 4601 8
1439 4627 9
1439 4872 6
1439 5485 2
1441 2330 9
1441 2815 8
1441 1791 9
1441 1456 6
1441 3595 10
1441 5560 8
1441 5584 6
1448 3746 1
1448 3084 1
1448 5620 10
1448 5306 9
1448 2471 9
1448 5155 9
1448 4839 2
1448 304 5
1448 5236 1
1448 2490 9
1449 5062 4
1449 3966 7
1449 4848 3
1449 5452 6
1449 3940 4
1452 3559 9
1452 4511 8
1452 4262 7
1452 4676 4
1454 5329 6
1454 3541 9
1454 2675 2
1454 1562 6
1454 2363 1
1454 4244 9
1454 3258 4
1454 4120 4
1454 2269 2
1454 2911 10
1454 3830 6
1454 2331 7
1454 5071 9
1454 4016 5
1454 607 3
1454 3220 3
1454 2412 10
1454 5119 9
1454 2154 5
1454 2111 9
1454 2506 2
1454 2996 9
1454 2563 3
1454 5049 9
1454 4747 8
1454 1570 7
1454 2296 10
1454 2160 2
1454 4872 8
1454 2386 6
1454 2546 1
1454 845 4
1454 3313 2
1454 3994 4
1454 4752 5
1454 5090 5
1454 2365 7
1454 5867 9
1454 2165 8
1454 1716 2
1454 1602 3
1454 4352 5
1454 2321 10
1454 3492 4
1454 1768 5
1454 1538 4
1454 5483 8
1454 2426 3
1454 4968 5
1454 3885 10
1454 4932 2
1454 2807 2
1454 2235 9
1454 3688 7
1454 2621 3
1454 1680 2
1454 4087 2
1455 2684 9
1455 3773 8
1455 2828 2
1456 3258 6
1456 5625 10
1456 2217 8
1456 3523 4
1456 4918 6
1456 4920 7
1456 3994 1
1456 2413 2
1456 4505 2
1456 4190 10
1456 5538 8
1456 1648 10
1456 2896 8
1456 3273 6
1456 4296 8
1456 1563 1
1456 2330 4
1456 4835 4
1456 3830 3
1456 2331 10
1456 2815 10
1456 5119 10
1456 2060 1
1456 2914 1
1456 3023 10
1456 2160 10
1456 2546 4
1456 3752 8
1456 3357 3
1456 5300 7
1456 2347 1
1456 3297 9
1456 3630 8
1456 4872 5
1456 3662 6
1456 2928 6
1456 3664 8
1456 4788 1
1456 4414 8
1456 5572 5
1456 5305 10
1456 1597 9
1456 4510 10
1456 2468 9
1456 2757 3
1456 3530 1
1456 5153 6
1456 5872 6
1456 4354 7
1456 3498 6
1456 5692 5
1456 3239 9
1456 541 10
1456 2197 9
1456 4523 7
1456 4159 8
1456 4617 6
1456 845 5
1456 4821 3
1456 5615 3
1456 4071 2
1456 5900 10
1456 3983 2
1479 5166 5
1479 3471 2
1479 2076 10
1479 2633 10
1479 2091 9
1483 4073 8
1483 3313 9
1483 2111 9
1483 5799 7
1483 1707 1
1483 4694 8
1483 5477 5
1483 5867 5
1483 2779 4
1483 5438 10
1483 2386 4
1483 2708 7
1493 2439 3
1493 5166 7
1493 5611 6
1493 4735 10
1493 3986 1
1493 4894 3
1493 5082 3
1493 4219 10
1493 1569 2
1493 2961 9
1493 3743 5
1493 4594 7
1493 5536 8
1497 2246 1
1497 5373 7
1497 2319 8
1497 3375 4
1529 4219 4
1529 3986 2
1529 5243 1
1534 3173 10
1534 2812 4
1534 4938 8
1534 5297 9
1534 2351 6
1534 3368 3
1534 1845 1
1534 4247 4
1534 1997 7
1538 5879 4
1538 2269 2
1538 3079 7
1538 3220 1
1538 2412 3
1538 2996 2
1538 5049 8
1538 2506 2
1538 1570 10
1538 2314 5
1538 2296 2
1538 2365 2
1538 4423 4
1538 2386 5
1538 5635 3
1538 3313 2
1538 5477 5
1538 4752 6
1538 1707 7
1538 2422 4
1538 5867 1
1538 5483 2
1538 4120 5
1538 3885 7
1538 3541 4
1538 4932 6
1538 3914 6
1538 2621 3
1538 1680 7
1551 2107 9
1551 2087 7
1551 2289 9
1551 3593 9
1551 3484 9
1561 3471 5
1561 4288 8
1562 3593 2
1562 3857 1
1562 2155 3
1562 3800 5
1562 2107 1
1562 3012 7
1562 5376 6
1562 2289 6
1562 5468 4
1562 4728 7
1563 2797 7
1563 3273 4
1563 5584 6
1563 3595 3
1569 2943 2
1569 4735 2
1569 5243 7
1569 4894 9
1569 3743 10
1569 2439 9
1569 5068 3
1569 2113 8
1569 4774 1
1569 5166 1
1569 5611 6
1569 5082 4
1569 4219 7
1569 3320 8
1569 4594 10
1569 5366 7
1569 4104 7
1569 3559 4
1569 3986 9
1569 2670 9
1569 5820 5
1569 5710 7
1569 4676 4
1569 4606 8
1570 2675 10
1570 4042 1
1570 2269 7
1570 2111 7
1570 4747 6
1570 1768 4
1570 2506 3
1570 2296 8
1570 5633 8
1570 2386 10
1570 2363 4
1570 3313 3
1570 5477 10
1570 5777 7
1570 1707 3
1570 5867 10
1570 1602 6
1570 5483 5
1570 3079 5
1570 4474 7
1570 3541 2
1570 4932 6
1570 1680 6
1570 5907 5
1594 1791 10
1597 2815 1
1597 4835 9
1597 4918 1
1597 4158 3
1597 2060 10
1597 3595 4
1597 5584 9
1597 5560 7
1597 4071 4
1601 282 6
1601 4084 3
1601 1662 10
1601 2789 5
1601 5740 5
1601 5039 3
1601 2130 4
1601 3604 1
1602 5879 8
1602 2338 3
1602 3079 3
1602 3717 5
1602 3220 10
1602 5046 3
1602 2111 1
1602 5049 8
1602 2314 8
1602 2296 10
1602 2365 8
1602 2708 9
1602 2183 8
1602 2386 4
1602 4424 7
1602 3412 1
1602 4067 9
1602 4490 10
1602 1707 5
1602 3037 2
1602 5477 5
1602 4244 1
1602 4718 8
1602 5246 5
1602 5561 8
1602 5483 2
1602 4120 9
1602 4073 6
1602 3885 9
1602 3541 6
1602 5867 3
1602 5633 6
1602 3661 8
1602 3036 1
1602 1680 1
1610 3858 10
1610 4638 9
1610 2530 7
1610 5575 9
1610 2991 4
1610 3261 8
1610 3796 7
1610 4529 2
1613 5166 9
1613 3391 3
1613 3986 6
1613 4735 1
1613 5243 3
1613 5082 5
1613 2771 9
1613 4219 3
1613 5787 4
1613 4774 8
1613 5366 2
1613 5536 10
1625 1791 6
1626 2013 9
1626 2347 2
1626 3752 7
1626 4627 2
1626 4872 7
1626 1648 8
1626 2160 6
1626 4036 6
1640 4719 5
1640 5325 2
1640 3739 1
1640 3148 3
1644 3472 5
1648 5285 6
1648 4542 10
1648 2330 1
1648 3169 6
1648 4835 6
1648 4036 4
1648 3752 1
1648 1977 9
1648 2060 1
1648 2131 5
1648 4395 7
1648 3595 9
1648 2160 9
1648 4617 8
1648 2389 7
1648 5584 10
1648 5538 7
1648 2920 8
1648 5396 3
1648 4296 6
1648 2013 5
1648 2347 2
1648 5900 2
1648 4627 10
1648 3239 9
1648 4872 1
1648 3498 10
1648 5615 8
1648 5692 8
1648 4159 8
1648 2928 2
1654 282 6
1661 3471 2
1661 2633 6
1662 4084 3
1662 4735 1
1662 2789 8
1662 2130 4
1662 5740 4
1662 4262 6
1662 2157 5
1662 4488 2
1662 5166 10
1662 4511 8
1662 4894 3
1662 3318 3
1662 4923 9
1662 3559 10
1662 4676 5
1662 4606 6
1662 3940 9
282 4084 8
282 2789 4
282 3686 5
282 2157 1
282 4923 8
282 5740 5
282 2432 1
282 4117 5
282 2130 10
282 3604 10
282 3940 8
282 5039 6
1680 5879 8
1680 2834 10
1680 3079 2
1680 3313 2
1680 3717 7
1680 3220 2
1680 2412 6
1680 5046 10
1680 2111 10
1680 2996 6
1680 5049 5
1680 2506 6
1680 2314 2
1680 2296 8
1680 2365 10
1680 4423 5
1680 5633 2
1680 2386 2
1680 5635 2
1680 2363 7
1680 3448 9
1680 3132 7
1680 4067 1
1680 4752 5
1680 1707 9
1680 5477 8
1680 5867 6
1680 1768 8
1680 5483 10
1680 4120 10
1680 2165 9
1680 3885 2
1680 3541 10
1680 4932 5
1680 2621 9
1680 5907 5
1685 2461 8
1685 4999 6
1685 3739 6
1685 2528 10
1685 5664 3
4516 3986 5
1706 5325 5
1707 1918 6
1707 3079 9
1707 2989 5
1707 3717 2
1707 4087 4
1707 2412 4
1707 2309 7
1707 2996 9
1707 2311 5
1707 2314 6
1707 2708 1
1707 5633 5
1707 2032 4
1707 2318 6
1707 4752 10
1707 1851 2
1707 2422 3
1707 5827 10
1707 4474 7
1707 3541 8
1707 4932 5
1707 2386 1
1707 3914 5
1707 2240 6
1707 2621 2
1707 2338 9
1707 4042 9
1707 4016 8
1707 4661 2
1707 2235 1
1707 2911 5
1707 5561 1
1707 3386 9
1707 4490 8
1707 5477 2
1707 5483 1
1707 4120 1
1707 2166 1
1707 2828 10
1707 4409 1
1707 4225 8
1707 2834 1
1707 3567 8
1707 5490 1
1707 2269 7
1707 607 2
1707 3220 4
1707 5046 5
1707 3674 8
1707 5494 7
1707 2563 9
1707 5049 2
1707 4319 9
1707 3132 7
1707 2365 2
1707 4423 5
1707 2183 6
1707 2363 4
1707 4694 5
1707 3313 9
1707 3412 6
1707 2752 7
1707 5867 3
1707 3492 4
1707 5592 8
1707 4968 6
1707 3688 2
1707 5635 9
1707 5879 3
1707 5071 10
1707 3661 6
1707 2111 7
1707 3505 10
1707 3698 1
1707 2506 5
1707 5888 8
1707 3976 9
1707 4718 7
1707 5799 6
1707 3512 9
1707 3339 1
1707 4352 9
1707 5246 4
1707 5314 3
1707 4073 7
1707 4244 9
1707 3885 2
1716 3593 1
1716 3857 8
1716 2155 2
1716 3012 6
1716 2107 5
1716 5468 3
1716 3484 3
1716 4931 10
1725 4120 6
1725 2363 6
1725 2996 10
1725 4042 6
1725 5867 5
1725 2314 7
1725 2386 1
1725 2296 7
1725 2338 6
1725 4087 3
1725 5483 1
1725 3458 6
1757 3427 2
1757 2838 1
1757 2490 5
1757 4465 7
1759 2606 8
1759 4024 7
1759 5166 9
1764 3857 4
1764 2289 10
1771 5183 10
1777 3986 5
1791 3830 4
1791 3288 6
1791 5417 2
1791 2651 7
1791 2197 5
1791 5538 3
1791 4872 5
1791 4821 4
1791 4354 6
1791 5300 9
1791 2624 2
1791 4082 4
1804 3986 2
1806 2075 2
1806 3173 1
1806 2353 2
1806 2812 8
1806 4745 9
1806 4938 3
1806 2351 9
1806 1845 5
1806 5033 3
1806 1997 4
1806 4247 8
1806 2387 9
1812 3173 4
1812 2812 8
1812 2815 5
1812 4247 8
1812 2387 4
1818 3966 8
1818 5062 2
1818 5452 4
1819 3739 9
1824 4424 5
1842 4627 9
1844 3626 1
1844 2825 7
1845 2075 10
1845 2353 6
1845 2812 8
1845 3693 6
1845 4938 2
1845 2536 8
1845 2878 9
1845 5110 10
1845 1997 10
1845 3173 2
1845 4745 5
1845 3721 8
1845 5453 8
1845 4247 1
1845 2387 3
1845 5344 6
1845 5297 9
1845 3368 7
1845 3067 2
1845 5033 2
1845 4303 1
1845 5036 6
1845 5061 10
1845 5485 2
1845 4227 1
1845 2739 3
1845 2351 1
1851 3541 10
1851 3079 8
1851 5633 5
1851 5879 5
1857 1967 7
1857 2442 9
1857 2853 10
1864 2397 9
1864 3148 6
1864 4440 1
1864 3604 9
1868 3471 7
1871 5134 3
1879 2853 1
3297 5584 9
3297 5543 2
3297 3752 6
3297 2060 5
3297 3595 3
3297 5305 2
3297 5538 8
3297 2815 5
3297 5560 5
3297 4835 7
3297 4071 2
3297 4918 1
3297 4920 10
1918 4694 5
1918 3541 2
1918 3079 5
1918 2340 3
1918 5867 9
1918 2314 7
1918 2386 8
1918 3717 4
1918 2412 6
1918 5592 5
1918 5879 2
1936 5166 1
1936 5536 2
1936 3986 7
1936 4735 3
1936 5082 1
1936 4594 8
1936 4219 5
1936 5068 7
1936 5243 3
1936 3743 9
1936 5366 2
1939 4979 5
1939 4219 5
1953 3173 5
1953 2812 3
1953 5344 5
1953 3541 2
1953 3661 7
1953 2684 7
1953 2296 3
1953 1997 6
1953 4247 4
1961 2353 5
1966 3604 5
1967 3712 5
1967 2442 8
1967 5626 9
1977 2013 3
1977 2347 8
1977 2060 2
1977 5625 2
1977 5305 5
1977 5538 1
1977 4872 3
1977 4395 3
1977 4296 7
1977 2160 9
1979 5900 8
1997 2075 7
1997 2812 10
1997 4938 10
1997 2878 8
1997 5110 8
1997 2353 6
1997 3173 5
1997 4745 6
1997 3721 3
1997 5453 1
1997 4247 3
1997 2387 2
1997 3693 2
1997 5297 2
1997 3368 1
1997 5033 5
1997 2779 7
1997 4303 9
1997 5061 5
1997 5485 10
1997 4227 9
1997 2739 6
1997 2351 6
2008 2107 3
2008 5468 1
2013 5285 9
2013 2218 10
2013 541 1
2013 5625 9
2013 5305 1
2013 4766 10
2013 4918 8
2013 4036 9
2013 5119 3
2013 3994 3
2013 2060 6
2013 2160 5
2013 845 9
2013 4325 8
2013 2920 9
2013 5615 9
2013 3530 6
2013 3325 7
2013 5543 4
2013 5900 3
2013 4296 3
2013 5692 9
2013 3983 6
2013 3239 10
1285 4908 3
1285 3864 1
1285 4395 10
1285 1285 10
2018 5325 2
2021 2989 7
2021 2111 6
2021 2506 6
2021 2563 2
2021 2340 4
2021 2296 7
2021 2752 6
2021 2386 2
2021 5635 3
2021 3313 5
2021 5775 1
2021 5477 9
2021 4752 2
2021 5314 9
2021 3659 5
2021 4932 6
2024 5777 10
2032 2111 4
2032 5777 4
2032 5867 10
2032 2386 1
2032 2675 7
2032 5633 2
2032 5483 6
3325 2330 1
3325 4766 8
3325 2131 2
3325 3752 4
3325 2060 10
3325 2417 1
3325 5584 5
3325 5538 7
3325 5615 10
3325 2394 3
3325 3530 6
3325 4872 3
3325 3498 10
3325 3239 7
3325 2928 4
2058 4424 6
2058 2111 6
2058 3541 8
2058 2296 1
2058 3717 10
2058 2386 7
2058 2154 10
2060 4542 5
2060 5444 9
2060 3258 4
2060 5625 4
2060 5264 1
2060 2217 1
2060 3523 5
2060 2131 9
2060 4920 7
2060 3994 6
2060 2413 9
2060 2417 6
2060 4190 1
2060 3000 6
2060 4395 3
2060 5538 6
2060 5543 10
2060 5734 9
2060 4296 7
2060 5285 2
2060 2330 5
2060 4835 9
2060 4766 5
2060 2331 6
2060 2815 8
2060 5119 2
2060 3548 7
2060 4918 4
2060 2914 4
2060 3023 6
2060 5560 7
2060 2160 2
2060 2546 10
2060 3752 6
2060 5396 7
2060 5300 1
2060 2347 1
2060 3630 3
2060 4872 9
2060 2928 4
2060 4414 6
2060 5572 1
2060 2651 4
2060 5305 10
2060 4036 1
2060 4505 3
2060 1797 6
2060 5584 8
2060 2468 5
2060 4325 7
2060 2757 7
2060 3530 3
2060 5417 7
2060 4601 1
2060 3498 2
2060 5692 1
2060 3239 7
2060 541 9
2060 2197 10
2060 4158 1
2060 4614 4
2060 4159 8
2060 3595 10
2060 4617 2
2060 845 9
2060 4821 2
2060 5615 6
2060 3830 9
2060 4071 4
2060 5900 2
2060 4354 6
2060 4627 8
2060 3983 10
2075 3173 4
2075 2812 9
2075 3693 3
2075 4938 2
2075 2351 3
2075 3368 6
2075 5110 10
2075 5061 4
2075 4303 10
2075 3072 1
2075 3505 3
2075 4247 5
2075 2387 6
2076 2548 3
2076 2275 5
2076 2633 7
2076 4382 6
2076 2510 6
2076 4506 6
2076 5459 8
2076 4343 7
2085 3471 4
2085 2633 1
2085 3660 1
2085 4288 10
2085 2825 1
2085 4863 9
2087 3180 8
2087 3857 6
2087 3942 1
2087 2155 1
2087 2107 7
2087 3593 8
2087 5098 2
2087 5468 6
2087 3484 5
2090 4288 1
2090 4868 10
2091 3471 3
2091 2633 3
2091 3660 9
2091 5074 4
2097 5376 3
2107 3012 10
2107 5468 9
2107 3484 8
2107 3942 6
2107 2155 7
2107 3593 6
2107 5098 1
2107 2258 9
2107 2888 4
2107 3857 4
2107 5724 1
2107 4728 1
2107 4931 9
2107 3800 4
2107 2289 10
2107 5376 8
2111 3079 6
2111 2989 7
2111 3717 4
2111 4087 10
2111 2309 5
2111 2996 6
2111 4747 5
2111 2314 8
2111 2708 10
2111 5633 5
2111 2318 8
2111 3448 2
2111 4752 9
2111 5561 1
2111 5827 6
2111 2426 8
2111 4474 5
2111 4932 8
2111 2386 8
2111 3914 4
2111 2621 9
2111 3541 6
2111 2338 9
2111 4042 5
2111 4016 10
2111 2154 4
2111 4661 1
2111 2235 4
2111 2911 8
2111 4775 4
2111 3386 1
2111 4490 7
2111 5477 3
2111 2340 8
2111 5483 1
2111 4120 4
2111 2166 9
2111 2828 10
2111 3661 2
2111 2834 9
2111 3567 4
2111 2269 10
2111 5438 2
2111 3220 8
2111 5046 10
2111 3674 7
2111 5494 5
2111 2563 4
2111 5049 3
2111 4319 1
2111 2752 6
2111 4423 4
2111 2183 7
2111 4694 4
2111 3313 10
2111 2365 9
2111 5234 3
2111 5592 6
2111 5635 10
2111 5879 8
2111 5071 3
2111 3505 8
2111 2506 2
2111 5888 7
2111 2296 1
2111 3976 4
2111 5799 3
2111 4067 1
2111 3037 8
2111 3339 7
2111 1768 4
2111 2975 4
2111 4073 3
2111 3885 10
2111 5867 5
2113 5166 2
2113 4511 4
2113 3696 9
2113 4735 8
2113 4262 3
2113 5082 3
2113 5611 3
2113 2448 2
2113 3550 4
2113 4219 10
2113 3559 5
2113 4676 9
2113 5366 7
2113 5536 10
845 5584 8
845 5417 8
845 5543 3
845 3595 1
845 4325 2
845 5538 4
845 4872 9
845 2815 10
845 5560 9
845 4071 1
845 4918 9
845 2546 9
845 4920 2
2126 5166 5
2126 5068 9
2126 5243 4
2126 5611 1
2126 4811 4
2126 4594 4
2126 3743 7
2130 4084 5
2130 2789 4
2130 5740 1
2130 5039 1
2130 3604 3
2131 5285 3
2131 4542 3
2131 3169 8
2131 4920 1
2131 4158 8
2131 5396 5
2131 2160 7
2131 3752 9
2131 5538 5
2131 5615 6
2131 2347 7
2131 4601 6
2131 4296 4
2131 5692 4
2134 5325 10
2136 5221 4
2136 5319 7
2136 5851 1
2140 3836 1
2140 2246 7
2140 2319 5
2140 5627 4
2140 5373 2
2143 5704 8
2150 5771 8
2154 4932 2
2154 5090 6
2154 4747 2
2154 5867 2
2154 2386 8
2154 3688 7
2154 2412 3
2154 5483 2
2155 3857 9
2155 3800 10
2155 3484 8
2155 2258 8
2155 3036 4
2155 2289 2
2155 3593 2
2157 2789 5
2157 4923 5
2160 5285 9
2160 4542 10
2160 5572 5
2160 541 2
2160 2330 4
2160 4835 6
2160 5305 6
2160 2331 4
2160 3169 4
2160 2815 3
2160 3523 9
2160 4918 8
2160 4036 1
2160 5119 4
2160 3548 3
2160 3752 3
2160 4158 10
2160 3595 4
2160 4920 10
2160 4617 5
2160 2389 8
2160 5584 3
2160 5560 9
2160 5538 2
2160 2920 9
2160 5481 7
2160 2394 7
2160 4296 7
2160 4071 6
2160 5900 2
2160 2347 7
2160 5543 8
2160 4601 1
2160 3239 10
2160 4872 10
2160 3498 8
2160 5615 10
2160 5692 10
2160 3983 4
2160 4159 2
2160 2928 5
2162 5536 10
2162 4735 4
2162 5243 5
2162 4594 3
2162 5068 10
2162 3743 5
2165 4932 4
2165 2269 7
2165 5090 1
2165 5867 7
2165 2296 9
2165 2240 5
2165 2621 1
2165 2412 4
2165 2386 2
2166 2363 4
2166 5046 3
2166 3541 1
2166 1768 9
2166 5867 5
2166 2621 1
2166 2386 5
2166 5907 3
2180 3986 4
2183 4120 2
2183 4073 4
2183 3541 8
2183 5867 4
2183 3448 6
2183 2296 9
2183 2996 10
2183 4775 5
2183 2240 6
2183 2386 9
2197 2330 1
2197 2815 5
2197 4835 7
2197 4920 5
2197 4158 5
2197 3595 5
2197 4617 4
2197 5584 4
2197 5560 6
2197 5538 8
2197 5615 9
2197 4071 5
2197 5543 9
2197 4354 9
2197 2235 2
2201 3471 3
2201 2633 8
2201 2825 5
2217 541 5
2217 5625 5
2217 5264 2
2217 3830 5
2217 2815 6
2217 4835 3
2217 5119 6
2217 4920 8
2217 4918 3
2217 4158 9
2217 4505 2
2217 3595 2
2217 5584 4
2217 5560 8
2217 5538 6
2217 5396 7
2217 4071 8
2217 5543 10
2227 3471 5
2227 3097 2
2227 5074 4
2235 5879 8
2235 3541 2
2235 3079 2
2235 2506 1
2235 5867 3
2235 5071 4
2235 2675 3
2235 3717 3
2235 5777 6
2235 4474 4
2235 2386 9
2236 3541 4
2236 2684 2
2236 2296 7
2240 2834 2
2240 4932 8
2240 5049 4
2240 5867 6
2240 2386 7
2244 3518 7
2244 3839 10
2245 4024 2
2246 3836 10
2246 2319 8
2246 1911 9
2258 3857 7
2258 2289 10
2258 3012 8
2258 3593 7
2262 4718 6
2262 3412 9
2262 5879 7
2262 3541 10
2262 3079 7
2262 2506 2
2262 5867 6
2262 2314 9
2262 2296 2
2262 3717 4
2262 5633 10
2262 2386 4
2263 5136 1
2263 4573 3
2263 3776 8
2263 4696 5
2263 5351 10
2269 4490 7
2269 5879 5
2269 3541 2
2269 4932 4
2269 3079 9
2269 5867 4
2269 2296 3
2269 3220 2
2269 2386 2
2275 5459 9
2279 3276 6
2289 3593 8
2289 3857 8
2289 3942 7
2289 3800 10
2289 3012 9
2289 2992 6
2289 5468 1
2289 3484 5
2289 3472 10
2292 4210 4
2293 3173 3
2293 2812 3
2293 5344 5
2293 4745 3
2293 2351 9
2293 3368 7
2293 5110 2
2293 4227 6
2293 4303 5
2293 4247 6
2293 2387 5
2296 5879 5
2296 2363 9
2296 3079 6
2296 3717 9
2296 3220 5
2296 1768 9
2296 3357 6
2296 4319 4
2296 2996 9
2296 2412 6
2296 5049 10
2296 2506 9
2296 2314 4
2296 2365 6
2296 4423 2
2296 2386 3
2296 5635 4
2296 4490 6
2296 3412 3
2296 5477 4
2296 4752 1
2296 1554 5
2296 5867 6
2296 3313 3
2296 2321 6
2296 5483 9
2296 4120 10
2296 3541 3
2296 4932 10
2296 4409 7
2296 5633 7
2296 3885 5
2296 4055 7
2296 2621 9
2296 5494 8
2296 5907 6
2309 3541 3
2309 3079 10
2309 5867 6
2309 3567 3
2309 2386 1
2309 2546 2
2311 2363 5
2311 2422 9
2311 5867 4
2311 4775 1
2311 2386 8
2314 5329 3
2314 5879 2
2314 2363 1
2314 4120 10
2314 3079 6
2314 4718 4
2314 5049 6
2314 5494 10
2314 1768 2
2314 2506 8
2314 2365 9
2314 5633 5
2314 2386 7
2314 2338 8
2314 3412 9
2314 5149 8
2314 5867 5
2314 5800 3
2314 3492 2
2314 5483 2
2314 2426 8
2314 3541 6
2314 4932 5
2314 3885 5
2314 5907 9
2318 5879 3
2318 3541 9
2318 3079 6
2318 5867 10
2318 3412 8
2318 2386 10
2319 3836 8
2319 5749 2
2319 373 7
2319 5627 6
2319 5373 3
2321 4932 10
2321 2412 8
2321 2506 2
2321 5867 7
2321 3313 9
2321 2621 4
2321 2975 6
2321 2386 9
2322 5322 9
2322 4465 6
2322 5800 4
2322 4839 6
2322 2838 4
2330 2651 7
2330 5305 10
2330 3830 6
2330 2815 8
2330 4835 8
2330 4918 6
2330 4036 6
2330 5119 1
2330 4920 2
2330 3752 2
2330 4158 3
2330 3000 1
2330 5560 6
2330 5584 7
2330 3595 2
2330 5538 3
2330 4821 9
2330 5615 8
2330 4296 5
2330 4071 6
2330 5300 3
2330 5417 6
2330 5543 2
2330 4627 4
2330 4872 9
2330 4354 6
2330 5396 5
2331 2815 6
2331 4835 8
2331 4918 6
2331 4920 3
2331 4158 9
2331 3595 2
2331 5584 3
2331 5560 4
2331 5538 5
2331 5615 8
2331 4071 9
2331 2347 5
2331 5543 10
2335 5787 1
2338 5879 5
2338 4042 10
2338 3567 1
2338 3079 3
2338 3717 4
2338 4087 1
2338 5046 7
2338 5494 4
2338 2365 7
2338 2386 5
2338 2546 6
2338 2363 7
2338 5867 5
2338 3541 6
2338 4409 3
2340 4694 8
2340 5046 1
2340 3132 5
2340 2386 8
2345 5777 8
2347 5285 3
2347 4542 1
2347 4835 10
2347 3169 7
2347 3523 10
2347 4036 7
2347 3548 3
2347 3994 1
2347 3752 9
2347 3595 7
2347 4617 8
2347 2389 2
2347 5584 9
2347 5538 6
2347 2920 8
2347 5481 2
2347 4296 6
2347 5900 1
2347 5615 8
2347 4601 2
2347 4627 3
2347 3498 10
2347 5396 3
2347 5692 9
2347 3239 2
2347 2928 3
2351 2739 1
2351 4938 4
2351 2536 3
2351 2878 10
2351 5110 9
2351 3173 9
2351 4745 10
2351 3721 7
2351 4247 10
2351 2812 6
2351 2387 2
2351 5344 2
2351 3067 2
2351 5033 7
2351 2779 8
2351 4303 10
2351 5036 2
2351 5061 5
2351 2923 5
2351 5485 6
2351 4227 8
2353 2739 10
2353 2536 10
2353 2878 1
2353 5110 8
2353 3721 7
2353 5453 5
2353 2387 6
2353 3693 4
2353 5344 9
2353 5297 9
2353 3067 6
2353 5033 4
2353 5061 3
2353 5485 4
2363 3567 8
2363 4087 7
2363 3458 8
2363 3220 7
2363 2412 6
2363 2996 7
2363 5049 1
2363 2506 4
2363 2365 9
2363 4423 2
2363 4042 7
2363 2386 5
2363 5635 6
2363 3386 3
2363 3313 10
2363 5477 4
2363 4752 9
2363 3512 2
2363 2422 4
2363 4775 4
2363 5867 9
2363 3492 2
2363 1768 2
2363 5483 1
2363 4120 3
2363 3885 9
2363 3541 9
2363 4409 6
2363 5633 4
2363 3976 8
2363 2546 2
2363 2621 6
2363 5494 7
2363 607 1
2365 5879 10
2365 4042 5
2365 3079 7
2365 4718 3
2365 5046 7
2365 1768 8
2365 2506 4
2365 5633 9
2365 3386 9
2365 3412 7
2365 5477 1
2365 2422 1
2365 5867 1
2365 4073 8
2365 3773 4
2365 3541 8
2365 4932 5
2365 4409 9
2365 3661 2
2365 5907 8
2386 5090 7
2386 3079 4
2386 2989 2
2386 3717 6
2386 4087 6
2386 2412 4
2386 2996 5
2386 4747 6
2386 2708 7
2386 5633 5
2386 3448 9
2386 4752 1
2386 2422 3
2386 5827 8
2386 2426 7
2386 4474 8
2386 4932 7
2386 2807 5
2386 3914 4
2386 2621 2
2386 4042 4
2386 4016 10
2386 3458 9
2386 4661 9
2386 2911 6
2386 4775 1
2386 1768 8
2386 3386 6
2386 4490 7
2386 5477 3
2386 3037 3
2386 5483 1
2386 4120 5
2386 2828 10
2386 4409 1
2386 4225 9
2386 2834 5
2386 3567 7
2386 5490 4
2386 607 8
2386 3220 2
2386 5046 8
2386 3674 6
2386 5494 3
2386 2563 4
2386 5049 4
2386 3132 4
2386 2752 8
2386 4423 10
2386 4319 8
2386 4694 7
2386 3313 2
2386 3412 6
2386 5149 8
2386 4244 1
2386 5234 6
2386 3492 7
2386 5561 6
2386 5592 1
2386 4968 2
2386 3885 5
2386 3688 2
2386 5635 6
2386 5329 6
2386 2675 4
2386 5879 4
2386 5071 3
2386 3661 5
2386 3505 2
2386 3698 4
2386 2506 2
2386 5888 4
2386 3976 9
2386 4718 6
2386 5799 1
2386 4067 3
2386 3512 6
2386 3339 10
2386 4352 9
2386 5438 4
2386 5246 6
2386 5276 1
2386 2975 9
2386 5314 10
2386 4073 8
2386 5775 4
2386 5867 7
2387 2739 4
2387 4938 1
2387 2536 5
2387 2878 2
2387 5110 8
2387 3173 10
2387 4745 4
2387 3721 2
2387 5453 7
2387 4247 4
2387 2812 10
2387 3693 7
2387 5344 5
2387 5297 1
2387 3368 8
2387 3067 8
2387 5033 4
2387 4303 3
2387 5036 3
2387 5061 3
2387 5485 1
2387 4227 1
2389 3752 6
2389 4601 6
2389 5538 3
2389 4542 5
2389 5396 9
2389 5615 4
2394 5611 2
2394 3752 1
2394 5243 6
2394 5538 2
2394 5615 7
2397 4440 2
2397 3990 4
2397 3148 10
2397 5118 1
2397 5894 10
2397 2419 10
2397 2777 4
2397 2892 9
2397 3819 4
2397 2664 4
2397 3196 4
2397 3659 10
2397 5066 4
2397 5325 4
2397 3739 5
2397 3274 1
2397 5241 3
2402 5560 6
2402 5538 2
2406 4440 5
2412 3220 8
2412 1768 4
2412 5046 2
2412 2996 9
2412 2975 4
2412 5049 3
2412 4718 9
2412 3412 4
2412 4752 6
2412 4244 5
2412 5867 7
2412 5246 4
2412 3541 6
2412 4932 5
2412 5907 2
2413 3595 9
2413 3308 6
2413 5543 8
2413 3752 6
2413 4158 5
2413 4143 3
2413 4835 1
2413 5305 9
2413 5538 8
2413 5584 10
2413 2815 10
2413 5560 4
2413 3498 10
2413 4071 9
2413 4920 1
2414 2684 3
2414 3773 9
2414 2828 8
2417 3752 6
2417 4158 8
2417 5560 10
2417 5305 10
2417 5538 4
2417 2815 4
2417 4835 5
2417 3498 2
2417 4071 4
2417 4918 5
2417 5543 6
2419 4719 8
2419 5894 4
2419 5325 10
2419 3739 6
2419 3148 5
2419 2937 7
2422 3079 9
2422 5046 1
2422 5049 4
2422 3132 3
2422 5633 3
2422 3386 1
2422 3412 10
2422 5477 6
2422 3512 6
2422 4775 8
2422 5867 5
2422 3541 1
2426 4718 4
2426 3541 3
2426 4932 2
2426 3661 5
2426 5867 3
2426 4016 5
2426 5438 4
2426 3412 4
2431 5221 1
2432 4923 1
3387 3148 3
3387 3604 2
2442 4868 6
2442 2853 5
2458 4332 7
2458 3524 9
2458 5352 3
2458 4376 5
2458 5668 10
2458 3261 9
2468 4788 2
2468 3357 6
2468 5584 10
2468 5469 2
2468 3273 1
2468 3595 5
2468 4473 6
2468 5183 3
2471 3902 3
2471 4506 7
2484 5166 8
2484 4511 10
2484 3986 4
2484 2439 4
2484 3559 4
2484 5243 7
2484 5116 8
2484 4219 10
2484 5857 9
2486 3151 1
2486 4267 3
2490 3746 9
2490 3084 5
2490 5620 8
2490 3010 10
2490 4383 4
2490 4839 3
2490 3902 9
2506 3458 9
2506 3717 1
2506 3220 4
2506 1768 8
2506 5046 2
2506 2996 8
2506 5049 3
2506 4747 4
2506 4423 10
2506 4042 3
2506 5477 5
2506 5867 1
2506 5438 4
2506 4120 3
2506 3541 10
2506 4932 10
2506 3885 6
2506 2621 10
2506 5907 5
2510 3471 4
2510 2633 3
2510 2548 2
2510 2606 6
2528 2929 2
2530 4332 3
2530 3524 4
2530 5352 8
2530 4376 7
2530 5668 8
2530 3261 8
2536 2812 8
2536 4938 9
2536 5110 4
2536 3173 7
2536 4745 8
2536 3721 7
2536 4303 2
2536 3693 6
2536 5297 10
2536 3368 8
2536 3067 5
2536 4247 10
2536 5036 4
2536 5061 7
2536 3072 6
2546 4042 2
2546 2815 7
2546 4835 5
2546 4918 3
2546 4087 1
2546 4920 3
2546 4158 8
2546 5560 2
2546 5584 3
2546 3595 5
2546 4071 10
2546 5538 10
2546 4120 5
2546 5543 5
2546 5494 9
2548 4912 9
2548 5459 8
2548 3187 4
2548 3986 4
2548 5166 3
2548 2633 10
2548 981 7
2548 4554 6
2548 2825 5
2548 4024 5
2548 4930 1
2548 3471 10
2548 4382 7
2548 4506 5
2563 5777 10
2563 4932 8
2563 5276 1
2563 5867 4
2563 2675 2
2563 5483 8
3530 2815 5
3530 4835 8
3530 5119 4
3530 3357 10
3530 4918 2
3530 5584 8
3530 4158 6
3530 3595 6
3530 3752 6
3530 5560 3
3530 4325 2
3530 5538 4
3530 5396 1
3530 4071 1
3530 5417 3
3530 5543 10
3530 4872 4
3593 3012 4
3593 5468 6
3593 3484 9
3593 3942 10
3593 2992 8
3593 5098 10
3593 4728 1
3593 3857 8
3593 5724 8
3593 4931 1
3593 3180 4
3593 3800 9
3593 5376 3
2606 3471 10
2606 2633 5
2606 5074 3
2606 4506 9
2606 4863 9
2615 3864 6
2615 4908 4
2621 2996 5
2621 1768 7
2621 4775 6
2621 2708 9
2621 3412 10
2621 5477 10
2621 5867 4
2621 5483 1
2621 3541 6
2621 4932 7
2621 4225 8
2621 3914 7
2621 5907 5
2633 2784 10
2633 4390 6
2633 4343 1
2633 5362 8
2633 4863 4
2633 4288 1
2633 981 6
2633 2825 4
2633 5008 2
2633 3097 5
2633 3660 9
2633 4382 10
2633 3184 9
2633 4506 3
2633 5175 4
2651 5417 6
2651 5305 9
2651 5560 6
2651 5538 9
2651 4835 2
2651 4071 5
2651 4918 5
2651 5119 10
2652 5221 8
2654 3796 10
4104 5166 9
4104 4511 3
4104 3986 10
4104 2439 7
4104 3559 9
4104 4262 4
4104 5082 1
4104 5611 9
4104 4219 7
4104 4735 6
4104 4676 6
4104 4488 1
4104 5366 7
4104 5536 1
2670 5166 7
2670 3986 2
2670 2439 3
2670 4735 3
2670 4894 1
2670 5082 1
2670 2771 6
2670 4219 4
2670 3320 6
2670 4811 7
2670 5243 5
2670 4606 9
2670 5536 10
2675 5046 7
2675 4932 4
2675 5867 2
2675 5483 4
2675 5879 4
2708 5071 10
2708 4016 10
2708 3505 9
2708 3674 1
2708 4694 8
2708 5799 5
2708 5477 3
2708 3037 10
2708 5867 8
2708 4120 8
2708 3541 2
2708 3661 4
2718 5396 9
2723 3313 6
2739 2812 5
2739 4938 8
2739 5110 3
2739 3173 5
2739 4745 8
2739 4247 4
2739 3693 10
2739 5344 4
2739 3368 6
2739 4303 2
2739 5036 10
2739 5061 7
2739 5485 7
2739 3072 8
2742 3427 1
2742 4465 2
2748 4908 7
2748 4327 7
2748 3864 6
2752 5879 9
2752 3541 1
2752 3079 3
2752 4747 8
2752 5867 5
2752 5483 10
2757 5584 9
2757 5543 4
2757 3752 9
2757 4158 8
2757 4835 3
2757 5305 2
2757 3595 9
2757 5538 9
2757 3977 1
2757 2815 5
2757 5560 2
2757 4071 3
2757 4918 5
2757 4920 4
2771 3986 8
2771 4735 7
2771 5243 6
2771 5116 1
2771 5857 7
2771 3743 9
2771 5068 9
2771 4774 6
2771 3568 5
2771 5166 1
2771 4894 3
2771 2439 1
2771 4594 10
2771 4219 3
2771 4676 4
2771 3074 1
2777 3604 1
2779 3173 8
2779 2812 4
2779 5344 6
2779 4938 6
2779 5297 8
2779 3368 10
2779 4247 9
2779 5704 8
2784 3471 1
2784 5074 7
2784 2825 9
2789 5740 4
2789 4084 9
2789 3604 7
2797 3664 7
2797 4788 8
2797 5469 7
2797 3273 10
2797 3480 8
2797 5183 2
2807 4490 1
2807 4968 1
2807 5417 6
2807 4932 4
2812 2878 2
2812 5110 6
2812 3173 5
2812 4745 4
2812 3721 8
2812 5453 1
2812 4247 10
2812 3693 10
2812 5344 9
2812 5297 4
2812 3067 6
2812 5033 6
2812 4303 1
2812 5036 8
2812 5061 7
2812 2923 8
2812 5485 8
2812 4227 2
2815 5444 6
2815 3258 9
2815 5625 7
2815 5264 10
2815 3523 4
2815 4920 3
2815 3994 6
2815 5098 5
2815 4190 9
2815 3000 8
2815 5538 5
2815 3630 7
2815 5543 6
2815 4835 8
2815 3830 9
2815 5119 5
2815 3548 8
2815 4918 10
2815 2914 5
2815 3023 5
2815 5560 2
2815 3752 9
2815 4872 6
2815 2928 7
2815 4414 4
2815 5572 2
2815 5305 6
2815 4505 9
2815 1797 8
2815 5584 9
2815 4325 10
2815 4143 5
2815 5417 1
2815 5692 10
2815 3239 6
2815 541 5
2815 4523 4
2815 4159 4
2815 3595 4
2815 4617 7
2815 502 5
2815 3432 8
2815 4821 6
2815 5615 8
2815 4071 1
2815 5900 1
2815 4354 10
2815 5356 7
2815 3983 1
2820 3752 7
2820 5305 3
2820 5538 7
2820 5615 1
2825 3187 9
2825 4735 3
2825 4382 1
2825 4343 3
2825 3814 7
2825 4288 6
2825 3338 10
2825 5459 4
2825 5008 7
2825 3471 6
2825 3660 4
2825 981 5
2828 3773 2
2828 5867 6
2828 5561 3
2834 4932 1
2834 4409 7
2834 3885 10
2834 5867 8
2834 5561 2
2834 5633 8
5110 4938 5
5110 3173 1
5110 4745 10
5110 4303 9
5110 4694 1
5110 3693 6
5110 3368 3
5110 5036 3
5110 5061 8
5110 5485 10
5110 3072 10
2838 4465 10
2848 4839 1
2856 3412 7
2856 5867 9
5314 3412 5
5314 5149 10
5314 5867 8
2878 3173 9
2878 4745 8
2878 3693 8
2878 4938 3
2878 3368 3
2878 4247 10
2887 4708 3
2887 3986 1
2892 3739 5
2896 5584 6
2896 3595 7
2911 5867 10
2914 5584 1
2914 5543 1
2914 3752 10
2914 4158 4
2914 3595 10
2914 4835 6
2914 5538 6
2914 5560 5
2914 4071 9
2914 4918 2
2914 4920 7
2920 3752 1
2920 5538 6
2920 4872 4
2920 5615 2
2928 4835 3
2928 4918 6
2928 4920 3
2928 5584 9
2928 4158 7
2928 3595 4
2928 3752 4
2928 5560 6
2928 5538 1
2928 5615 9
2928 4071 6
2928 5543 10
2935 4735 9
2935 4465 4
2937 4440 2
2937 3148 5
2943 3986 8
2943 4735 7
2943 4894 6
2943 4262 9
2943 4774 8
2943 4488 7
2943 5166 6
2943 4511 8
2943 2439 3
2943 5082 2
2943 4594 6
2943 4219 7
2943 5459 8
2943 3471 8
2943 3391 8
2943 3559 3
2943 5710 8
2957 5325 10
2968 4868 5
2968 2853 4
2975 4718 7
2975 5049 2
2975 3885 6
2975 5867 9
2989 2996 10
2989 5867 3
2991 4376 7
2991 3796 8
2991 5575 3
2992 3036 4
2996 5879 8
2996 3079 10
2996 3220 6
2996 5046 7
2996 3674 9
2996 1768 7
2996 5775 10
2996 3132 5
2996 4067 4
2996 5477 3
2996 5867 10
2996 3313 3
2996 4120 9
2996 4073 6
2996 3659 10
2996 3541 6
2996 3661 7
2996 4016 10
2996 5494 9
2996 5907 7
3000 4158 3
3000 5560 10
3000 4835 9
3000 4071 8
3000 4918 9
3008 3029 1
3010 3746 2
3010 3904 4
3010 3902 1
3010 4383 7
3012 5376 5
3012 5468 9
3012 5098 9
3012 3857 4
3012 5724 1
3012 4728 8
3012 3180 10
3012 3472 5
3023 5584 5
3023 5543 2
3023 3752 2
3023 4158 6
3023 3595 4
3023 5305 2
3023 5538 9
3023 4395 9
3023 5560 10
3023 4835 1
3023 4071 4
3023 4918 2
3023 4920 7
3036 4718 5
3036 3472 8
3036 3879 4
3036 3639 2
3036 4728 10
3037 4120 9
3037 4073 7
3037 3448 1
3037 5046 3
3037 5477 1
3037 3674 4
3037 5867 7
3037 4016 2
3037 5799 1
304 3902 5
3054 4037 9
502 5800 4
502 5444 1
502 3752 3
3067 3173 10
3067 4745 6
3067 3693 9
3067 4938 2
3067 3368 6
3067 4227 1
3067 4247 1
3067 5036 3
3072 5485 5
3072 4303 10
3079 5879 9
3079 4718 6
3079 3567 2
3079 4244 2
3079 4016 5
3079 3717 6
3079 5149 10
3079 3835 2
3079 3674 5
3079 4490 2
3079 5888 10
3079 4423 10
3079 5633 8
3079 5635 8
3079 4694 8
3079 3313 2
3079 5799 2
3079 4775 1
3079 5561 9
3079 5867 5
3079 4932 7
3079 3492 3
3079 1768 2
3079 5483 10
3079 4120 10
3079 5049 8
3079 3541 10
3079 3339 10
3079 3885 5
3079 5071 9
3079 3688 4
3079 3698 6
3079 3914 10
3079 5494 9
3079 5907 1
3084 5336 6
3084 4809 8
3084 4085 4
3084 3902 4
4474 4120 3
4474 3773 5
4474 3885 4
4474 5867 2
4474 5246 9
3103 2853 2
5438 4694 1
5438 5867 8
5438 5704 10
5438 4016 9
5438 3661 6
3132 4087 6
3132 5049 6
3132 4718 10
3132 3313 7
3132 4067 5
3132 4244 10
3132 5867 6
3132 4120 5
3132 3885 6
3132 3914 7
3148 3990 9
3148 3337 7
3148 1003 2
3148 4395 6
3148 3576 1
3148 5209 1
3148 4419 3
3148 5317 6
3148 5894 5
3148 4555 4
3148 3819 8
3148 3659 4
3148 3739 10
3148 5711 9
3150 5734 9
3150 3150 7
3169 3752 8
3169 4601 6
3169 5305 10
3169 5538 2
3169 3388 4
3169 5615 6
3169 4019 1
5444 5543 2
5444 3380 10
5444 5305 1
5444 5538 3
5444 3432 7
5444 3308 9
5444 4143 6
3173 3360 2
3173 4938 7
3173 4745 6
3173 3721 9
3173 5453 9
3173 4247 5
3173 3693 2
3173 5344 6
3173 5297 9
3173 5490 8
3173 3368 3
3173 5033 5
3173 4303 6
3173 5036 2
3173 5061 10
3173 2923 8
3173 5485 1
3173 4227 7
3180 3857 9
3180 3942 7
3180 3249 10
3180 3484 6
3184 3471 6
3184 3626 5
3184 4382 9
3184 5074 5
3184 4554 5
3187 4912 7
3187 3660 8
3187 4382 6
3187 4288 3
3187 5074 5
3498 5305 3
3498 5900 9
3498 3308 5
3498 5584 7
3498 4395 8
3498 3595 10
3498 3752 6
3498 5538 6
3498 5615 7
3498 5692 4
3220 3717 9
3220 1768 6
3220 5561 7
3220 3412 6
3220 5867 8
3220 4120 4
3220 3541 2
3220 4932 1
3220 4225 3
3220 5907 9
541 4835 5
541 4920 2
541 3752 3
541 4158 8
541 3595 7
541 5584 9
541 5560 5
541 5538 1
541 5396 4
541 4071 6
541 5543 4
541 4872 9
541 5615 7
3239 5305 5
3239 4835 9
3239 4918 8
3239 5584 4
3239 4158 9
3239 4395 1
3239 3595 2
3239 3752 5
3239 5560 10
3239 5538 7
3239 5396 7
3239 4071 3
3239 5543 10
3239 4872 2
3239 4296 5
3249 1895 7
3258 5543 2
3258 3752 5
3258 4158 1
3258 3595 6
3258 5305 6
3258 5538 7
3258 5584 1
3258 5560 3
3258 4835 7
3258 4071 1
3258 5900 3
3258 4920 3
3261 4332 4
3261 3524 1
3261 5352 4
3261 4638 6
3261 4376 7
3261 5668 7
3261 4529 7
3273 3664 3
3273 5584 6
3273 5469 4
3273 3480 7
3273 5659 1
3273 3662 1
3273 3595 8
3273 5183 6
3274 5664 2
3512 3386 3
3512 5046 9
3512 5867 10
3512 4775 2
3512 5633 6
1895 3857 4
3300 5082 8
1911 5373 7
1911 5298 7
1911 5204 1
1911 3375 8
3308 5285 6
3308 3752 4
3308 5538 5
3308 4143 8
3313 5329 4
3313 5879 6
3313 4042 8
3313 3717 5
3313 1768 1
3313 5635 6
3313 5477 9
3313 5867 7
3313 5704 2
3313 3773 9
3313 3541 2
3313 4932 7
3313 3661 6
3313 5907 10
3318 4735 6
3318 3743 7
3320 5166 9
3320 3986 6
3320 2439 10
3320 4735 5
3320 5082 6
3320 4511 3
3320 5611 8
3320 4219 4
3320 2961 9
3320 5243 6
3320 3743 8
3320 4606 2
3320 5366 1
3320 5536 8
3323 4938 2
4511 3986 2
4511 4735 1
4511 5116 9
4511 3743 9
4511 4262 9
4511 5068 1
4511 5166 7
4511 5536 2
4511 2439 6
4511 5082 10
4511 4219 10
4511 4594 4
4511 5366 4
4511 3391 4
4511 3559 5
4511 5710 1
4511 4676 1
3333 4866 2
3333 3366 7
3337 5823 10
3337 5894 4
3337 3739 4
3337 3819 6
3337 4419 6
3338 4912 2
3339 5879 4
3339 3541 10
3339 4932 2
3339 5867 8
3339 3717 8
2218 5068 2
2218 5704 6
3357 5543 10
3357 3752 10
3357 3595 6
3357 5305 1
3357 5538 3
3357 4614 7
3357 4395 9
3357 5584 8
3366 4866 6
3368 4745 3
3368 3721 7
3368 4247 4
3368 5344 9
3368 5033 2
3368 4303 7
3368 5036 2
3368 5851 9
3368 5061 9
3368 2923 10
3368 5485 9
3368 4227 1
3379 3673 2
3380 5560 10
3386 5867 6
3386 4775 10
3386 5633 6
2439 3986 3
2439 4735 1
2439 5243 8
2439 4894 3
2439 5116 8
2439 5857 9
2439 3743 2
2439 3568 3
2439 4262 1
2439 4488 7
2439 5166 9
2439 5611 10
2439 5536 4
2439 5082 1
2439 4219 6
2439 5569 5
2439 4594 9
2439 5366 6
2439 5068 8
2439 3391 7
2439 3559 4
2439 5710 2
2439 4676 3
2439 4606 3
3391 3986 2
3391 5166 1
3391 3559 5
3391 4262 4
3391 5082 6
3391 3471 2
3391 4219 8
3391 4735 5
3391 4488 5
3391 4676 6
3391 5536 7
3395 5325 6
2584 4573 6
3412 4016 3
3412 5246 6
3412 5494 8
3412 5049 10
3412 4319 2
3412 4718 9
3412 5561 7
3412 5867 3
3412 4120 7
3412 3541 2
3412 3885 3
3422 5166 7
3422 3471 8
3422 4912 10
3422 3986 9
3422 3559 9
3422 4506 10
3422 5082 4
3422 4594 3
3422 4219 3
3422 5459 8
3422 5857 2
3422 4606 10
3427 5322 3
3427 4465 1
3427 4064 3
3432 5543 4
3432 5538 8
3448 5799 1
3448 3505 8
3448 3661 5
3448 4423 1
3458 5494 9
3458 1768 3
3458 5867 2
3458 607 1
3458 5907 5
3471 4735 7
3471 4390 8
3471 4912 10
3471 3814 7
3471 4863 8
3471 5662 5
3471 5082 7
3471 4288 1
3471 5800 6
3471 5459 7
3471 5366 9
3471 5172 8
3471 3660 3
3471 4382 7
3471 3473 1
3471 5175 7
3472 4938 10
3480 3664 10
3480 5183 2
3484 3942 5
3484 5376 7
3484 4772 10
3484 5098 8
3484 3857 1
3484 5724 9
3484 5317 1
3484 4728 5
3484 5800 1
3492 5879 2
3492 4932 3
3492 3541 3
3492 607 4
3492 3717 5
3496 3819 7
3496 4529 1
3505 4073 10
3505 5867 1
3505 4016 7
3518 5771 2
4542 5285 4
4542 3994 5
4542 3752 6
4542 4601 6
4542 4159 8
4542 5538 9
3523 4835 8
3523 5119 2
3523 3548 9
3523 4158 10
3523 3595 2
3523 5584 5
3523 5560 10
3523 5538 7
3523 4071 4
3523 5543 8
3523 4920 9
3523 3983 5
3524 4332 2
3524 5352 7
3524 4376 5
3524 5668 8
3541 3717 1
3541 4087 8
3541 4747 4
3541 5633 3
3541 5635 7
3541 4752 8
3541 4775 9
3541 4932 7
3541 3914 3
3541 4016 5
3541 5561 7
3541 1768 1
3541 4490 1
3541 5477 10
3541 5483 7
3541 4120 9
3541 4409 7
3541 4225 6
3541 3567 3
3541 5049 6
3541 5046 5
3541 5494 3
3541 4423 10
3541 4694 6
3541 5149 1
3541 5867 9
3541 5061 6
3541 3688 2
3541 5329 1
3541 5879 5
3541 5071 2
3541 5888 8
3541 5799 1
3541 5344 7
3541 4073 10
3541 4244 9
3541 3885 9
3541 5907 10
3548 4158 9
3548 5560 2
3548 4835 4
3548 4918 5
3559 4735 5
3559 2961 10
3559 3743 5
3559 4979 8
3559 5166 1
3559 5611 7
3559 5082 4
3559 4219 10
3559 5366 8
3567 4042 9
3567 4087 8
3567 5494 8
3567 5867 4
3567 4120 8
3568 5166 2
3568 5787 9
3568 4735 10
3568 4894 7
3568 5082 5
3568 5569 3
3568 5116 4
3568 4676 3
3576 5325 1
3595 5625 1
3595 5717 5
3595 4918 8
3595 4920 9
3595 3994 8
3595 4505 3
3595 4190 8
3595 5538 8
3595 4296 5
3595 4013 5
3595 4835 1
3595 3830 4
3595 5119 10
3595 4398 7
3595 3752 3
3595 5300 6
3595 3630 10
3595 4872 7
3595 3662 5
3595 3664 5
3595 4788 10
3595 4414 10
3595 5572 8
3595 5305 7
3595 4510 8
3595 5153 2
3595 5872 8
3595 4354 7
3595 5692 1
3595 4523 6
3595 4159 8
3595 4617 9
3595 4821 7
3595 5615 3
3595 4071 10
3595 5900 8
3595 3983 4
3604 4084 5
3604 5066 6
3604 4408 3
3604 3987 2
3626 5166 1
3626 4024 1
3630 5584 8
3630 5543 1
3630 4158 10
3630 5538 2
3630 4190 8
3630 5560 5
3630 4835 10
3630 4071 10
3630 4920 1
3650 2853 1
3659 5325 4
3659 3739 6
3659 3827 6
3660 4912 10
3660 3986 7
3660 4735 4
3660 4382 5
3660 4390 2
3660 5074 9
3660 4506 3
3660 3814 2
3660 4930 9
3660 4863 10
3660 3858 2
3660 5082 5
3660 4288 7
3660 4554 6
3660 981 5
3660 5459 7
3660 5366 8
3660 5501 6
3660 5175 4
3661 3693 7
3661 4016 7
3661 3674 10
3661 5049 10
3661 4718 8
3661 4694 9
3661 5799 2
3661 5867 5
3661 4120 1
3661 4073 2
3661 3885 4
3661 5071 1
3662 5584 3
3662 5183 10
3664 5469 1
3664 5584 1
3664 5183 8
3673 3977 2
3674 4424 9
3674 5867 10
3674 4016 5
3688 5879 3
3688 5867 2
3688 5483 7
3693 4938 6
3693 4745 8
3693 3721 4
3693 5453 10
3693 4247 10
3693 5344 7
3693 5297 3
3693 4303 3
3693 5036 7
3693 5061 3
3693 5485 6
3698 5867 10
3712 5672 1
3712 4868 1
3712 2853 7
3717 5879 4
3717 4016 2
3717 5888 1
3717 5561 9
3717 5635 3
3717 4718 5
3717 5799 7
3717 4244 4
3717 4120 5
3717 5867 7
3717 3885 6
3717 5071 5
3721 4938 9
3721 4745 3
3721 4247 3
3721 5477 2
3721 5297 8
3721 5033 4
3721 5061 10
3721 4227 4
3739 3917 7
3739 4440 6
3739 3990 3
3739 5823 7
3739 5894 7
3739 3819 6
3739 3827 6
3739 4419 6
3743 5787 5
3743 3986 1
3743 5243 1
3743 4894 3
3743 4811 9
3743 4735 9
3743 4262 7
3743 4488 8
3743 5820 7
3743 5166 9
3743 5536 2
3743 5082 10
3743 4594 1
3743 4219 4
3743 5459 6
3743 5366 4
3743 5068 9
3743 5710 10
3743 4676 8
3746 5155 7
3746 5620 4
3746 4383 5
3746 4839 7
3746 3902 2
3752 5625 2
3752 5305 1
3752 4766 3
3752 4835 9
3752 4918 9
3752 4036 4
3752 5119 6
3752 3994 7
3752 4158 7
3752 4159 1
3752 4617 9
3752 5584 6
3752 5560 1
3752 4325 9
3752 5538 7
3752 4821 7
3752 5615 8
3752 4296 6
3752 4071 7
3752 4143 9
3752 5543 1
3752 4601 10
3752 5900 9
3752 4872 6
3752 5481 7
3752 5692 9
3761 5777 9
3770 5704 4
3773 4120 8
3773 4718 3
3773 3885 8
3776 5136 7
3776 4573 7
3776 4696 3
3776 5351 7
2614 4627 9
3796 3858 3
3812 5615 5
3814 5459 1
3819 5325 6
3827 5894 8
3830 4835 6
3830 4918 1
3830 5119 7
3830 4920 5
3830 4158 5
3830 5584 7
3830 5560 8
3830 5538 4
3830 5417 1
3830 5543 10
3833 5704 2
3836 5373 6
3839 5771 5
3857 5098 1
3857 5724 10
3857 5106 6
3857 4728 6
3857 4931 2
3857 5468 9
3857 3800 4
3857 5376 3
3858 5575 3
3864 4327 3
3864 4866 5
3885 5879 7
3885 1768 5
3885 5046 10
3885 5633 3
3885 5635 4
3885 4718 2
3885 5867 4
3885 5483 6
3885 4932 5
3885 4409 2
3885 5907 6
3902 5620 6
3902 5155 8
3902 4839 6
5560 5625 7
5560 5264 9
5560 4835 10
5560 4920 2
5560 3994 8
5560 4505 7
5560 4190 10
5560 5538 3
5560 5734 1
5560 5119 9
5560 4918 2
5560 5300 3
5560 4872 3
5560 4414 10
5560 5572 2
5560 5305 8
5560 1797 2
5560 5584 4
5560 5417 1
5560 5692 7
5560 4158 8
5560 4159 9
5560 4617 1
5560 4821 7
5560 5615 1
5560 4071 4
5560 5900 7
5560 4354 7
5560 3983 7
3914 5879 2
3914 4752 4
3914 5867 9
3914 4423 4
3923 5166 6
3923 3986 7
3923 4894 9
3923 4219 5
3930 5857 4
3930 3986 1
3940 4982 1
3940 3966 4
3940 4848 7
3940 5062 1
3940 5452 10
3942 3800 1
3947 5376 9
3961 5538 3
3966 5062 2
3966 4848 4
3966 5452 8
3976 5867 3
3977 5396 3
5136 4573 2
5136 5351 1
3983 5584 10
3983 5543 1
3983 4158 8
3983 4835 6
3983 5538 7
3983 4872 2
3983 4071 5
3983 5119 10
3983 4920 9
3986 4735 2
3986 4894 5
3986 5611 3
3986 2961 10
3986 4774 3
3986 5536 3
3986 5229 2
3986 5082 9
3986 4219 8
3986 3822 10
3986 4024 8
3986 5366 2
3986 4382 6
3986 4606 6
3990 5325 6
3994 5305 8
3994 4835 1
3994 4920 6
3994 5584 10
3994 4158 8
3994 5538 1
3994 5396 7
3994 4296 8
3994 4071 1
3994 5543 1
3994 4872 1
3994 5615 1
4005 5134 2
4013 5717 5
4016 5879 10
4016 5071 5
4016 4067 4
4016 4423 7
4016 4694 6
4016 5477 9
4016 5867 1
4016 4120 7
4016 4073 3
4024 5166 1
4024 4288 9
4024 5074 1
4024 4267 3
4028 5221 3
4036 5285 10
4036 5625 8
4036 5305 9
4036 4617 4
4036 4510 10
4036 5538 4
4036 5396 5
4036 4296 2
4036 4872 1
4036 5615 10
4042 5046 1
4042 5494 2
4042 5049 8
4042 5633 8
4042 5867 7
4042 4120 10
4042 4932 4
4064 4465 5
4067 5477 8
4067 5867 10
4067 4190 3
4067 5879 6
4071 4414 4
4071 5572 4
4071 5417 6
4071 5305 8
4071 5119 3
4071 4920 3
4071 4918 4
4071 4505 8
4071 4158 9
4071 4159 6
4071 1797 1
4071 4190 8
4071 4617 7
4071 5625 9
4071 5584 8
4071 5538 10
4071 4821 9
4071 5615 2
4071 5264 4
4071 5900 1
4071 5543 9
4071 4354 3
4071 4872 4
4071 4835 4
4071 5692 6
4073 5071 9
4073 4694 1
4073 5799 7
4073 5477 9
4073 5867 9
4073 4120 8
4082 5068 9
4084 5740 5
4084 5039 8
4085 4809 2
4085 5336 9
4087 5879 3
4087 5867 9
4087 5494 10
4087 5633 8
5592 5879 2
5592 5234 3
5592 5867 5
4115 4938 8
4117 4119 1
4120 5879 9
4120 5046 6
4120 5494 9
4120 1768 6
4120 4718 2
4120 4694 4
4120 5477 7
4120 5867 4
4120 4932 4
4120 4409 5
4120 5633 5
4120 5907 6
4143 5285 10
4143 5538 6
4143 5543 8
4151 5221 3
4158 5285 8
4158 4414 4
4158 5572 7
4158 5305 6
4158 5264 10
4158 5119 8
4158 4918 5
4158 4505 5
4158 1797 1
4158 4617 5
4158 5625 7
4158 5584 10
4158 5538 2
4158 4821 1
4158 5615 4
4158 5417 8
4158 4354 5
4158 5900 5
4158 4872 8
4158 5734 1
4158 4835 3
4158 5692 2
4159 5285 4
4159 5305 3
4159 4835 3
4159 4920 2
4159 4918 8
4159 5584 1
4159 5538 9
4159 5396 7
4159 5543 2
4159 5615 5
1298 5787 10
4190 5584 7
4190 4835 2
4190 4918 2
4190 4920 9
4210 5049 10
4210 5558 1
4212 4424 1
4219 4735 5
4219 4894 8
4219 2961 10
4219 4262 8
4219 4774 8
4219 5820 1
4219 5166 6
4219 5611 4
4219 5536 6
4219 5082 4
4219 5800 3
4219 3822 2
4219 4594 9
4219 5366 10
4219 4676 4
4219 4606 4
4225 5867 7
4225 4775 7
4227 4938 9
4227 4247 4
4227 5033 3
4227 5344 2
4227 5036 10
4244 4932 3
4244 5867 8
4244 5879 1
4247 4938 1
4247 4745 4
4247 5453 3
4247 4303 2
4247 5477 10
4247 5344 4
4247 5297 9
4247 5033 2
4247 5036 10
4247 5061 8
4247 2923 2
4247 5485 6
4262 4735 4
4262 5243 3
4262 5857 8
4262 4488 10
4262 5166 9
4262 5536 6
4262 5082 3
4262 5366 4
4288 4912 9
4288 5459 2
4288 4382 10
4288 5362 4
4288 4863 6
4288 4554 4
4288 4930 1
4288 5501 6
4288 5175 3
4296 5625 1
4296 4766 10
4296 5584 7
4296 4617 7
4296 5538 10
4296 4601 7
4296 4627 4
4296 4872 8
4303 4938 5
4303 5344 7
4303 5036 1
4303 5061 2
4303 5485 4
607 4932 5
607 4409 2
607 5867 4
607 1768 9
607 5633 2
607 5907 5
4319 5867 6
4325 5543 2
4325 5305 8
4325 5538 6
4325 4872 1
4325 4920 9
4327 4908 1
4327 4546 9
4327 4866 10
4332 5352 10
4332 4376 10
4332 5668 10
4343 4382 7
4345 4554 6
4352 4932 8
4352 5867 2
4352 5888 7
4354 4835 5
4354 4920 5
4354 5584 10
4354 5538 3
4354 5417 6
4354 5543 9
4374 4979 10
4382 5459 8
4382 4912 10
4382 5074 5
4382 5166 9
4382 4554 4
4382 5800 8
4382 5175 10
4383 5155 8
4383 5336 2
4383 5620 5
4395 5285 3
4395 4866 2
4395 5692 8
4395 4872 1
4395 5584 8
4395 5325 5
4395 4617 2
4395 5615 6
4395 5900 5
4409 5049 4
4409 5867 10
4414 5584 2
4414 5417 2
4414 5543 1
4414 5538 2
4414 4505 4
4414 4835 9
4414 4918 5
4414 4920 10
4423 1768 1
4423 4718 5
4423 5867 4
4423 5417 2
4423 5907 7
4424 5799 6
4424 3124 4
4440 5894 2
4440 5066 6
4465 5322 10
4465 5611 6
4465 4735 7
4465 5082 9
4473 4614 7
4486 5342 8
4486 4554 10
4488 5166 2
4488 4735 7
4488 5243 2
4488 4894 9
4488 5082 4
4488 5611 8
4488 5366 5
4488 5536 10
4490 5775 7
4490 5879 2
4490 4932 8
4490 5234 10
4490 4775 9
4490 5888 10
4490 5867 7
4490 5046 8
3276 4728 5
4505 5584 7
4505 5543 3
4505 5625 3
4505 4835 7
4505 5538 3
4505 5119 10
4505 4920 10
4506 4912 6
4506 3822 9
4506 4839 4
4510 5584 8
4510 4627 5
4521 5325 4
4523 4920 6
4523 5584 1
4527 5777 4
4546 4866 2
4554 4912 9
4554 5317 8
4554 5006 1
4554 5800 6
4554 4863 6
4573 5587 10
4573 4696 6
4573 5351 1
4594 5787 9
4594 5243 4
4594 4894 1
4594 4735 4
4594 4774 1
4594 5611 8
4594 5536 6
4594 5082 5
4594 5366 10
4594 4606 9
4601 5285 2
4601 5396 7
4601 5538 3
4601 5615 10
4601 5692 4
4605 4376 8
4606 4979 8
4606 5166 3
4606 4735 10
4606 4894 8
4606 5082 3
4606 2961 9
4606 5243 2
4614 5469 2
4617 5305 2
4617 4835 6
4617 4920 2
4617 5584 6
4617 5538 4
4617 5417 3
4617 5543 3
4617 4627 8
4627 5285 8
4627 5615 6
4661 5867 7
4676 5787 8
4676 4735 7
4676 5243 7
4676 5116 1
4676 5857 5
4676 5166 4
4676 5536 6
4676 5082 5
4676 5366 10
4676 5068 9
4745 4938 6
4745 5453 10
4745 5344 5
4745 5297 5
4745 5033 8
4745 5036 7
4745 5061 4
4745 5485 3
4376 5352 10
4376 5668 8
4692 5106 8
4694 5879 10
4694 5049 9
4694 4752 7
4694 5867 4
4694 5704 4
4696 5351 2
4718 5329 7
4718 5879 8
4718 5046 4
4718 5049 2
4718 5867 3
4718 5483 5
4719 4419 6
4728 5724 7
4728 5468 3
4728 5376 4
4735 4912 9
4735 4969 1
4735 5243 2
4735 4811 10
4735 5857 5
4735 4774 10
4735 5166 9
4735 5611 1
4735 4894 3
4735 5536 2
4735 5082 3
4735 5116 9
4735 5459 4
4735 5366 3
4735 5068 7
4735 5820 2
4735 5710 1
4735 5836 10
4736 2853 9
4747 4932 2
4747 5483 1
4752 1768 5
4752 5633 9
4752 5477 5
4752 5122 2
4752 5867 9
4752 5483 10
4752 5907 8
4766 5285 2
4766 5625 3
4766 5305 6
4766 5538 7
4766 4872 8
4774 5611 7
4774 5366 4
4774 5166 9
4774 5082 4
4774 5857 2
4774 5820 5
4774 5536 10
4775 5477 3
4775 5867 4
4775 5633 5
4786 5777 7
4788 5584 3
4809 5336 9
4811 5166 4
4811 5787 1
4811 5710 3
4811 3822 6
4821 5584 3
4821 5538 8
4821 4835 6
4821 5305 3
4821 4920 10
4830 5587 9
4835 5572 6
4835 5305 3
4835 5119 3
4835 4918 6
4835 1797 1
4835 5625 9
4835 5584 9
4835 5538 7
4835 5543 9
4835 5615 3
4835 5264 8
4835 5900 6
4835 4872 1
4835 5734 10
4835 4920 3
4835 5692 10
1768 5049 10
1768 5483 3
4839 5620 5
4848 5062 7
4860 5221 5
4860 5800 4
4860 5851 8
4865 5074 6
4866 5600 6
4866 4908 9
4867 5587 9
4868 2853 10
4868 5672 5
4868 5626 8
4868 5134 4
4872 5285 10
4872 5625 10
4872 5305 3
4872 4918 10
4872 5119 6
4872 4920 10
4872 5584 7
4872 5538 4
4872 5396 8
4872 5543 9
4872 5900 10
4872 5615 5
4872 5692 4
4894 5243 10
4894 5166 5
4894 5611 9
4894 5536 10
4894 5082 10
4894 5366 6
4894 5710 8
4912 5082 8
4912 981 1
4912 2961 3
4912 5459 1
4912 4930 9
4918 5305 4
4918 5584 2
4918 5538 3
4918 5615 5
4918 5543 6
4918 4920 3
4918 5692 8
4920 5572 6
4920 5625 2
4920 5305 2
4920 5119 6
4920 5584 4
4920 5538 10
4920 5543 7
4920 5615 4
4920 5900 8
4920 5692 9
4930 5074 9
4930 5362 9
4930 4863 6
4932 5329 10
4932 5071 7
4932 5049 2
4932 5888 2
4932 5149 4
4932 5483 10
4932 5246 7
4932 5633 2
4938 5038 1
4938 5559 1
4938 5453 10
4938 5724 5
4938 5344 5
4938 5167 5
4938 1230 3
4938 5297 10
4938 5033 7
4938 5036 3
4938 5061 6
4938 2923 6
4938 5485 1
4938 5623 2
4938 5206 6
4968 5867 10
4969 5366 1
3800 5106 7
3800 4931 5
4979 5082 3
5008 5074 8
5033 5344 1
5033 5036 5
5036 5344 8
5036 5485 8
5039 5740 1
5046 5879 2
5046 5494 6
5046 5049 3
5046 5775 8
5046 5477 5
5046 5867 9
5049 5879 5
5049 5633 2
5049 5867 8
5049 5907 3
5061 5344 4
5061 5485 5
5062 5452 10
5068 5243 2
5068 5787 10
5068 5166 9
5068 5536 9
5068 5082 6
5068 5366 7
5071 5477 4
5071 5867 4
5071 5879 4
5074 5362 10
5074 5166 7
5074 5459 10
5074 5175 5
5082 5243 10
5082 5857 3
5082 5820 3
5082 5166 9
5082 5536 10
5082 5459 8
5082 5366 4
5082 5710 4
5082 5836 8
3822 5166 8
5090 5867 4
5098 5376 4
5116 5243 9
5119 5625 7
5119 5584 10
5119 5538 3
5119 5396 7
5119 5543 1
5134 2853 7
5134 5672 2
5149 5879 10
5153 5584 1
5166 5787 9
5166 5243 9
5166 5611 6
5166 2961 4
5166 5857 1
5166 5536 6
5166 5366 2
5166 5710 7
5166 5836 9
5777 5483 6
5209 5325 4
5221 5851 2
5221 5319 9
5234 5827 1
5234 5775 4
5243 5787 9
5243 2961 6
5243 5611 3
5243 5536 9
5243 5366 7
5243 5836 6
5246 5867 9
5246 5633 10
5246 5483 7
5285 5625 5
5285 5305 8
5285 5584 9
5285 5538 6
5285 5396 6
5285 5543 2
5285 5615 4
5300 5584 3
5305 5584 7
5305 5538 7
5305 5615 7
5305 5900 5
5305 5417 1
5305 5543 1
5317 5325 6
5325 1003 2
5325 4419 9
5325 5711 7
5325 5894 7
5329 5799 2
5329 5867 5
5329 5879 5
5344 5485 1
5346 5376 1
5352 5668 5
5366 5857 9
5366 5536 4
5366 5459 10
5366 5836 2
5376 5800 7
2853 5672 10
2853 5626 5
5391 2923 8
5396 5584 10
5396 5538 3
5396 5615 9
5396 5900 10
5417 5538 6
5417 5543 5
5417 5692 6
5457 5787 10
5459 5611 5
5468 4931 6
5477 5867 10
5477 5704 5
5481 5572 4
5481 5538 8
5483 5879 8
5483 5888 3
5483 5867 6
5483 5494 3
5483 5907 8
5490 5867 1
5494 5879 3
5494 5867 7
5536 5857 2
5536 5820 5
5536 5710 8
5536 5836 10
5538 5625 5
5538 5543 2
5538 5692 5
5538 5572 10
5538 5584 8
5538 5615 8
5538 5900 9
5543 5625 1
5543 5584 10
5543 5615 4
5543 5900 3
5543 5572 8
5543 5692 3
5561 5867 5
5561 5879 2
5572 5584 4
5584 5625 1
5584 5872 4
5584 5692 3
5584 5615 8
5584 5900 9
5611 5857 3
5611 5820 1
5611 5710 6
5615 5625 2
5615 5900 3
5625 5900 7
5626 5672 7
5627 5800 10
5633 5879 8
5633 5867 10
5635 5879 4
5635 5867 6
5659 5183 6
5704 5799 4
5710 2961 4
5771 5794 4
2961 5857 6
2961 5820 10
5799 5879 7
5799 5867 8
5827 5867 6
5867 5879 5
5867 5888 5
5879 5888 9
