8 191 8
18 1160 6
18 2858 6
18 3280 4
18 5043 2
18 3781 8
18 1474 3
18 2299 9
18 484 10
18 1519 8
18 2654 4
18 5016 6
18 191 3
18 5343 2
18 1258 7
18 3334 10
18 24 7
18 4585 7
18 5142 7
18 821 7
18 1801 1
18 2570 9
18 271 6
18 3571 2
18 1740 8
18 2094 5
18 3387 8
18 2690 2
18 1294 4
18 4119 1
18 1390 7
18 4622 1
18 3615 4
18 1077 1
18 63 3
18 660 6
18 1832 5
18 2187 5
18 2121 5
18 267 7
18 3495 8
18 155 6
18 2267 9
18 703 6
18 2647 8
18 2239 4
18 2375 1
18 3074 9
18 2213 2
26 3445 1
28 4976 10
28 684 4
28 450 10
28 1877 3
28 5028 5
30 3428 9
30 477 1
33 4893 10
33 1166 8
33 4103 4
33 4942 2
33 1048 1
33 5791 3
33 5118 6
33 2420 2
33 1864 6
34 4806 3
34 5016 2
39 2242 9
39 2534 9
39 2216 10
39 4953 10
39 2678 7
39 1703 10
39 3807 8
39 1916 3
39 4112 6
39 5770 1
39 4667 3
39 739 9
39 3411 6
39 2342 1
39 4125 7
39 4928 7
39 4455 7
39 2642 2
39 2715 5
39 154 8
39 5833 4
39 4410 6
39 1518 7
39 4346 10
39 884 8
42 2777 3
42 3792 3
42 1323 8
46 719 4
46 2839 9
46 2534 4
46 2216 1
46 1042 1
46 4953 1
46 581 7
46 969 10
46 5015 5
46 5225 5
46 3513 5
46 2242 2
46 1703 4
46 5677 4
46 4587 10
46 5697 10
46 3807 10
46 4112 8
46 5770 5
46 3428 8
46 3594 9
46 4667 4
46 3488 4
46 5051 9
46 89 1
46 2161 6
46 739 1
46 3411 10
46 5081 3
46 2731 10
46 2342 7
46 4125 6
46 4903 9
46 2678 2
46 3031 9
46 4928 9
46 4455 1
46 2259 6
46 2715 5
46 154 8
46 5583 5
46 5833 10
46 3438 10
46 4410 8
46 1518 9
46 4576 1
46 4346 10
46 884 8
63 5343 7
63 2187 5
63 895 3
63 1893 2
63 5512 3
63 191 4
63 3615 1
63 3795 5
63 3901 8
65 3344 3
65 1041 7
65 1917 2
65 4364 6
65 5712 8
65 4576 7
65 5905 3
65 3156 4
65 4558 6
67 3576 2
67 4555 3
67 5800 5
67 5288 10
67 733 10
67 1824 3
68 351 5
68 4674 7
68 1003 8
68 4985 10
68 3806 8
68 4550 6
74 3440 2
74 1366 5
74 4678 7
74 3127 8
74 2960 10
74 688 10
74 4442 5
74 3424 5
74 4813 2
74 351 6
74 1003 4
74 5889 9
74 4985 9
74 4286 9
74 5295 1
74 334 6
74 2467 7
74 174 8
74 4576 5
74 4326 7
74 4674 8
74 5105 7
74 5800 9
74 3231 9
74 744 8
74 5905 4
74 4966 3
74 2900 3
74 5518 1
74 5423 9
74 622 5
74 3806 1
74 3734 10
74 4807 7
75 2270 7
77 684 6
77 3352 8
77 3478 4
77 1022 2
77 488 10
77 527 4
77 4982 3
77 832 4
77 3526 2
77 5434 2
77 5209 1
77 3879 6
77 2105 4
77 2388 9
77 1484 3
77 5800 9
77 2894 7
77 2758 1
77 1744 7
77 4755 6
77 4517 5
77 5901 1
77 3434 6
77 5686 2
77 2900 6
77 1324 7
77 1274 7
77 1197 10
77 2146 3
77 5486 10
77 3417 2
77 4471 7
78 5800 10
79 3257 4
82 2900 5
89 2534 6
89 2216 5
89 4579 7
89 4953 9
89 969 7
89 3807 6
89 3428 5
89 4667 8
89 5051 7
89 739 3
89 3411 2
89 5081 3
89 2342 1
89 4125 6
89 4928 4
89 4455 5
89 2259 8
89 154 7
89 5833 4
89 4410 6
89 2678 10
89 4346 10
89 884 1
91 5800 2
95 191 10
104 3073 4
104 5800 2
104 2428 2
104 2349 3
105 3344 1
106 1003 10
106 1916 3
106 2715 5
107 3806 3
107 3476 5
110 4576 5
116 2693 8
116 4107 7
117 520 1
122 5295 10
122 3127 7
122 794 6
122 3725 6
122 5656 9
122 3231 7
122 3156 5
122 2089 8
130 557 10
130 1704 9
130 2777 5
130 3792 1
130 3719 2
130 605 6
130 1323 2
130 5016 8
130 4729 4
788 2867 7
788 3975 5
788 191 7
135 690 9
135 505 6
135 1474 8
135 137 3
136 2691 3
137 2346 7
137 1938 9
137 5471 10
137 895 2
137 505 7
137 4394 9
137 1474 3
137 5227 5
137 4942 3
137 2472 7
137 5889 8
137 5791 2
137 5118 10
137 4107 10
137 2937 8
137 2641 1
143 3189 5
146 4940 1
151 5800 2
154 5156 10
154 2839 3
154 2534 6
154 2216 7
154 4579 4
154 4953 5
154 2678 4
154 5225 9
154 3513 8
154 2242 3
154 4538 7
154 1703 9
154 2465 2
154 3807 7
154 5770 1
154 3428 5
154 3594 1
154 4667 6
154 4216 1
154 5583 2
154 739 3
154 5081 3
154 2731 9
154 2342 2
154 4125 4
154 4903 7
154 4928 1
154 4455 1
154 4587 7
154 5833 6
154 655 2
154 4410 3
154 1518 1
154 5693 5
154 4346 9
154 884 6
158 5800 6
167 5800 8
169 5800 3
174 3806 4
174 3189 1
174 4326 2
174 5905 3
174 3156 4
174 4558 6
175 4985 6
4965 684 4
187 3181 2
187 3387 7
187 4058 1
187 1011 10
187 4652 9
187 2950 6
191 1343 5
191 4280 10
191 2307 1
191 3987 1
191 481 2
191 2608 2
191 4635 2
191 1842 5
191 2505 9
191 1095 6
191 284 8
191 3508 7
191 1927 5
191 3174 7
191 2614 2
191 496 6
191 3627 2
191 1360 9
191 3267 9
191 3535 3
191 3257 4
191 3615 2
191 5728 6
191 5828 5
191 2509 8
191 3634 3
191 1652 9
191 2900 1
191 5371 8
191 1750 1
191 3737 4
191 5113 3
191 1947 7
191 2152 6
191 1026 6
191 5343 1
191 2441 5
191 308 9
191 4302 4
191 401 2
191 217 6
191 1923 7
191 2824 9
191 4186 6
191 2164 9
191 3755 3
191 3583 2
191 4949 4
191 5066 1
191 4784 8
191 4873 1
191 600 8
191 1680 9
191 684 1
191 5043 3
191 233 3
191 1789 6
191 5470 10
191 2622 2
191 329 6
191 787 4
191 4507 2
191 1799 9
191 1406 7
191 5311 8
191 5313 5
191 4321 1
191 3571 10
191 3490 1
191 1893 2
191 3862 9
191 3495 5
191 4431 2
191 537 3
191 703 10
191 2953 6
191 3237 8
191 239 7
191 1519 7
191 1339 4
191 1228 9
191 3592 7
191 454 8
191 1230 8
191 1066 10
191 1003 8
191 2112 7
191 3975 8
191 4063 8
191 3795 1
191 4619 4
191 5097 7
191 1028 1
191 5253 1
191 895 6
191 5167 2
191 1827 5
191 2299 10
191 363 6
191 3604 1
191 1832 5
191 2187 1
191 2121 8
191 2209 1
191 1246 6
191 3516 7
191 271 7
191 1541 8
191 1542 5
191 4539 3
191 4732 2
191 823 9
191 2213 5
192 5800 1
24 5343 1
24 2187 10
24 3267 1
195 4813 5
205 2900 8
205 5800 7
218 5800 7
223 4410 7
223 2715 1
1324 2985 7
1324 1381 5
1324 1603 7
1324 4107 10
1324 3282 8
1324 775 6
1324 2693 1
1324 3518 10
229 2951 3
229 775 8
229 2688 9
230 4552 6
230 5476 2
230 4062 6
230 5764 7
230 5174 4
233 4408 4
233 1541 9
234 5317 3
239 5343 7
239 2187 5
239 3280 7
239 2209 1
239 895 7
239 3237 6
239 3326 5
239 3615 3
239 484 6
239 4395 5
239 3811 10
239 1390 5
239 5800 7
239 660 3
239 1047 6
246 5027 1
246 654 5
248 690 2
252 2900 3
252 5800 7
1519 3615 10
1519 1360 9
261 4792 7
261 4585 10
264 5066 7
267 3280 3
267 3265 7
267 546 1
267 484 8
267 703 10
267 3615 9
267 5728 6
268 1003 10
268 2434 9
268 1204 5
268 1916 2
271 3615 9
271 4539 3
271 484 1
278 3475 5
278 2635 4
278 2359 2
283 5800 4
290 4552 1
1744 5027 8
1744 830 3
1744 5861 2
1744 2782 6
1744 2661 2
1744 704 6
1744 3816 7
1744 397 1
1744 338 8
1744 466 10
1744 654 6
1744 2900 4
1744 3503 5
1744 450 9
1744 5507 3
1744 4944 10
1744 1280 6
1744 4367 1
1744 5800 8
1744 3071 7
294 5800 9
296 2777 8
307 1665 9
307 1891 2
307 5130 9
307 1864 9
307 5838 7
311 2224 9
316 739 9
316 2678 6
316 1027 6
316 2242 4
316 2715 2
316 2216 5
316 3807 6
316 2342 7
316 4125 8
316 4953 10
316 5833 1
316 969 7
316 4667 10
316 4928 4
316 1518 2
316 4410 6
316 4455 10
316 4346 7
316 884 6
323 684 3
323 466 3
323 450 4
323 5800 1
323 1280 10
323 1391 7
334 3156 6
334 3189 8
334 5518 8
334 4326 9
334 5735 5
334 5905 9
334 3806 5
334 4558 1
3042 5118 10
338 3503 1
338 2605 8
344 3690 1
344 477 4
344 3156 9
344 3028 7
344 351 3
344 1003 10
344 744 8
344 4191 4
344 5905 3
344 3806 8
344 1599 7
344 4558 1
351 4518 8
351 3028 6
351 1003 4
351 1204 1
351 3231 4
351 4966 1
351 4985 10
351 5905 8
351 3806 1
360 1221 1
2176 5522 5
2176 936 1
2176 3306 6
2176 4585 10
2176 1474 3
2176 4341 2
2176 5510 9
2176 5889 7
2176 4622 1
2176 4232 5
2176 5118 1
2176 3543 9
2176 3400 10
2176 3977 5
2176 5209 5
2176 4160 3
2176 5520 2
374 5800 9
380 5783 2
380 4982 9
383 5800 1
389 2406 5
389 5813 10
389 3781 5
389 442 1
389 711 7
389 3499 8
390 5800 7
393 2777 7
393 5066 5
393 5118 3
397 5886 5
401 496 2
401 1652 6
401 2614 8
401 1028 8
401 1343 2
401 787 7
401 3791 7
401 4280 10
401 3975 5
401 2953 7
401 1541 2
401 3987 2
401 5313 3
401 2867 1
401 2509 5
406 5800 9
407 2900 5
407 4433 5
407 2550 4
407 4871 9
407 752 1
411 5323 5
411 5066 8
411 4408 3
411 4673 2
411 2953 3
411 1179 10
411 1864 1
411 2509 1
427 5800 1
429 2900 9
429 5800 1
442 844 1
442 2433 10
442 4277 10
442 1474 4
442 1016 10
442 2472 4
442 890 5
442 4955 9
442 3670 2
442 1114 9
442 3744 3
442 711 1
442 1066 4
442 4585 7
442 2683 8
442 4959 2
442 1356 10
442 1927 6
442 2641 5
442 1673 3
442 2688 5
442 3490 1
442 2231 4
442 5118 8
442 5895 4
442 3861 6
442 1836 1
442 3370 9
442 5215 1
442 5237 3
442 5059 2
442 2371 10
442 1521 3
442 3393 8
442 3347 3
442 5800 7
442 4230 10
444 1555 2
444 5800 1
450 4184 3
450 5861 1
450 5720 6
450 3137 3
450 5534 8
450 3643 8
450 5617 2
450 695 2
450 3071 5
453 5800 6
455 5800 5
456 4893 10
465 3139 7
465 5118 7
465 3553 3
466 5027 9
466 4271 6
466 1877 7
466 3152 9
466 1402 9
466 654 9
466 5800 4
466 1280 6
477 4286 4
477 3424 5
477 3156 6
477 282 5
477 4798 5
477 2157 3
477 542 9
477 1665 2
477 744 2
477 5905 1
477 3794 10
477 4558 3
484 5343 3
484 2187 10
484 837 7
484 3334 2
484 3304 10
484 4966 9
484 3583 6
484 1390 5
484 703 10
484 4873 5
484 2152 9
484 5685 8
484 2299 4
484 5800 10
484 660 8
484 1258 10
484 3280 6
488 4982 6
488 3938 5
488 4471 8
488 3907 9
488 1952 10
488 3744 5
488 711 3
496 4619 3
496 3634 9
496 1652 4
496 1829 6
496 2329 1
496 4014 7
496 4949 5
496 1923 8
496 4060 7
496 1799 4
496 2953 7
496 3166 10
496 2622 9
496 3535 9
496 4302 8
496 2441 8
496 2614 5
496 5311 9
505 2472 3
505 1323 5
505 5791 1
505 5118 10
505 5449 3
505 2937 10
505 690 1
505 4394 10
505 5889 6
505 895 3
505 3387 5
505 1459 6
505 2777 7
505 4942 5
505 4196 4
505 5751 5
505 2346 7
505 2641 9
505 2137 1
505 775 2
505 1938 3
505 2693 8
505 4874 8
505 4107 3
506 2900 1
513 2346 6
519 3387 6
519 5800 10
520 2611 3
520 4492 4
520 5121 3
526 2642 4
526 1703 1
526 2216 1
526 3807 10
526 2342 3
526 3428 6
526 4410 7
526 4667 8
526 5051 8
526 3513 3
526 3678 6
526 4455 3
526 884 2
527 3781 6
527 4585 4
529 1366 9
529 3028 10
3165 2408 1
3165 995 7
3165 2406 3
3165 2375 2
3165 4275 10
539 4691 6
539 2406 10
539 1864 2
539 3001 4
539 5066 1
542 3428 2
542 1003 4
557 2851 4
557 1199 6
557 2900 8
557 2777 2
557 3792 10
557 3719 1
557 1323 2
557 4768 9
557 3048 6
564 5800 7
570 4255 7
570 4953 3
581 719 7
581 739 4
581 2839 2
581 2534 3
581 1916 6
581 1042 3
581 3807 3
581 2642 9
581 4112 6
581 4125 8
581 5833 7
581 3428 7
581 2678 10
581 917 4
581 3031 10
581 4410 4
581 5770 8
581 2242 2
582 1495 1
582 4757 4
584 1964 8
588 2944 4
588 5066 2
588 3719 2
588 4555 4
588 806 9
588 1323 10
588 733 10
588 1864 1
589 4362 3
593 5800 2
597 4673 1
598 4394 7
600 2509 3
605 4768 3
606 3334 6
610 884 9
612 3091 5
612 3425 10
612 2224 2
612 2429 7
612 5640 10
612 1003 7
617 5118 2
622 3156 4
622 5838 6
622 3028 3
622 3189 2
622 4147 9
622 4622 1
622 5735 4
622 4985 7
622 5905 7
622 5016 8
622 4326 7
622 4558 6
622 3806 1
628 2900 8
632 3189 2
636 5800 8
636 4322 2
638 3159 2
643 2250 6
643 1521 6
648 5800 7
649 3825 7
649 2688 4
649 3392 1
649 2704 5
649 2284 7
649 1884 3
649 3518 7
649 2586 1
653 2900 2
653 4966 7
653 1003 3
653 3806 8
653 3127 5
654 5027 5
654 4271 7
654 4833 8
654 921 6
654 2782 9
654 4744 1
654 4357 5
654 1369 3
654 4171 4
654 1557 9
654 5534 2
654 3071 3
660 1160 9
660 5343 9
660 2187 7
660 2121 1
660 2209 2
660 895 7
660 3237 10
660 3267 3
660 1360 2
660 4813 4
660 1406 6
660 5685 5
660 3615 7
660 4873 6
660 5738 3
660 5784 3
660 1832 10
660 1258 7
2588 3719 5
2588 1323 9
2588 5066 4
682 895 10
682 1366 4
683 2900 5
684 2229 5
684 3152 9
684 3099 7
684 3241 6
684 4004 8
684 2428 6
684 4637 9
684 4258 7
684 5534 10
684 695 2
684 2924 1
684 3850 7
684 869 10
684 5072 2
688 1972 2
688 1041 5
688 1917 9
688 3964 5
688 3189 5
688 1665 5
688 4547 10
688 2224 7
688 4678 7
688 3156 7
688 4286 7
688 4326 9
688 744 8
688 4558 9
688 3933 6
688 4518 3
688 3298 6
688 5518 2
688 5735 6
688 5905 1
688 4874 1
688 3806 8
688 3734 9
690 4394 4
690 1474 9
690 2472 5
690 5791 7
690 5118 5
690 3812 9
690 1864 8
690 2937 6
690 3719 9
690 4585 5
690 5227 4
690 5889 4
690 3680 7
690 2250 9
690 895 8
690 4942 8
690 5751 7
690 2346 8
690 2641 2
690 1938 3
690 2693 2
690 5066 1
690 1521 2
690 4107 10
691 2059 8
691 1798 7
691 5016 7
691 3387 8
695 4169 2
695 2900 5
695 702 9
695 3501 2
696 1106 10
702 4544 6
703 5343 5
703 3615 8
704 3073 2
704 3449 9
705 4271 3
705 4626 1
705 5800 7
705 2981 6
705 2679 8
705 3788 3
711 3343 2
711 4074 4
711 4982 4
711 5277 1
711 4959 4
711 4471 6
711 3907 5
711 890 10
711 1660 1
711 905 2
711 3744 5
719 2242 3
719 1916 4
719 4953 6
719 2678 10
719 1703 7
719 3807 9
719 2216 3
719 5770 2
719 3594 5
719 4667 9
719 5583 7
719 739 10
719 2342 2
719 4125 7
719 4928 9
719 4455 4
719 2715 2
719 5833 3
719 4410 10
719 1518 3
719 969 1
719 4346 5
719 884 3
733 5650 4
733 2390 6
733 5066 7
733 3918 5
733 2042 7
733 1864 1
733 2586 7
733 1301 2
733 3148 7
733 3576 7
733 5118 9
733 4555 5
733 1824 10
733 4478 4
739 5156 4
739 2242 9
739 2534 2
739 4579 7
739 1358 9
739 4057 1
739 5015 9
739 5225 5
739 3513 2
739 1703 7
739 5677 5
739 3428 8
739 5697 9
739 4346 1
739 1042 1
739 5770 5
739 4587 3
739 3594 7
739 4667 4
739 5051 3
739 4216 1
739 2161 4
739 3411 9
739 5081 8
739 2731 4
739 2342 3
739 4491 6
739 4125 10
739 3031 6
739 4455 8
739 2259 3
739 2642 1
739 5583 3
739 5833 4
739 3438 5
739 655 8
739 4410 1
739 1518 3
739 5693 10
739 3807 5
739 884 8
744 3690 8
744 5295 10
744 3156 4
744 3028 1
744 3127 9
744 1003 5
744 4576 10
744 1237 10
744 5905 9
744 4191 9
744 3806 5
744 4550 7
744 1599 6
744 4558 1
749 5800 8
752 3724 5
753 3293 10
753 5130 3
753 3425 7
753 5838 10
753 4044 10
753 4695 3
753 2429 8
753 1665 8
753 4558 4
753 1891 7
753 5905 7
753 3156 10
753 4807 6
759 3936 4
759 2780 9
759 1294 10
759 2950 5
759 3387 6
761 5800 3
4612 1003 9
764 5800 2
767 2858 2
773 2900 10
773 921 4
773 3932 2
773 5631 3
775 4081 8
775 5441 8
775 3387 9
775 2777 9
775 5066 5
775 5120 10
775 4942 8
775 2408 6
775 1323 6
775 5118 3
775 5881 7
775 1864 9
775 5236 5
775 2641 2
781 5317 7
781 2900 5
781 5800 5
785 1221 9
785 3350 2
785 3290 7
787 1343 10
787 5066 1
787 2622 10
787 2329 10
787 5262 2
787 5113 8
787 1789 4
787 1839 5
787 4060 6
787 2608 2
787 3423 1
787 1842 9
787 5529 8
787 5097 4
787 2441 1
787 4014 2
787 4569 1
787 4302 10
787 1799 10
787 5311 1
787 895 5
787 5436 7
787 4619 7
787 2447 4
787 4063 9
787 1923 2
787 4673 6
787 1827 9
787 3535 3
787 3138 1
787 3604 7
787 5279 8
787 1652 7
787 2976 3
787 4949 1
787 1095 10
787 1193 7
787 4295 4
787 5371 1
787 2953 1
787 3166 3
787 1542 6
787 2509 2
787 823 6
133 2937 2
804 5800 3
804 4367 2
806 3719 4
821 2472 7
821 5800 2
823 1842 4
823 2622 6
823 5097 4
823 3987 2
823 4302 4
823 5371 6
823 1827 6
823 1542 3
830 3503 2
830 5800 9
832 4081 5
832 4032 1
832 3262 10
832 2059 5
832 5402 4
832 5132 4
832 5522 6
832 1197 9
832 4755 10
5075 3719 2
5075 2777 1
5075 5118 7
844 2472 4
844 5614 5
844 5141 1
2116 5800 2
858 5800 9
869 2900 10
869 3063 10
874 5016 1
884 4255 4
884 2985 10
884 2242 3
884 2534 3
884 1042 7
884 1358 5
884 4057 4
884 969 6
884 5015 7
884 5225 2
884 3513 2
884 1703 4
884 5677 1
884 3428 2
884 3807 6
884 4112 1
884 5770 1
884 4587 1
884 3594 3
884 4667 3
884 3488 6
884 3652 1
884 4216 7
884 3678 4
884 2161 9
884 3411 4
884 5081 10
884 2731 4
884 2342 10
884 4491 10
884 4125 2
884 4953 9
884 5051 5
884 3031 2
884 4455 7
884 2642 8
884 5583 6
884 5833 5
884 3438 1
884 4410 2
884 1518 7
884 2678 10
884 5156 5
890 2921 1
895 3987 7
895 2472 7
895 3334 7
895 4394 4
895 4196 8
895 1390 4
895 5751 2
895 2299 3
895 2187 8
895 2693 7
895 4539 4
895 4107 7
895 2738 8
900 3475 4
902 2521 9
902 2144 3
905 4982 10
907 5118 3
917 2242 3
917 2715 4
917 1916 7
917 4346 6
917 2731 2
917 4455 2
917 2259 6
921 3763 6
921 5027 4
921 5317 5
921 2900 7
921 4544 10
921 2095 1
921 4145 7
921 5800 5
936 4038 1
936 2294 6
936 3543 5
936 1197 7
936 5486 4
947 2758 1
947 2294 5
947 3434 2
954 5800 4
962 3189 5
967 5886 2
969 2642 7
969 1703 1
969 5156 5
969 5081 9
969 2731 8
969 3807 1
969 2342 1
969 4538 9
969 655 4
969 4410 6
969 3678 3
969 5833 7
969 4667 2
991 3127 3
991 5295 3
991 3156 5
991 4558 9
991 5905 10
995 2406 5
995 2375 6
995 3781 9
1007 5083 3
1007 4599 10
1007 1338 4
1011 3577 10
1011 3159 6
1011 3387 10
1011 3859 3
1011 2997 9
1011 1294 7
1011 4652 7
1011 3119 4
1012 5311 5
1521 4114 1
1521 3347 2
1521 1670 10
1521 5141 7
655 2242 3
655 1916 5
655 4953 1
655 2678 4
655 1703 10
655 4112 5
655 3594 1
655 4667 5
655 3156 10
655 1358 3
655 5081 5
655 2342 7
655 4125 10
655 4928 2
655 3513 5
655 4558 6
655 2642 10
655 5833 1
655 4410 4
655 5905 8
1027 3411 6
1027 2242 8
1027 2172 8
1027 2715 4
1027 4491 1
1027 4112 3
1027 4125 1
1027 3428 10
1027 4410 2
1027 1518 3
1027 4928 6
1027 5051 7
3159 2780 4
3159 3119 1
3159 3387 6
3159 3181 2
3159 3859 9
3159 5066 4
3159 1864 4
3159 3936 2
3159 4226 3
3159 5118 6
3159 4652 10
3159 1074 7
1036 3073 2
1036 5800 9
1036 2428 10
1036 2349 6
1041 5295 4
1041 3933 2
1041 3344 3
1041 2534 2
1041 2731 9
1041 4125 6
1041 5770 9
1041 4674 6
1041 1003 10
1041 5105 4
1041 5800 2
1041 4576 10
1041 4928 8
1041 3127 6
1041 2161 1
1042 2534 1
1042 1916 8
1042 4953 3
1042 2678 7
1042 5015 4
1042 5225 7
1042 4455 7
1042 5677 4
1042 3807 8
1042 5770 3
1042 4667 6
1042 3488 2
1042 5081 10
1042 2731 9
1042 4125 4
1042 3031 6
1042 4928 2
1042 3513 1
1042 2259 10
1042 2715 6
1042 4410 7
1042 4346 8
1043 5800 8
1048 2688 1
1048 3719 4
1048 1166 4
1048 4893 4
1055 3838 1
1055 3736 4
1056 1863 9
1056 3001 10
1065 3781 5
1066 5441 5
1066 3490 10
1066 3980 10
1066 1474 10
1066 1927 7
1066 1379 8
1066 4959 6
1066 1114 4
1066 2531 1
1076 5800 1
1077 2472 3
1077 5800 2
1084 3475 1
1091 2406 4
1091 5118 5
1091 4585 3
1091 3387 10
1091 5066 4
1095 3423 10
1095 4619 8
1095 1028 1
1095 3987 7
1095 2441 1
1095 5066 4
1095 4408 8
1095 1193 4
1095 4673 4
1095 5371 8
1095 3535 10
1095 3166 3
1095 3138 1
1095 1864 2
1106 5464 10
1106 3719 7
1106 1166 1
1106 1864 6
1106 2709 5
1111 3189 8
1111 1387 6
1113 3791 4
1125 4153 9
1125 1474 2
1130 3179 9
1130 3265 8
1131 3891 6
1134 3806 7
1139 5016 7
1144 2693 8
1147 1003 9
1147 3486 2
1147 5735 9
1147 3476 10
1155 3293 9
1155 3891 7
1155 4695 4
1155 3284 2
1155 3868 1
1155 1864 6
1155 1665 4
1156 5800 1
1160 5343 2
1160 1390 10
1160 3280 5
1166 4893 1
1166 4103 2
1166 5066 8
1166 1364 9
1166 1864 1
1168 2693 2
1168 4107 2
1174 3475 4
1176 1381 2
1176 3282 4
1176 1603 10
1179 5066 7
1179 4408 10
1179 1799 9
1179 2953 8
1179 5241 7
1179 2509 4
1180 3028 5
1193 3891 10
1193 5838 1
1193 3987 6
1193 5066 6
1193 1323 4
1193 1665 7
1193 1891 1
1193 5905 4
1193 3156 6
1193 1864 6
1193 4558 3
1195 1695 2
1195 2900 7
1197 3262 1
1197 3434 3
1197 4032 7
1197 4081 5
1197 2059 1
1197 5597 5
1197 2388 2
1197 4517 2
1197 2294 4
1197 4622 10
1197 1398 10
1197 2064 3
1197 5522 10
1197 5132 8
1197 2758 1
1204 4792 6
1204 4550 7
1204 1003 10
1205 2900 8
1205 5800 1
1205 5889 9
1221 1417 6
1221 3387 8
1221 1965 7
1221 2124 2
1234 5800 3
1242 3781 9
1242 3678 9
4966 3806 6
1251 2777 10
1251 3792 10
1251 3719 7
1251 1323 10
1257 5800 10
1877 4976 4
1877 5028 9
1270 4234 7
4180 2346 5
1273 2937 5
1276 4153 7
1972 5800 3
1972 2900 7
1278 3445 9
1278 5066 4
1280 2965 5
1280 3152 7
2017 3719 9
2017 1323 6
1294 2780 10
1294 3387 4
1294 3181 8
1294 3576 6
1294 4792 10
1294 5496 8
1294 3887 5
1294 2429 10
1294 3936 8
1294 5800 6
1294 3398 2
1294 2700 9
1294 5118 1
1294 4652 10
1294 2950 6
1294 1928 5
1301 5066 9
1301 1864 8
1301 2042 3
1301 4555 5
1304 5800 3
1305 4491 4
1312 1916 9
1321 5101 8
1323 1366 8
1323 5650 10
1323 5713 9
1323 5553 4
1323 1474 4
1323 4440 2
1323 2860 5
1323 2997 3
1323 2743 4
1323 4768 8
1323 4153 3
1323 1864 4
1323 5157 7
1323 1704 6
1323 1668 8
1323 3462 8
1323 2885 6
1323 3719 7
1323 4585 7
1323 2940 10
1323 3672 2
1323 3680 2
1323 4422 10
1323 3228 4
1323 3387 3
1323 2777 8
1323 5118 3
1323 5800 9
1323 2277 2
1323 3604 8
1323 4729 1
1323 2137 2
1323 5066 5
1323 4829 3
1323 4107 2
1323 3792 10
1338 4599 10
1342 5066 2
1342 2406 4
1342 3719 8
1342 3781 7
1342 5227 2
1342 1505 6
1342 1864 3
1342 5279 5
1343 1842 2
1343 3987 10
1343 5066 1
1343 4408 6
1343 1923 4
1343 2953 9
1343 3166 10
1343 3975 7
1356 2960 6
1358 1703 4
1358 1916 9
1358 3807 9
1358 3428 7
1358 4667 6
1358 2161 6
1360 5343 2
1360 2187 2
1360 1390 4
1360 3267 9
1360 1541 4
1360 1964 6
1364 2450 4
1364 5464 9
1364 2693 5
1364 4107 10
1364 2102 7
1364 2709 5
1364 4893 8
1366 3156 7
1366 3344 8
1366 4547 1
1366 2059 10
1366 3028 6
1366 2224 4
1366 3189 9
1366 1003 7
1366 4326 9
1366 5905 1
1366 4649 8
1366 3806 1
1366 4558 10
1369 4744 1
1376 4107 6
1376 5016 1
1376 2937 10
1381 2953 3
1381 4757 7
1381 1501 7
1383 3387 5
1387 2900 6
1387 3912 6
1387 4251 2
1387 2778 7
1387 5800 7
1388 5016 6
1390 5343 9
1390 2187 9
1390 2121 2
1390 2209 9
1390 3237 2
1390 3267 4
1390 4813 1
1390 1406 4
1390 5685 6
1390 3615 1
1390 4873 7
1390 5738 9
1390 5784 6
1390 1832 5
1390 1258 4
1391 3152 4
1398 5522 3
1402 4976 7
1402 5066 7
1402 5028 10
1405 5066 2
1406 1964 8
1411 3254 8
1414 3400 9
2209 1964 8
1417 3350 7
1417 3290 4
1417 3232 9
2839 2242 6
2839 2534 6
2839 1916 2
2839 4579 5
2839 4346 7
2839 3899 3
2839 4125 9
2839 4953 5
2839 5833 8
2839 1518 2
2839 2715 1
2839 2678 9
2839 4667 2
2839 2216 7
2839 4928 9
2839 4455 6
2839 5770 8
2839 4587 9
2905 3503 8
2905 2270 7
2905 5800 7
2905 5317 6
1437 2900 7
1442 4367 1
1448 5236 1
1459 5066 2
1459 5118 5
1462 1745 2
1474 4196 5
1474 3244 6
1474 4207 7
1474 5118 3
1474 5016 4
1474 2224 1
1474 3387 6
1474 2346 1
1474 5751 6
1474 4792 8
1474 4585 9
1474 2858 9
1474 2472 3
1474 4153 2
1474 3334 7
1474 4555 4
1474 3344 7
1474 4232 3
3237 2187 7
3237 2299 1
3237 1964 7
1495 4890 10
1495 1501 4
1501 3282 5
1501 1603 7
1501 4757 10
1506 5800 2
1513 5066 8
1513 5118 2
1513 3445 2
1516 3936 10
1516 2780 10
1516 3907 3
1516 2875 9
1518 5156 1
1518 2534 1
1518 2216 5
1518 4579 10
1518 4953 3
1518 4057 9
1518 2678 2
1518 5225 5
1518 2242 10
1518 4538 3
1518 1703 9
1518 3428 7
1518 5697 3
1518 3807 1
1518 4112 9
1518 4587 2
1518 3594 7
1518 4667 8
1518 5051 9
1518 4216 6
1518 5583 4
1518 3411 1
1518 2342 7
1518 4491 8
1518 4125 1
1518 4928 6
1518 4455 7
1518 2715 3
1518 5833 8
1518 4410 7
1518 3255 8
1518 5425 4
1518 5693 9
1518 4346 3
1522 3938 1
1522 3112 2
1523 5316 1
1528 2158 10
4226 3387 8
4226 3181 10
1537 5800 9
1541 2307 5
1541 1652 10
1541 2622 4
1541 1028 8
1541 2441 7
1541 1842 4
1541 1799 10
1541 2953 2
1541 4732 10
1541 5828 8
1541 2267 5
1541 3737 7
1542 4280 7
1542 3791 4
1542 3987 4
1557 5027 8
1557 4271 4
1557 2189 6
1564 5798 4
1564 4613 5
1564 4213 4
1564 4276 2
1564 5316 5
1564 1565 2
1564 3112 3
1564 5409 2
1585 5800 8
1595 2780 3
1598 5800 2
1599 1958 8
1599 4547 1
1599 4985 9
1599 5905 1
1599 3156 10
1599 4558 4
1603 2953 9
1603 4757 6
1611 2418 5
1611 4794 3
1614 3255 7
1632 5800 8
1636 4107 2
1636 2693 5
1641 5800 5
1645 3425 5
1645 2429 5
1652 4507 6
1652 2614 2
1652 1028 2
1652 3987 7
1652 2441 3
1652 5066 1
1652 2953 7
1652 5313 3
1652 2509 7
1654 282 6
1654 4695 3
1654 1665 5
1654 5905 7
1654 3156 9
1654 4558 9
1658 4806 5
1658 5016 3
1660 5227 6
1660 4107 5
1663 3975 8
1665 5838 10
1665 3860 6
1665 3127 5
1665 3293 2
1665 3425 1
1665 3647 8
1665 1003 2
1665 1891 10
1665 1847 6
1665 3387 5
1665 4044 7
1665 5150 4
1665 4695 7
1665 5800 10
1665 5130 1
1665 2900 8
1665 2429 8
1668 3719 4
1668 1864 1
1670 2250 4
5212 4491 2
1673 1738 8
1673 1114 7
1673 3393 9
1675 5800 6
1682 1003 8
1686 4699 10
1693 1891 4
1693 4695 3
1693 3647 10
1693 5838 9
1693 5070 1
1695 3736 5
1695 910 7
1695 198 5
1695 4245 8
1695 5101 2
1695 3116 7
4516 5066 7
1228 5371 2
1228 2926 10
1703 2985 10
1703 2242 6
1703 2534 6
1703 2472 5
1703 5015 8
1703 5225 9
1703 3513 6
1703 5677 6
1703 4587 3
1703 5697 1
1703 3807 1
1703 2642 3
1703 4112 10
1703 5770 3
1703 3428 1
1703 3594 8
1703 4667 1
1703 5051 7
1703 3678 5
1703 2161 3
1703 3411 8
1703 5081 3
1703 2731 10
1703 2777 10
1703 2342 3
1703 4125 2
1703 4953 1
1703 3031 10
1703 4455 6
1703 5583 10
1703 5833 4
1703 4410 5
1703 4230 7
1703 4346 2
1704 2777 9
1704 3792 1
1704 2940 1
1704 4768 10
1714 3387 6
1714 5016 1
1730 2224 7
1737 3001 1
1739 4926 5
4710 3445 8
4710 2406 8
1745 4649 10
1754 879 2
1760 4168 1
1760 2167 2
1760 1028 10
1767 363 4
1789 3987 5
1789 5311 2
1792 4751 4
1792 4806 3
1792 5016 10
1793 3719 3
1793 2777 3
1793 5066 8
1796 4792 9
1796 5800 3
3282 2953 10
3282 4757 5
1799 2187 9
1799 1028 6
1799 3987 3
1799 1923 8
1799 363 3
1799 2509 5
1801 5343 4
3284 3868 4
1811 3387 1
1817 4558 6
1824 4424 5
1824 4102 2
1824 4585 5
1824 4555 7
1824 2042 10
1827 5097 7
1827 3987 5
1827 4302 7
1827 5371 1
1827 2926 1
1832 3583 2
1832 3280 3
1836 2429 3
1839 3987 5
1842 2187 8
1842 2614 4
1842 1028 7
1842 2307 2
1842 3467 2
1842 5066 10
1842 4627 9
1842 1923 5
1842 3190 9
1842 3987 6
1842 3174 2
1842 2509 4
1847 1891 8
1863 2406 5
1863 1864 6
1863 3001 3
1863 5791 5
1864 2406 7
1864 3891 3
1864 3719 3
1864 3001 4
1864 2137 1
1864 4555 4
1864 4196 1
1864 2509 6
1864 3825 6
1864 5262 9
1864 2390 6
1864 3553 4
1864 3387 5
1864 4673 3
1864 5066 9
1864 3394 4
1864 3215 10
1864 4893 1
1864 5130 4
1864 2329 9
1864 5236 5
1864 5070 10
1864 3868 3
1864 4056 6
1864 5118 2
1864 5791 6
1864 2688 3
1864 2777 5
1864 2392 1
1864 4729 4
1864 3344 10
5343 3387 10
5343 4622 6
5343 2570 7
5343 2346 8
5343 3280 4
1866 2900 1
1866 3912 2
1866 5800 7
1876 2900 2
1876 3063 8
1876 5800 7
1258 2187 5
1258 3398 2
1878 5317 5
1884 3392 5
1884 4362 1
1891 3293 6
1891 3440 4
1891 5838 9
1891 3647 3
1891 3298 2
1891 4044 3
1891 5150 4
1891 5287 9
1891 5130 10
1891 3868 8
1893 4539 9
1913 4196 2
1913 2406 5
1916 3440 9
1916 2581 5
1916 2534 5
1916 5403 5
1916 5015 3
1916 5225 3
1916 3647 9
1916 4587 3
1916 5697 9
1916 3807 10
1916 3060 3
1916 4112 1
1916 5770 7
1916 3428 3
1916 1003 6
1916 3488 6
1916 2161 2
1916 3091 6
1916 5081 7
1916 2731 1
1916 4695 2
1916 3031 5
1916 2259 8
1916 5677 5
1916 3438 10
1916 5905 7
1916 3476 6
1916 3734 2
1916 4579 4
1917 5580 4
1917 3231 10
1922 5101 6
5750 3334 3
5750 4585 8
5750 3543 8
1019 1247 6
1927 3490 1
1927 3980 5
1927 4959 4
1927 1114 3
1928 3387 2
1928 2937 8
1932 4234 9
1933 5800 2
1938 2937 3
1940 2679 3
1940 3345 4
1940 4613 4
1952 4234 4
1952 2900 10
1958 5295 6
1958 4255 10
1958 4518 3
1958 4547 8
1958 3899 7
1958 4364 5
1958 3127 9
1958 5800 1
1958 5423 5
1961 3189 1
1961 4585 1
1964 5253 1
1964 4431 2
1964 1016 6
1964 3257 2
1964 3583 8
1965 1003 10
1965 5800 5
1988 4234 2
2004 2813 6
2004 5464 3
2004 2709 6
2015 5800 3
2042 3387 7
2042 3918 2
2042 4555 4
2042 3518 6
2042 5118 1
2042 4917 6
2042 5236 10
2059 2900 4
2059 5118 8
2059 5016 4
2059 5209 8
2059 4813 5
2059 5889 1
2059 5800 2
2066 2472 5
2066 4153 5
2067 5118 9
2068 2937 6
2074 3859 9
651 5317 9
2079 2965 6
1829 1923 1
1829 5066 6
1829 1829 7
2089 3127 3
2094 5800 6
2102 2813 3
2102 5464 8
2102 2709 3
2105 4491 5
2105 5800 10
2121 2187 4
2121 3583 4
2121 3267 3
2121 4539 2
2121 5470 7
2121 3280 10
2125 2472 10
2137 2688 9
2137 2777 2
2137 5066 3
2137 3576 3
2137 5118 6
2143 5800 2
2144 3445 10
2144 2521 8
2153 4362 7
2158 3426 1
2158 3682 1
2158 2552 6
2158 198 9
2158 5250 4
2161 2242 7
2161 3411 10
2161 4953 10
2161 5225 7
2161 3807 10
2161 2216 1
2161 5770 5
2161 3428 6
2161 4667 4
2161 5051 3
2161 5583 10
2161 2731 5
2161 2342 2
2161 3031 2
2161 4928 2
2161 4455 1
2161 2259 9
2161 2715 9
2161 5833 5
2161 3438 10
2161 4410 3
2164 2509 5
2164 3166 8
2172 4255 1
2172 2715 5
2329 3987 2
2329 5066 2
2329 4408 2
2187 5043 3
2187 3280 10
2187 3334 9
2187 3267 2
2187 3615 1
2187 4873 3
2187 4539 10
2198 5800 9
2199 3440 4
2203 4792 5
2216 5156 4
2216 2534 9
2216 4579 7
2216 4953 9
2216 4057 2
2216 3513 5
2216 2242 8
2216 4538 7
2216 2465 5
2216 5697 9
2216 3807 3
2216 4112 10
2216 3428 5
2216 3594 5
2216 5051 9
2216 3411 5
2216 5081 9
2216 4491 10
2216 4125 7
2216 4455 4
2216 4587 6
2216 2715 10
2216 2427 6
2216 5583 5
2216 5833 3
2216 4410 9
2216 5693 3
2216 4346 8
2219 5118 5
2219 5066 2
2224 4286 8
2224 3127 6
2224 4674 6
2224 1003 5
2224 3625 6
2224 2960 7
2224 4985 6
2224 5905 7
2224 4550 1
2224 5889 6
2231 4277 7
2231 2433 7
2239 3344 3
2239 4585 5
2239 2472 10
2239 5800 7
2239 2346 4
2242 2985 2
2242 2534 4
2242 4579 3
2242 4953 2
2242 2678 1
2242 5015 1
2242 5225 9
2242 3428 7
2242 5697 7
2242 3807 4
2242 4112 9
2242 5770 9
2242 4587 7
2242 4667 9
2242 5051 4
2242 4216 2
2242 3678 5
2242 3411 4
2242 5081 3
2242 2731 5
2242 2342 1
2242 4125 8
2242 4903 10
2242 3031 10
2242 4928 2
2242 4455 9
2242 2259 7
2242 2715 4
2242 2427 9
2242 5583 5
2242 5833 7
2242 4410 1
2242 4346 7
2244 3518 7
2248 2900 9
2250 3224 7
2250 4114 4
2250 5141 7
2259 2534 3
2259 4953 8
2259 5015 6
2259 5225 1
2259 3513 4
2259 5677 9
2259 3807 5
2259 5770 10
2259 4667 10
2259 3488 3
2259 5081 8
2259 2731 5
2259 4491 9
2259 3031 6
2259 4455 4
2259 3438 4
2259 4410 9
2270 3960 2
2270 5800 7
2277 3719 6
2278 2294 6
2284 4362 4
2284 3518 9
2294 4234 1
2294 2388 2
2294 5686 9
2294 5132 8
2294 4699 5
2294 2758 8
2294 3400 5
2299 4873 9
2299 4363 7
2299 5800 4
2299 3901 1
2300 4792 5
2300 5813 2
2305 5800 7
2306 3189 2
2306 5800 6
2306 2900 8
2307 3423 5
2307 4014 8
2307 2953 9
2307 3166 3
2307 4060 1
2314 5800 3
2322 5800 4
2342 2985 9
2342 2534 8
2342 4579 9
2342 4953 9
2342 5015 7
2342 3513 8
2342 5677 6
2342 4587 6
2342 5697 4
2342 3807 2
2342 4112 6
2342 5770 7
2342 3428 4
2342 3594 1
2342 4667 3
2342 5051 4
2342 3678 10
2342 3411 10
2342 5081 8
2342 2731 2
2342 4491 4
2342 4125 5
2342 4903 3
2342 3031 8
2342 4455 10
2342 2642 9
2342 5583 2
2342 5833 9
2342 3438 6
2342 2678 6
2342 5693 9
2344 4585 8
2346 2406 8
2346 4207 7
2346 4585 9
2346 2472 2
2346 4163 9
2346 5556 1
2346 4153 2
2346 2937 8
2346 4394 3
2346 4959 5
2346 4324 8
2346 4142 7
2346 4942 2
2346 4196 1
2346 5751 6
2346 3514 7
2346 3344 7
2346 2693 10
2346 2599 1
2346 3210 1
2346 4107 1
2346 3278 9
2349 2349 6
2349 3073 5
2349 5800 3
2359 3475 8
2359 3345 4
2359 5317 5
2359 4049 4
2359 3560 2
2359 3614 7
2359 2611 2
2359 3700 5
2359 5800 10
2376 1003 5
2376 5800 9
2388 3434 8
2388 5522 7
2388 4699 7
2388 5901 7
2388 4234 1
2388 3252 1
2388 3400 3
2388 2758 3
2388 5686 4
2388 2691 6
2388 5209 5
2388 4755 7
2390 3387 7
2390 2777 4
2390 5066 3
2390 4555 10
2390 5118 9
2392 2406 9
2392 3781 6
2392 4585 10
2397 5118 1
2397 2777 4
2397 5066 4
2405 5118 5
2405 5066 2
2406 4081 4
2406 4056 10
2406 3781 7
2406 4440 5
2406 5118 2
2406 3761 3
2406 4585 3
2406 5227 10
2406 3001 7
2406 4840 5
2406 3387 10
2406 3576 4
2406 5236 8
2406 4599 8
2406 2953 9
2406 4273 6
2406 2375 4
2406 5571 6
2408 4982 5
2408 3812 6
2408 4585 4
2408 5209 3
2418 2900 4
2418 3736 6
2418 5800 9
2418 5096 10
2419 2937 7
2427 4579 3
2427 4903 2
2427 4410 8
2427 4667 4
2427 5583 2
2428 5800 8
2428 336 6
2429 4147 1
2429 3425 5
2429 5838 7
2429 2977 2
2429 3455 1
2429 5905 4
2429 3156 1
2429 4695 9
2429 4792 1
2429 4558 4
2430 4049 10
2430 2611 3
2430 3345 5
2433 2939 5
2433 4277 1
2433 3861 10
2433 3347 2
2433 3812 8
2437 2678 9
2438 2900 1
2438 5800 1
3387 4081 1
3387 2997 7
3387 4853 9
3387 3011 2
3387 3148 3
3387 5118 6
3387 5809 6
3387 5016 3
3387 2833 5
3387 4404 3
3387 3719 1
3387 5698 3
3387 3518 7
3387 1003 4
3387 5889 1
3387 4020 6
3387 2780 8
3387 2543 5
3387 3859 7
3387 2777 7
3387 3576 9
3387 4450 6
3387 3887 5
3387 5800 8
3387 2700 3
3387 4089 6
3387 3604 2
3387 4652 2
3387 5236 8
3387 3425 1
3387 3577 7
3387 3181 5
3387 5066 9
3387 3326 7
3387 3936 5
3387 3119 10
3387 2926 6
3387 2950 3
3387 4314 6
3387 4875 6
3387 5496 8
3387 3984 5
2441 1028 7
2441 3987 6
2441 4507 8
2441 3535 1
2441 2509 4
2441 3166 6
2447 3987 7
2447 4408 6
2450 5516 8
2450 4417 8
2450 5464 3
2450 2709 3
2451 4666 8
2451 910 6
2451 336 7
2452 3347 4
2463 4547 7
2465 4953 5
2465 4125 2
2465 4410 2
2465 2678 6
2465 4455 8
2467 3806 3
2472 4394 5
2472 3781 8
2472 5072 4
2472 5791 4
2472 5118 9
2472 2936 5
2472 3561 9
2472 2937 9
2472 4585 2
2472 5227 6
2472 5889 4
2472 879 4
2472 2641 6
2472 4517 5
2472 2693 9
2472 4107 6
2478 5800 5
2501 5066 7
2505 3615 2
2505 2547 4
2505 4813 3
2505 3280 4
2509 3987 6
2509 5066 8
2509 4408 10
2509 3535 8
2509 4060 1
2520 5118 2
2520 3719 8
2520 2777 3
2520 5066 8
2521 3445 4
2531 4959 7
2532 4884 5
2534 4579 9
2534 4953 3
2534 2678 10
2534 5015 9
2534 4587 7
2534 3807 3
2534 3594 4
2534 4667 2
2534 5051 10
2534 5583 4
2534 3411 10
2534 5081 6
2534 4125 3
2534 4928 5
2534 4455 5
2534 2715 7
2534 5833 6
2534 4410 1
2534 4346 6
2543 5845 4
2545 3736 10
2550 3724 6
2552 4139 5
2554 5800 8
2581 3293 2
3411 4579 5
3411 4953 9
3411 2678 2
3411 4587 8
3411 3807 1
3411 3428 10
3411 3594 8
3411 4667 6
3411 5051 5
3411 5081 6
3411 2731 7
3411 4125 5
3411 4928 6
3411 4455 8
3411 4346 3
3411 2642 1
3411 5583 8
3411 5833 6
3411 4410 1
2586 5528 10
2586 4362 10
2586 2688 1
2586 3163 3
2605 2774 4
2607 5066 10
2607 2777 6
2607 5118 5
2607 3543 9
2608 3987 10
2608 1028 9
2609 3069 3
2609 3127 4
2609 4577 8
2611 2635 7
2622 3987 2
2622 3166 9
2635 3475 8
2635 3345 9
2635 5317 4
2635 4049 6
2635 3560 8
2635 3614 1
2635 5800 10
2637 3806 1
2641 4394 2
2641 5227 9
2641 4959 8
2641 5751 7
2641 2693 9
2641 4107 10
2642 2985 1
2642 4057 7
2642 3428 7
2642 5770 4
2642 4587 6
2642 5889 8
2642 5051 6
2642 3678 3
2642 5081 9
2642 4125 7
2642 3031 5
2642 4410 1
2654 5800 4
2658 5066 7
2661 4184 8
2662 2900 5
2667 5800 4
4147 3127 1
4147 1003 1
4147 5518 5
2679 4271 7
2679 4626 1
2679 5886 3
2679 5800 2
2679 2981 7
2680 3788 6
2680 5800 1
2680 5807 5
2680 5293 4
2680 5317 10
2683 2921 9
2683 5766 9
2683 5066 3
2686 4271 6
2688 3825 1
2688 4362 8
2688 5239 1
2688 5066 7
2688 4673 4
2688 4959 1
2688 2704 6
2688 2921 8
2688 3518 9
2688 4555 10
2691 3252 5
2691 4232 10
2691 5901 3
2691 3617 6
2691 4699 1
2691 2758 4
2691 5209 9
2691 4755 6
3425 5404 3
3425 5838 3
3425 4792 1
2693 4177 5
2693 5118 2
2693 5203 6
2693 4153 1
2693 2937 2
2693 5227 5
2693 5889 6
2693 4795 5
2693 3364 9
2693 4674 8
2693 4873 4
2695 2900 4
2698 3181 10
2704 4362 7
2704 3518 5
2709 5464 10
2709 2813 4
2709 5516 8
2712 5800 7
2713 5800 7
2715 4255 7
2715 5156 8
2715 4953 10
2715 4057 5
2715 5015 9
2715 4564 1
2715 3428 4
2715 5697 3
2715 3807 8
2715 3899 8
2715 4112 9
2715 4587 7
2715 3594 10
2715 3652 7
2715 4550 8
2715 2731 4
2715 4491 6
2715 5051 7
2715 3031 7
2715 4455 4
2715 3513 4
2715 5693 1
2715 4346 4
2716 4107 9
2723 5800 5
2723 5889 8
2725 5118 3
2727 3189 9
2731 4255 3
2731 4953 3
2731 4579 4
2731 5015 6
2731 5225 7
2731 5677 7
2731 3807 1
2731 3428 5
2731 3594 1
2731 4667 7
2731 3488 10
2731 3652 3
2731 5822 5
2731 5081 2
2731 5051 10
2731 3031 3
2731 4928 9
2731 4455 7
2731 5583 3
2731 5833 4
2731 4410 5
2731 4346 2
2738 3344 10
2743 2777 9
2743 3719 7
2743 4134 1
2758 3434 8
2758 5686 7
2758 4699 6
2758 4234 10
2758 3252 2
2768 3806 10
2774 5537 8
2774 2900 1
2774 5800 5
2774 4367 6
2774 4717 1
2776 3719 6
2777 5118 10
2777 4768 10
2777 4153 3
2777 3672 3
2777 3462 3
2777 2885 3
2777 3719 3
2777 2940 6
2777 3228 7
2777 3604 1
2777 4729 2
2777 3772 9
2777 5066 5
2777 3913 9
2777 5881 1
2777 4229 8
2777 4230 10
2777 3215 7
2777 4792 10
2777 3792 6
2778 3189 6
2780 3577 6
2780 5416 1
2780 4450 10
2780 3984 1
2782 4184 10
2782 2814 7
2786 1003 2
2813 5464 9
2824 5738 7
2824 4873 9
2851 5886 5
2857 5800 6
2858 4207 10
2858 4585 7
2858 5454 10
2860 4153 7
2860 3553 8
2860 4596 2
2861 4184 9
2861 4132 3
2861 5317 1
2867 3423 4
2867 4060 3
2875 4813 3
2884 4491 4
2885 3792 3
2885 3719 3
2900 4032 7
2900 4081 4
2900 2932 8
2900 4914 4
2900 910 4
2900 4954 3
2900 3503 6
2900 4132 6
2900 3763 10
2900 3014 4
2900 4940 1
2900 4585 4
2900 2965 9
2900 5142 10
2900 4367 8
2900 4322 1
2900 3724 5
2900 5317 6
2900 5018 1
2900 4622 2
2900 3116 10
2900 1230 8
2900 5359 10
2900 4199 9
2900 4544 6
2900 5432 6
2900 5066 4
2900 3074 6
2900 3898 8
2900 4603 6
2900 3254 7
2900 4175 4
2900 5876 4
2900 4806 4
2900 4693 8
2900 4411 10
2904 4585 1
2919 3445 2
2926 5294 4
2931 5066 10
2932 5800 5
2936 879 5
2936 5751 7
2937 3280 1
2937 4440 2
2937 3148 5
2937 5118 6
2937 4394 4
2937 5889 8
2937 4322 7
2937 4942 9
2937 5279 10
2937 4107 6
2937 4408 7
2939 3861 3
2940 3792 4
2940 3719 4
2944 5066 9
2950 3577 10
2950 3859 5
2950 2997 6
2950 4652 3
2951 5066 9
2953 4280 8
2953 3987 9
2953 3791 9
2953 4507 10
2953 3975 10
2953 5311 5
2953 5313 8
2953 1028 4
2953 3535 10
2953 4949 8
2953 4408 5
2953 4732 8
2960 4286 9
2960 5822 2
2960 3625 10
2960 3964 9
2960 3156 6
2960 3189 4
2960 1003 9
2960 5518 2
2960 4326 1
2960 5735 9
2960 5905 9
2960 5215 1
2960 4550 9
2960 3073 9
2960 4558 5
2960 3806 10
2965 4976 9
2965 1247 5
2965 3503 7
2965 5617 3
2965 3071 4
2977 5905 8
2977 3156 3
2977 4558 5
2977 5838 2
2985 4813 10
2985 4112 1
2985 4125 1
2985 3428 6
2985 3438 6
2985 2678 1
2985 4667 5
2985 3031 8
2985 4410 4
2985 4455 6
2985 5833 8
2995 5530 5
2995 5027 10
2995 4271 8
2995 5581 10
2997 3719 5
2997 5698 2
2997 5236 8
3001 5571 3
3014 5800 3
198 5649 10
3028 3690 4
3028 5295 2
3028 4674 10
3028 1003 2
3028 5105 7
3028 4576 7
3028 3806 5
3031 4953 4
3031 2678 9
3031 5697 7
3031 3807 2
3031 4112 3
3031 3594 8
3031 4667 9
3031 5051 6
3031 4125 2
3031 4928 4
3031 4455 6
3031 5833 1
3031 4410 1
3031 4346 2
3033 4792 8
336 4002 7
336 4271 9
336 910 10
336 4666 10
3043 5800 5
3048 3938 4
3060 4674 5
3060 3231 10
3063 5537 2
3063 3682 9
3063 4744 2
3063 4585 3
3063 4603 10
502 5800 4
3069 5735 10
3071 4184 10
3071 4271 7
3071 4613 9
3073 1003 6
3074 5800 3
3085 5066 5
3089 3347 6
3099 5800 10
701 3518 9
3112 4794 7
3112 4169 5
3112 4213 8
3112 3818 4
3112 5207 10
3112 5581 6
3112 5800 6
769 3189 7
3116 5101 8
3116 5800 7
3119 3181 6
4478 5317 1
4478 4585 5
4478 4555 2
4478 5800 6
3127 3964 8
3127 3850 10
3127 4547 10
3127 3241 8
3127 5889 5
3127 3156 9
3127 5423 2
3127 3725 4
3127 4558 2
3127 4518 9
3127 5735 8
3127 5905 3
3127 3806 5
893 4408 10
3138 3987 3
3138 1028 8
3139 4683 9
3139 5236 5
3139 5791 5
3142 4873 1
3148 1003 2
3148 5209 1
3148 5317 6
3148 4555 4
3156 3440 2
3156 4231 7
3156 4442 7
3156 3424 4
3156 3428 3
3156 1003 10
3156 4985 10
3156 4286 6
3156 5295 8
3156 4044 8
3156 4674 3
3156 5105 9
3156 4677 2
3156 3344 1
3156 5423 6
3156 3868 6
3156 3806 8
3156 3734 3
3156 5160 9
1028 3535 8
1028 3975 4
1028 5828 2
1028 3166 4
363 5800 1
363 4813 7
3166 3711 9
3166 4280 8
3166 5200 3
3166 3987 3
3166 4060 3
3166 1923 10
3166 3791 6
3166 4507 6
3166 5311 7
3166 5313 6
3166 3174 4
3166 2614 1
3166 3181 2
3166 3467 4
3166 4119 6
3166 3535 3
3166 5236 8
3166 4949 2
3166 5066 10
3166 3393 9
3166 4792 3
3170 5800 3
1114 5097 6
1114 3490 9
1114 3393 1
1114 4959 8
1114 4955 7
3174 5828 2
3181 3577 4
3181 3859 8
3181 4652 1
3189 3440 7
3189 5712 3
3189 4442 1
3189 3428 2
3189 1003 1
3189 4286 9
3189 5295 7
3189 4674 5
3189 4576 3
3189 3513 6
3189 3537 4
3189 4074 4
3189 5905 2
3190 1923 5
3191 5597 3
3191 5522 4
3210 3344 4
3214 4056 2
3215 5066 7
3215 5838 1
3215 5070 8
3217 5800 9
3218 5800 3
3225 4552 7
3228 3792 8
3231 4985 7
3231 3806 7
3244 1003 4
3244 3806 8
3244 4547 10
3247 3345 9
3252 3434 4
3252 5686 8
3252 5901 7
3252 4234 10
3252 4699 2
3254 1671 1
3255 4928 2
3255 3807 3
3255 4112 9
3257 4539 7
3257 3267 8
3260 5800 2
3262 5132 5
3262 5522 10
3262 5402 9
3267 3334 7
3270 4558 10
3271 4585 9
3278 5118 8
3280 5043 7
3280 4813 9
3280 4873 9
3280 5685 7
4678 1003 6
4678 4442 9
3285 5800 7
3293 5838 7
3293 3647 4
3298 3933 4
3298 4550 9
3298 5800 3
3306 3334 3
3306 4585 2
3306 3344 1
2045 5800 10
3326 5118 1
3326 3859 5
3326 4652 3
3334 3546 6
3334 4585 2
3334 5889 2
3334 4153 4
3334 5215 10
3334 3901 8
3343 4982 2
3344 3514 5
3344 3933 8
3344 4585 10
3344 4341 1
3344 5423 10
3344 5905 2
3344 5800 3
3344 4558 9
3344 4622 9
3345 4347 9
3345 5317 3
3345 3436 7
3345 3560 8
3345 3912 4
3345 5121 6
3345 5800 7
2196 4792 5
3347 4277 7
3347 3861 1
3347 3393 10
3347 4955 3
2282 4576 6
3364 4107 1
2301 3475 10
3370 4959 2
3374 5800 6
5476 4552 5
5476 4062 10
5476 5764 3
5476 5174 10
3376 3682 3
3377 5800 5
3385 3719 4
3385 5066 4
3392 3518 5
3392 4362 3
3393 4955 9
3394 3719 9
3394 5838 7
3400 4081 8
3400 4032 6
3400 5783 6
3400 4234 2
3400 4699 8
3400 5522 8
3417 5889 8
3423 3987 1
3424 3806 8
3424 3428 5
3424 1003 3
3424 5160 2
3424 5905 6
3424 4558 10
3426 3788 3
3426 3682 8
3428 4057 4
3428 2678 7
3428 5015 10
3428 3807 1
3428 4112 9
3428 3594 1
3428 4667 3
3428 3652 1
3428 4216 5
3428 4286 8
3428 4326 7
3428 4125 8
3428 4928 6
3428 4455 8
3428 4903 10
3428 4558 6
3428 4953 4
3428 5833 10
3428 3438 7
3428 4410 4
3428 5735 10
3428 5822 8
3428 5905 5
3428 5693 6
3428 4346 3
3434 4517 3
3434 5901 1
3434 4232 6
3434 4234 4
3434 4699 6
3434 3895 9
3434 5209 8
3437 3933 4
3438 3807 9
3438 4112 10
3438 4953 7
3438 5833 3
3438 4410 8
3438 4928 6
3438 4455 4
3438 5693 1
3438 5583 5
3440 4326 8
3440 5905 4
3440 3806 2
3440 4558 8
3445 4387 9
3445 5097 8
3445 3589 4
3445 4743 7
3445 5881 2
3445 3879 4
3445 4094 8
3445 4991 10
3447 5800 8
3462 3719 3
3462 4134 4
3464 4139 1
3468 5066 4
3471 5800 6
3475 5146 10
3476 1003 2
3476 4550 10
3476 3734 6
3484 5317 1
3484 5800 1
3486 1003 7
3486 3734 7
3488 3807 8
3488 4410 3
3488 4667 6
3488 4455 3
3489 5800 5
3490 4599 1
3490 3980 3
3490 4959 10
3490 5215 7
3491 5650 6
3496 5342 5
3496 3553 3
3496 4808 3
3496 5248 1
3496 3819 7
3496 5118 6
3496 4787 7
3496 4529 1
3501 4544 10
3503 5537 3
3503 5800 9
3503 4944 5
3503 4367 8
3503 4304 10
3513 4953 6
3513 2678 1
3513 3807 2
3513 5770 9
3513 4667 3
3513 5051 10
3513 4125 6
3513 4326 7
3513 4928 3
3513 4455 10
3513 4410 3
3518 5528 4
3518 4362 5
3518 5771 2
3518 5800 1
3518 4167 4
3518 3576 1
3535 3987 3
3535 4507 3
3543 5522 10
3543 4232 4
3543 5277 5
3553 4808 9
3553 5248 6
3553 4196 2
3553 5791 7
3553 4053 9
3553 4787 6
3553 5384 3
3560 4049 2
3561 5066 4
3561 5227 4
3569 3781 4
3576 4552 7
3576 4555 3
3576 4792 3
3576 5066 3
3576 4056 1
3576 3781 4
3576 5016 5
3577 3936 6
3577 4652 10
3583 4539 4
3590 5800 2
3594 4953 7
3594 4587 6
3594 3807 6
3594 4667 9
3594 5051 4
3594 5583 5
3594 5081 10
3594 4125 6
3594 4928 10
3594 4455 4
3594 5833 10
3594 4410 6
3594 4346 5
3604 5066 6
3604 4408 3
3604 3987 2
3615 4622 5
3620 5650 4
3625 1003 9
3627 4408 9
3627 5313 2
3634 1923 2
3634 2614 9
3643 5800 8
3647 5130 6
3647 4552 8
3647 5838 2
3647 4695 5
3647 5287 10
3652 4255 5
3652 5677 1
3652 4112 10
3662 5800 8
3666 4171 3
3670 4959 2
3672 5066 7
3672 3719 4
3678 4181 10
3680 3719 3
3680 3825 8
3680 5118 1
3680 5066 10
3680 4729 4
3682 4139 7
3682 5317 5
3682 5800 1
3682 5293 3
3682 5807 2
3682 5250 9
3682 3788 7
3690 4191 1
3690 3806 9
3711 5800 4
3719 5157 10
3719 5650 7
3719 3987 1
3719 5713 4
3719 5553 5
3719 4768 3
3719 5016 5
3719 5698 3
3719 5279 9
3719 4729 4
3719 4422 2
3719 4399 10
3719 5236 2
3719 3799 10
3719 5262 5
3719 5066 8
3719 3792 2
3724 4433 1
3724 4871 10
3734 5295 5
3734 5518 4
3734 5905 7
3734 4558 4
3736 5096 9
3736 5053 5
3737 5113 7
3744 5118 4
3744 4813 2
3755 5313 7
3781 5461 7
3781 4056 1
3781 4585 1
3781 5227 8
3781 5364 9
3781 4273 3
3781 5118 9
3781 3879 9
3784 4552 5
3788 4271 2
3788 5886 6
3788 5293 9
2614 4619 2
2614 4627 9
2614 4060 6
3791 4619 3
3792 4729 2
3799 5118 6
3806 4298 1
3806 4442 2
3806 1003 5
3806 5889 1
3806 4985 5
3806 4286 1
3806 4671 9
3806 4674 5
3806 5105 10
3806 4558 4
3806 5423 9
3806 5905 1
3807 4057 5
3807 5015 10
3807 5225 9
3807 5677 7
3807 4587 8
3807 5697 3
3807 4346 4
3807 5770 2
3807 4667 1
3807 5051 8
3807 5081 7
3807 4125 9
3807 4953 2
3807 4928 7
3807 4455 1
3807 5583 3
3807 5833 3
3807 4410 10
3807 2678 7
3807 4579 1
3811 4585 8
3812 5615 5
3824 4271 4
3825 5528 5
3825 4362 6
3825 5066 7
3825 4555 2
3841 5800 3
3843 5800 8
3853 4768 6
3859 5496 9
3859 4058 9
3859 4652 10
3859 5698 5
3861 4277 2
3868 5838 6
3868 5640 8
3868 4399 9
3868 5905 9
3868 4558 5
3899 5583 7
3907 4982 6
3907 3938 9
3907 4471 7
3907 5905 8
3913 4286 10
3913 1003 5
3913 5822 4
3913 5905 5
3918 4555 2
4603 5800 6
3932 5800 8
3932 5671 5
3932 4544 8
3933 5712 6
3933 1003 8
3936 4450 6
3936 3984 1
3938 4982 10
3940 4982 1
3947 5118 9
3964 4518 8
3964 1003 4
3964 4576 2
3975 4507 6
3980 5800 4
3987 5066 8
3987 4014 9
3987 5113 9
3987 4060 5
3987 5529 9
3987 5097 1
3987 4569 5
3987 4302 7
3987 5311 3
3987 5436 1
3987 4619 8
3987 4063 3
3987 1923 3
3987 4673 2
3987 5279 3
3987 5262 5
3987 4949 10
3987 4295 2
3987 5371 2
4002 5800 2
4002 4666 8
4002 910 9
4002 5317 7
4622 5522 9
4622 5889 6
4622 4207 3
4622 5209 6
4622 4873 7
4622 1003 1
4622 5800 5
4622 4232 6
4032 5889 7
4032 4813 8
4032 1003 2
4032 5800 8
4044 5838 9
4044 4695 1
4044 4558 4
4044 5905 2
4056 5227 9
4056 5800 3
4056 5571 2
4057 5081 2
4057 4953 4
4057 5833 5
4057 4410 6
4057 4667 3
4057 4928 4
4057 4455 5
4057 4346 7
4060 1923 6
4060 5113 2
4062 4552 5
4062 5174 8
4062 5764 8
4074 4959 4
4081 5889 4
4081 4408 4
4081 5066 9
4081 4813 1
4081 1003 8
4081 5800 2
4096 4792 4
4103 4893 2
4107 4177 8
4107 4585 2
4107 5118 1
4107 4153 8
4107 5016 6
4107 4394 10
4107 5227 7
4107 5889 8
4107 4674 10
4107 5751 8
4107 4873 7
4109 5066 1
4112 4953 8
4112 4587 2
4112 4346 2
4112 5770 7
4112 4667 2
4112 5051 7
4112 4216 7
4112 5081 10
4112 4928 2
4112 4455 1
4112 5833 10
4112 4410 6
4125 4579 1
4125 4953 9
4125 5015 5
4125 5833 10
4125 5697 6
4125 5770 7
4125 4667 3
4125 5051 1
4125 5583 2
4125 5081 4
4125 4928 4
4125 4455 4
4125 4587 7
4125 4410 1
4125 4346 5
4139 5293 2
4139 5807 2
4139 5250 4
4140 5800 2
4142 5369 4
4142 4231 8
4145 5800 2
2678 4953 6
2678 5015 8
2678 4447 10
2678 5770 4
2678 4667 5
2678 5051 5
2678 5583 10
2678 5081 7
2678 4928 6
2678 4455 9
2678 4587 2
2678 5833 7
2678 5697 2
2678 4410 7
2678 5085 9
2678 4346 9
2678 4579 8
4148 5800 2
4153 4751 8
4153 4585 3
4153 5016 2
4153 4792 5
4160 5209 5
4160 4699 5
4163 4207 4
4167 5800 10
4169 4794 2
4169 5096 10
4169 5140 6
4169 4322 1
4171 5027 3
4171 4833 2
4171 5800 3
4171 5534 5
4184 4347 6
4184 5317 5
4184 5800 7
4184 5293 8
4186 5113 10
4196 4808 6
4196 5248 1
4196 5118 5
4196 4787 9
4199 5800 5
4203 5317 1
4207 4792 2
4207 4585 4
4207 5751 2
4216 4953 7
4216 5833 2
4216 4410 1
4216 4667 9
4216 4928 2
4216 4455 1
4216 5693 4
4219 5800 3
4230 4959 9
4230 4926 10
4230 5629 5
4231 4364 7
4231 5556 5
4231 5905 4
4231 4558 4
4232 4517 1
4232 5522 8
4232 5783 2
4232 4585 8
4232 5277 3
4232 5686 9
4232 5132 4
4234 5686 1
4234 5209 2
4238 5800 8
4241 5800 7
4255 5822 4
4255 4953 3
4271 5861 9
4271 4744 4
4271 5886 2
4271 4322 4
4271 5800 1
4271 2981 4
4271 4666 4
4280 4619 8
4286 1003 9
4286 5735 5
4286 4442 7
4286 4326 5
4286 4558 5
4286 5905 10
4302 1923 4
4302 5097 5
4302 5371 5
4304 5800 4
4304 5317 2
4314 4768 1
4322 5546 6
4322 5800 6
4322 5140 5
4324 4585 1
4326 5295 8
4326 5712 2
4326 4674 2
4326 1003 4
4326 4442 9
4326 4576 6
4326 5905 7
4346 5156 3
4346 4953 4
4346 5015 9
4346 5225 6
4346 4587 3
4346 5697 10
4346 5770 6
4346 4579 2
4346 4667 1
4346 5051 4
4346 5583 4
4346 5081 10
4346 4491 10
4346 4928 1
4346 4455 3
4346 5833 7
4346 4410 10
4346 5693 5
4349 5800 6
4683 5118 3
4683 5791 2
4363 5470 7
4364 5905 6
4364 1003 5
4367 5800 4
4382 5800 8
4394 5227 8
4394 5889 1
4394 5791 4
4404 5496 6
4408 5262 10
4408 5066 7
4408 4673 7
4410 4953 2
4410 5015 7
4410 5225 9
4410 4538 8
4410 5677 7
4410 5697 2
4410 5770 4
4410 4667 9
4410 5051 5
4410 5081 4
4410 4491 8
4410 4903 2
4410 4928 9
4410 4587 4
4410 4455 1
4410 5583 6
4410 5833 5
4410 5156 5
4410 5693 1
4410 4579 10
4411 5800 2
4440 5066 6
4442 1003 3
4442 5735 3
4442 5905 5
4442 4558 10
4455 4953 8
4455 5015 10
4455 5225 3
4455 5677 5
4455 5697 8
4455 5770 3
4455 4579 6
4455 4667 8
4455 5051 1
4455 5081 9
4455 4491 6
4455 4903 10
4455 4928 10
4455 4587 1
4455 5583 5
4455 5833 5
4455 5156 4
4455 5693 5
5656 5295 6
4466 5800 9
4471 4982 7
4491 5856 4
4491 4953 8
4491 4667 5
4491 5051 4
4491 5585 8
4491 4928 4
4491 5833 8
4507 5311 9
4517 5209 6
4518 4547 6
4518 1003 9
4518 5800 9
4518 4985 4
4518 4576 5
4518 4577 3
4524 5066 4
741 4550 3
4538 4579 4
4538 4953 3
4538 4903 10
4538 5833 3
4539 5435 2
4547 1003 6
4547 5105 2
4547 5423 4
4547 4985 2
4547 4649 10
4549 5800 5
4550 5822 8
4550 1003 4
4550 4985 7
4550 5905 6
4552 5174 9
4552 5764 7
4554 5317 8
4554 5800 6
4555 5066 10
4555 5118 4
4558 1003 6
4558 4985 8
4558 5295 5
4558 4674 7
4558 5105 2
4558 4677 8
4558 5423 7
4559 5800 8
4564 5160 3
4576 5735 2
4579 4953 6
4579 5833 10
4579 4667 9
4579 4903 4
4579 4928 1
4585 5118 1
4585 5072 1
4585 5215 4
4585 5227 7
4585 5510 9
4585 1003 3
4585 5889 9
4585 5317 10
4585 5800 10
4585 4649 9
4587 4953 10
4587 5770 2
4587 4667 4
4587 5051 2
4587 5583 6
4587 4928 8
4587 5833 6
4599 4959 6
4613 5507 7
4613 5293 7
4616 5800 9
4619 1923 6
4621 5800 2
4626 5886 10
4626 2981 8
4649 4664 4
4650 5800 9
4652 5294 6
4667 5015 6
4667 5225 9
4667 5677 3
4667 5697 4
4667 5770 10
4667 5051 5
4667 5081 9
4667 4903 10
4667 5800 2
4667 4928 9
4667 4953 2
4667 5583 8
4667 5833 1
4667 5156 3
4667 5693 9
4673 5066 6
4674 5735 10
4674 5905 10
4677 5905 6
4684 5423 1
4691 5066 7
4695 5838 10
4699 5686 4
4699 5209 8
4700 5118 2
4726 5800 3
4729 4768 9
4744 5207 7
4744 5800 2
4751 5016 1
4755 5686 2
4757 4890 10
4768 5904 7
4792 5262 6
4792 5016 7
4792 1003 6
4792 5147 8
4792 5800 7
4792 5905 8
4794 5800 4
4794 5140 9
4801 5800 4
4806 5800 4
4806 5016 2
4807 5838 3
4808 5016 6
4808 5236 3
4813 5456 5
4813 5066 4
4813 4955 5
4813 5072 3
4813 5294 10
4832 5435 8
4832 4991 8
4833 5534 4
4840 5227 3
4851 5800 6
4860 5800 4
4862 5435 9
4862 4991 3
4874 5227 6
4875 5066 1
4884 5800 2
4893 4942 10
4893 5791 1
4903 4953 9
4903 5770 7
4903 5697 7
4903 5225 2
4903 5583 3
4917 5066 6
4926 5629 7
4928 5156 3
4928 5225 4
4928 5833 9
4928 5697 5
4928 5770 6
4928 5051 2
4928 5081 5
4928 5583 6
4928 5693 1
4940 5800 7
4942 4952 8
4944 5800 3
4953 5156 9
4953 5015 2
4953 5225 6
4953 5677 4
4953 5697 4
4953 5770 7
4953 5051 2
4953 5081 6
4953 5583 10
4953 5833 1
4953 5693 1
4956 5118 2
4959 5059 2
4959 5573 9
4959 5895 6
4959 5800 7
4962 5130 6
4962 5066 9
4974 4982 4
4985 5580 10
4985 1003 8
4985 5889 10
4985 5735 4
4985 5905 8
4991 5377 1
5001 5066 4
5011 5800 6
5015 5051 6
5015 5583 4
5015 5833 4
5016 5800 10
5018 5800 1
5028 5409 3
5035 5800 3
5051 5833 1
5051 5677 9
5051 5081 5
5066 5713 5
5066 5725 7
5066 5262 10
5066 5288 6
5066 5118 4
5066 5378 1
5066 1923 2
5066 5567 3
5066 5571 1
5066 5767 6
5066 5144 4
5066 5130 1
5066 5236 7
5066 5323 9
5066 5239 1
5066 5157 7
5066 5698 1
5070 5130 10
5070 5838 6
5072 5800 8
5081 5697 7
5081 5770 2
5081 5833 8
5081 5735 10
5091 5800 8
5093 5800 6
5105 5735 5
5105 5905 1
5113 5311 6
5118 5227 7
5118 5889 4
5118 5128 5
5118 5751 6
5118 5899 10
5118 5643 10
5121 5800 7
5132 5402 5
5140 5800 10
5142 5800 1
5156 5833 5
5160 1003 5
5209 5522 5
5209 5325 4
5209 5686 4
5209 5486 6
5214 5800 10
5215 5889 5
5225 5833 2
5227 5751 8
5232 5580 1
5232 1003 1
5232 5518 10
5236 5279 1
5248 5800 2
5250 5807 8
5250 5293 7
5287 5838 1
5294 5800 10
5295 5518 10
5295 5905 1
5311 1923 2
5316 5537 1
5317 5795 7
5317 5432 9
5317 5800 9
5317 5325 6
5325 1003 2
5347 5800 7
5354 5800 10
5365 5800 6
5376 5800 7
5378 5889 1
5388 5800 5
5404 5838 2
5412 5886 3
5413 5886 6
5423 5735 8
5423 5905 1
5432 5800 5
5435 5377 10
5464 5516 8
5466 5800 9
5496 5809 7
5518 1003 1
5527 5800 4
5537 5800 4
5539 5800 7
910 5800 6
5546 5800 8
5574 5800 10
5583 5677 9
5583 5697 9
5583 5770 4
5583 5833 5
5599 5800 10
2924 5800 6
5627 5800 10
5634 5800 10
5677 5822 4
5677 5770 10
5677 5833 8
5680 5800 3
5686 5901 10
5693 5833 10
5697 5833 4
1003 5838 1
1003 5735 5
1003 5905 3
5748 5800 8
5751 5889 4
5751 5791 4
5770 5833 7
5783 5800 8
5795 5800 5
5800 5855 5
5800 5882 2
5800 5884 7
5800 5885 8
5800 5886 6
5800 5889 3
5800 5897 10
5800 2981 1
5886 2981 2
