# Local nodes
36
79
80
81
86
105
107
113
123
132
141
150
151
166
172
173
184
186
189
195
203
204
210
211
212
219
221
225
231
235
251
256
272
274
279
280
284
292
299
306
309
319
329
332
335
347
349
354
355
358
359
370
376
378
382
388
403
408
415
416
429
457
460
471
485
499
513
516
523
527
549
550
552
561
576
584
589
590
592
597
600
603
609
613
640
658
659
666
670
679
681
683
699
706
723
726
730
745
767
777
786
805
811
814
815
817
821
824
837
843
850
863
877
880
883
912
923
925
932
938
941
958
960
964
983
985
992
997
1016
1017
1023
1031
1043
1045
1053
1057
1062
1064
1065
1077
1078
1082
1086
1092
1100
1102
1127
1141
1158
1181
1187
1188
1191
1194
1196
1205
1211
1213
1217
1225
1230
1241
1242
1246
1268
1271
1272
1274
1277
1289
1305
1314
1322
1339
1341
1362
1363
1371
1378
1384
1400
1404
1410
1414
1421
1422
1431
1434
1438
1440
1441
1453
1470
1474
1480
1481
1484
1489
1496
1499
1508
1513
1526
1530
1559
1587
1588
1589
1595
1620
1624
1627
1633
1641
1643
1644
1647
1651
1653
1674
1678
1686
1691
1692
1709
1711
1723
1731
1732
1741
1752
1753
1755
1756
1758
1766
1767
1772
1773
1774
1783
1786
1794
1800
1805
1809
1811
1814
1825
1838
1843
1846
1852
1853
1855
1859
1869
1894
1902
1915
1942
1947
1955
1962
1968
1970
1973
1974
1984
1987
1990
2001
2002
2026
2036
2041
2059
2067
2071
2082
2083
2105
2114
2120
2146
2153
2173
2174
2220
2223
2232
2233
2236
2239
2248
2255
2257
2275
2283
2287
2298
2310
2320
2328
2352
2356
2358
2361
2362
2367
2369
2373
2393
2401
2445
2453
2466
2475
2479
2480
2485
2488
2500
2503
2508
2512
2515
2516
2526
2535
2537
2547
2551
2562
2572
2580
2593
2595
2599
2613
2617
2619
2626
2628
2629
2631
2632
2645
2648
2657
2662
2666
2690
2695
2697
2703
2707
2714
2719
2720
2723
2738
2744
2749
2753
2761
2763
2770
2781
2786
2791
2793
2795
2801
2804
2818
2819
2823
2829
2843
2847
2872
2873
2874
2882
2883
2884
2894
2898
2906
2909
2929
2934
2955
2966
2969
2970
2976
2986
2988
3004
3007
3024
3032
3041
3043
3050
3055
3070
3076
3082
3083
3090
3092
3094
3100
3107
3110
3111
3114
3118
3123
3131
3144
3151
3158
3163
3172
3176
3177
3178
3204
3205
3210
3213
3219
3223
3233
3241
3243
3248
3263
3271
3281
3292
3294
3299
3306
3324
3335
3336
3352
3363
3364
3365
3380
3398
3404
3408
3409
3414
3417
3420
3439
3441
3451
3459
3464
3466
3470
3478
3486
3487
3497
3508
3509
3514
3527
3533
3534
3536
3539
3545
3549
3554
3569
3582
3587
3606
3613
3627
3631
3636
3642
3646
3649
3686
3691
3705
3709
3714
3730
3735
3754
3777
3782
3793
3801
3809
3815
3829
3848
3850
3856
3862
3865
3867
3869
3872
3875
3879
3903
3916
3926
3931
3952
3973
3974
3981
3996
3997
3999
4008
4010
4011
4012
4023
4026
4032
4034
4041
4050
4061
4065
4068
4072
4080
4081
4086
4090
4092
4102
4113
4115
4118
4119
4123
4134
4135
4152
4160
4163
4166
4170
4180
4181
4188
4194
4204
4206
4208
4211
4212
4242
4246
4257
4260
4263
4264
4265
4266
4273
4284
4285
4290
4315
4316
4324
4334
4341
4348
4360
4369
4373
4378
4386
4401
4406
4418
4421
4427
4456
4463
4470
4476
4483
4489
4494
4512
4514
4517
4525
4526
4528
4532
4535
4570
4592
4595
4597
4602
4604
4610
4618
4621
4622
4625
4643
4660
4668
4679
4686
4691
4703
4705
4731
4756
4763
4767
4772
4778
4782
4785
4799
4823
4831
4838
4843
4844
4846
4857
4878
4885
4887
4897
4901
4906
4952
4964
4965
4972
4989
4997
5011
5026
5038
5042
5059
5069
5072
5075
5076
5079
5104
5114
5117
5124
5137
5147
5148
5151
5159
5163
5167
5176
5180
5195
5201
5205
5206
5211
5212
5213
5214
5224
5235
5241
5255
5257
5269
5271
5275
5277
5280
5290
5299
5310
5326
5341
5349
5358
5364
5365
5374
5378
5411
5414
5415
5416
5421
5424
5425
5434
5441
5445
5461
5462
5486
5489
5495
5503
5505
5508
5510
5520
5523
5524
5525
5540
5551
5559
5562
5577
5578
5582
5585
5602
5608
5610
5636
5638
5646
5657
5661
5663
5682
5691
5696
5701
5709
5715
5726
5736
5745
5750
5753
5757
5773
5776
5778
5781
5788
5793
5797
5802
5805
5808
5815
5816
5818
5824
5826
5837
5841
5856
5868
5871
5873
5880
5891
5895
5901
5902
# Ghost nodes
11
12
18
61
69
77
91
96
98
108
112
116
131
133
135
137
147
175
179
190
191
202
222
232
277
282
302
320
333
362
363
383
387
393
420
434
442
464
479
484
494
510
531
539
541
553
563
568
571
598
622
633
648
684
690
691
697
707
711
724
770
775
784
787
806
832
878
885
895
907
936
940
965
973
996
1001
1003
1014
1061
1066
1075
1091
1113
1125
1145
1147
1149
1150
1159
1163
1165
1172
1179
1197
1215
1222
1234
1258
1282
1288
1294
1323
1324
1333
1340
1346
1359
1366
1374
1385
1397
1398
1408
1443
1456
1458
1466
1468
1482
1511
1517
1518
1544
1571
1581
1590
1655
1680
1684
1717
1791
1793
1798
1822
1824
1864
1871
1881
1904
1907
1908
1921
1928
1938
1946
1948
1952
1960
1961
1964
1965
1969
1986
2009
2034
2068
2076
2086
2094
2095
2123
2176
2209
2218
2224
2245
2256
2296
2330
2346
2355
2357
2371
2386
2388
2397
2398
2403
2406
2408
2463
2470
2472
2486
2493
2505
2509
2511
2527
2528
2558
2565
2586
2589
2607
2630
2634
2646
2654
2684
2685
2689
2691
2693
2698
2705
2725
2727
2736
2743
2745
2751
2764
2777
2780
2788
2815
2830
2831
2835
2858
2863
2890
2900
2904
2948
2951
2959
2964
2978
2979
2993
3006
3008
3009
3011
3013
3014
3026
3036
3058
3072
3078
3081
3087
3095
3104
3105
3117
3127
3147
3162
3166
3175
3203
3208
3211
3230
3234
3244
3252
3256
3257
3270
3278
3305
3313
3317
3334
3344
3367
3370
3387
3396
3400
3402
3403
3434
3445
3460
3462
3472
3476
3484
3491
3526
3541
3543
3546
3550
3561
3574
3576
3595
3597
3598
3603
3609
3615
3617
3641
3656
3668
3678
3680
3696
3699
3718
3719
3720
3731
3734
3744
3759
3768
3779
3781
3799
3803
3806
3841
3846
3852
3885
3904
3925
3947
3977
4003
4009
4076
4096
4107
4117
4139
4153
4156
4172
4193
4196
4207
4217
4220
4232
4243
4248
4253
4293
4294
4317
4328
4356
4362
4366
4391
4408
4424
4459
4478
4479
4482
4491
4496
4508
4521
4549
4555
4571
4585
4665
4673
4687
4692
4699
4700
4707
4711
4726
4730
4740
4749
4750
4759
4789
4791
4792
4796
4804
4813
4815
4829
4845
4873
4874
4938
4942
4945
4959
4970
4974
4975
4993
5001
5016
5041
5052
5065
5066
5085
5086
5088
5099
5118
5125
5128
5144
5178
5189
5191
5209
5215
5229
5294
5307
5313
5333
5343
5355
5388
5412
5418
5419
5444
5446
5459
5480
5482
5497
5522
5539
5553
5560
5566
5584
5599
5619
5621
5627
5643
5667
5678
5686
5705
5729
5751
5763
5779
5785
5800
5801
5877
5882
5884
5889
5896
5899
