# Local nodes
1
9
10
35
44
45
47
60
61
93
94
114
115
118
129
133
155
159
162
171
179
185
190
196
207
209
218
224
240
244
247
262
265
269
287
302
315
343
368
369
384
386
395
417
425
426
435
458
461
472
474
475
478
482
508
518
519
522
529
530
531
533
541
548
562
568
569
575
579
587
594
599
618
624
669
678
696
700
712
713
740
747
756
757
758
763
772
779
782
826
831
846
856
878
886
901
908
911
914
926
929
935
937
944
950
955
984
989
994
999
1002
1006
1009
1014
1025
1032
1059
1089
1109
1112
1120
1122
1129
1145
1149
1150
1169
1189
1192
1200
1215
1226
1238
1240
1245
1250
1264
1276
1286
1287
1295
1296
1308
1311
1317
1320
1326
1328
1336
1347
1380
1382
1385
1394
1395
1396
1397
1403
1413
1415
1436
1450
1460
1465
1506
1507
1511
1514
1531
1540
1543
1553
1560
1571
1573
1575
1582
1590
1614
1618
1619
1635
1649
1667
1690
1698
1705
1718
1746
1748
1761
1762
1769
1770
1778
1785
1802
1820
1822
1823
1826
1836
1848
1850
1862
1871
1872
1890
1896
1898
1904
1920
1924
1938
1956
1965
1971
1978
1982
1983
1989
1995
1998
2010
2019
2027
2031
2034
2035
2037
2040
2054
2066
2069
2072
2078
2081
2093
2096
2100
2101
2104
2106
2109
2118
2125
2129
2141
2156
2163
2168
2175
2179
2202
2203
2207
2208
2209
2211
2215
2225
2238
2253
2266
2272
2273
2291
2295
2313
2326
2339
2360
2371
2372
2379
2381
2395
2396
2399
2415
2423
2425
2440
2448
2460
2469
2482
2491
2496
2497
2498
2513
2522
2553
2556
2559
2561
2565
2594
2596
2612
2620
2634
2673
2687
2705
2726
2728
2733
2735
2736
2754
2787
2796
2798
2810
2811
2816
2817
2822
2841
2842
2845
2850
2859
2868
2877
2880
2904
2911
2925
2932
2933
2942
2948
2993
2994
3002
3008
3009
3016
3027
3030
3066
3068
3075
3080
3102
3108
3113
3117
3125
3126
3133
3146
3149
3155
3168
3182
3185
3188
3200
3201
3209
3211
3226
3229
3236
3251
3269
3279
3283
3286
3291
3295
3296
3305
3314
3315
3317
3321
3329
3356
3367
3379
3403
3419
3433
3443
3452
3457
3463
3477
3485
3506
3507
3510
3517
3522
3531
3544
3550
3551
3565
3566
3572
3575
3589
3600
3601
3603
3609
3611
3616
3618
3621
3623
3637
3638
3644
3645
3653
3655
3671
3675
3679
3696
3697
3699
3702
3706
3707
3710
3727
3728
3750
3757
3765
3766
3768
3779
3811
3813
3821
3835
3849
3853
3863
3866
3870
3890
3900
3908
3909
3924
3937
3943
3944
3945
3955
3957
3962
3965
3977
3979
3995
3998
4001
4005
4045
4051
4054
4066
4069
4079
4083
4088
4096
4099
4100
4101
4105
4111
4128
4137
4144
4156
4173
4179
4183
4193
4201
4202
4205
4217
4228
4239
4250
4259
4282
4299
4301
4312
4314
4323
4333
4337
4356
4365
4380
4381
4405
4413
4417
4436
4439
4453
4457
4460
4462
4467
4468
4487
4493
4496
4500
4519
4520
4534
4541
4567
4575
4583
4593
4624
4632
4640
4642
4645
4647
4648
4704
4709
4714
4721
4730
4739
4741
4742
4748
4754
4759
4762
4769
4789
4793
4796
4815
4820
4827
4847
4855
4883
4888
4896
4898
4899
4900
4937
4941
4960
4967
4977
4998
5005
5009
5012
5019
5020
5025
5034
5047
5055
5077
5078
5080
5086
5091
5108
5120
5138
5144
5152
5168
5169
5188
5199
5210
5222
5231
5240
5256
5261
5268
5272
5304
5321
5324
5350
5353
5355
5357
5359
5360
5361
5379
5387
5388
5389
5420
5430
5471
5472
5474
5478
5479
5488
5502
5509
5533
5539
5541
5545
5549
5554
5557
5565
5593
5604
5606
5607
5622
5632
5641
5652
5654
5670
5675
5678
5684
5699
5705
5707
5708
5718
5719
5723
5729
5730
5737
5765
5786
5789
5814
5819
5825
5831
5840
5846
5848
5858
5890
5904
# Ghost nodes
0
11
18
25
36
59
112
126
137
146
147
151
191
227
231
239
253
280
293
350
394
419
442
462
464
469
505
506
571
626
641
660
668
690
694
705
734
736
775
873
876
918
1003
1061
1067
1106
1115
1137
1184
1190
1199
1221
1263
1324
1340
1366
1372
1374
1390
1419
1429
1447
1454
1456
1466
1474
1485
1594
1655
1707
1742
1907
1909
1928
1964
2013
2046
2059
2060
2067
2094
2097
2111
2113
2160
2176
2186
2192
2217
2276
2288
2297
2298
2334
2386
2429
2437
2450
2472
2485
2511
2560
2580
2639
2695
2745
2757
2765
2788
2815
2851
2900
2917
2930
2937
2973
3004
3018
3028
3029
3074
3079
3094
3099
3140
3162
3192
3210
3241
3255
3268
3306
3387
3401
3445
3539
3576
3595
3608
3673
3752
3756
3842
3850
3959
3981
4048
4061
4068
4071
4080
4153
4155
4158
4175
4253
4268
4274
4395
4484
4485
4498
4501
4525
4537
4549
4585
4622
4653
4672
4750
4761
4768
4792
4835
4872
4874
4920
4946
4951
5011
5065
5066
5084
5125
5134
5163
5263
5308
5312
5342
5369
5396
5449
5538
5543
5560
5574
5584
5598
5615
5621
5666
5683
5760
5763
5768
5800
5817
5867
5906
