3 1449 2
11 5694 6
11 1091 2
11 3331 9
11 5882 10
11 3460 4
11 1478 8
11 2767 10
11 3947 2
11 4711 10
11 3720 9
11 492 7
11 4570 4
11 464 3
11 3576 3
11 5480 7
11 3491 5
11 4967 5
11 2097 1
11 1605 5
11 5442 4
11 1581 4
11 4248 2
11 3925 9
11 4076 10
11 5393 8
11 2195 6
11 5570 4
13 1864 1
22 1664 2
22 4015 6
22 264 7
22 1777 9
22 1232 10
22 1074 9
22 5226 5
22 1804 10
22 5128 4
22 2180 3
22 5288 7
22 2030 8
22 3624 6
22 3301 6
22 3056 3
22 1864 5
22 5279 4
22 4961 1
26 503 1
26 3445 1
26 2951 9
26 2520 1
26 4874 2
26 5590 1
26 3744 7
26 1864 1
26 3278 9
26 2958 6
32 1300 9
32 1864 3
33 4103 4
33 1048 1
33 2420 2
33 1864 6
40 1118 3
53 2408 1
54 1912 3
54 4795 1
57 4254 9
57 4479 3
57 4706 3
57 2582 6
57 4853 4
57 4516 4
57 2409 5
57 1449 6
57 1664 2
57 633 3
57 3056 4
57 1232 1
57 1487 3
57 1821 10
57 2180 7
57 2030 4
57 4961 8
57 1074 8
57 1804 3
57 2972 9
57 5128 2
57 264 10
57 5618 10
57 5279 3
57 987 2
57 5226 3
57 1777 10
57 1584 6
57 3301 1
57 5647 1
63 3901 8
67 3576 2
67 5288 10
73 2949 3
73 3635 1
83 3491 5
83 3620 4
98 3576 6
101 3947 7
101 1930 1
101 2725 10
101 5346 10
101 4692 10
101 3831 1
101 4874 10
101 5796 9
111 2180 10
111 264 2
112 978 10
119 2579 8
119 2591 4
119 2956 2
119 4874 1
120 616 4
120 4400 10
120 4482 3
132 5307 5
136 524 1
136 3831 3
136 1091 1
136 5882 1
136 3460 6
136 3617 10
136 5628 2
136 3020 3
136 3720 10
136 4692 9
136 3680 9
136 464 6
136 3576 2
136 1932 9
136 1689 10
136 771 3
136 3491 8
136 4988 2
136 2691 3
136 1581 7
136 5643 6
136 4248 8
136 598 5
136 2646 1
136 3925 2
145 633 7
145 2972 8
152 2954 6
152 948 6
155 3576 8
158 277 7
158 4740 4
158 490 2
158 2725 5
158 464 5
158 3576 7
158 4459 4
158 5346 6
158 3147 6
158 598 7
158 2776 6
158 1210 9
158 3491 10
158 5800 6
158 3680 5
158 5772 2
158 4874 4
158 1864 3
168 3402 6
168 3617 2
175 277 2
175 4274 10
175 5178 2
175 2408 3
175 3354 3
175 1091 9
175 3896 10
175 4861 2
175 1986 1
175 4635 3
175 383 7
175 3088 5
175 3720 6
175 1736 9
175 3266 3
175 1517 7
175 4339 5
175 4195 5
175 1932 3
175 3268 5
175 1921 8
175 3270 1
175 5191 7
175 4917 1
175 3635 7
175 1747 8
175 5643 7
175 2139 7
175 3101 1
175 4849 3
175 1946 4
175 3641 9
175 3831 2
175 2153 6
175 3460 1
175 1864 10
175 2725 6
175 5228 4
175 933 1
175 3020 1
175 2689 7
175 3022 8
175 1288 3
175 4740 9
175 5029 9
175 771 10
175 5480 4
175 5482 7
175 3207 1
175 2453 4
175 1581 3
175 598 10
175 2646 4
175 2831 4
175 940 9
175 4874 9
175 4126 5
175 3081 10
175 1591 7
175 3285 5
175 2357 1
175 609 2
175 1207 3
175 4692 2
175 3680 3
175 3042 5
175 5052 2
175 4422 7
175 617 10
175 3574 9
175 5772 5
175 1073 1
175 1689 7
175 3491 5
175 3322 10
175 5870 10
175 4429 1
175 4430 4
175 3578 10
175 1605 10
175 2951 8
175 1606 10
175 536 4
175 2671 7
175 4248 3
175 5102 10
175 3925 7
175 5422 7
175 2855 5
175 2195 1
175 1899 3
175 5694 9
175 5157 4
175 5747 2
175 3147 2
175 5333 3
175 255 8
175 5882 9
175 4444 1
175 1817 7
175 2132 2
175 1617 6
175 4985 6
175 5393 6
175 3597 4
175 464 8
175 5345 9
175 5899 1
175 176 4
175 1710 9
175 1443 1
175 2598 8
175 4713 8
175 5088 9
175 4076 5
175 907 3
175 3519 4
175 4328 5
4589 3576 3
4589 1881 1
4589 5643 10
4589 4340 3
4589 1864 4
4589 2355 10
4589 5307 6
4589 4916 6
4589 5882 9
4589 4874 8
4589 2009 6
4589 276 2
189 3147 8
191 4635 2
3022 277 3
3022 3831 7
3022 5882 3
3022 1864 9
3022 490 5
3022 2725 10
3022 3617 6
3022 464 4
3022 1210 2
3022 4692 3
3022 3680 1
3022 5772 9
3022 5796 5
3022 1930 4
3022 2776 6
3022 5346 7
3022 4700 1
3022 5899 9
3022 3270 7
3022 3578 6
3022 2324 7
3022 4874 1
202 4459 3
210 1948 9
210 2009 10
222 683 4
222 264 9
1324 2180 5
1324 1074 6
229 2951 3
1006 464 1
1006 3576 8
248 2408 10
248 690 2
248 5615 2
254 1015 7
256 3947 8
258 737 2
258 2502 7
258 1714 3
258 567 8
258 1423 4
258 4653 7
258 2444 4
258 4482 5
264 4706 2
264 5066 7
264 2836 7
264 1722 2
264 4516 2
264 5288 1
264 3370 7
264 2607 5
264 3385 8
264 1864 9
264 5279 4
264 3624 5
277 5178 5
277 5714 2
277 1091 9
277 4916 9
277 2881 8
277 4635 9
277 490 7
277 383 4
277 3088 1
277 1736 5
277 3266 10
277 1517 6
277 1846 2
277 4339 9
277 2135 8
277 1930 2
277 4195 4
277 1932 9
277 2893 3
277 3268 9
277 3270 4
277 2324 6
277 5643 4
277 2139 6
277 3732 8
277 2717 10
277 4849 6
277 1946 8
277 3641 5
277 3547 6
277 3831 1
277 3740 9
277 3460 2
277 1864 3
277 1478 6
277 2725 10
277 2059 4
277 3020 3
277 2776 7
277 1288 7
277 4740 8
277 5125 4
277 771 5
277 5480 4
277 5482 8
277 1581 10
277 598 3
277 2646 9
277 2831 1
277 5393 1
277 4874 4
277 5041 2
277 4126 8
277 3285 6
277 1207 2
277 3947 10
277 4692 8
277 1210 5
277 1798 8
277 5228 4
277 3680 8
277 3042 9
277 5052 4
277 617 1
277 4039 10
277 3574 9
277 3576 7
277 5772 5
277 4243 8
277 1689 5
277 3491 1
277 3322 2
277 3234 5
277 3578 6
277 1605 4
277 2951 6
277 1606 7
277 4248 2
277 5694 7
277 3051 5
277 5157 6
277 4974 4
277 3147 10
277 5333 1
277 4150 8
277 5882 9
277 2863 7
277 3972 2
277 4713 9
277 1617 5
277 3597 8
277 3598 8
277 464 2
277 5346 2
277 5899 3
277 2009 6
277 3346 2
277 4459 2
277 4700 5
277 3519 8
277 4328 4
281 5590 7
289 4948 3
295 617 2
295 3598 1
295 4962 6
295 1864 10
295 2493 7
295 4874 5
295 5590 2
295 3270 3
296 2777 8
296 1729 5
296 296 3
296 1864 7
298 875 7
301 4956 8
301 4274 9
301 3597 9
301 4874 1
301 1864 7
301 5830 2
305 5348 3
305 5139 8
307 1864 9
313 4907 1
313 4300 5
313 668 8
313 5139 7
313 2751 6
330 795 2
330 4795 5
333 503 10
333 1544 1
333 5578 5
333 3207 6
333 2951 1
333 3576 7
333 2978 3
333 3925 2
333 821 8
333 4874 4
333 3545 1
333 1517 1
3042 1581 9
3042 2931 8
3042 4459 10
3042 5178 10
3042 3547 9
3042 3831 4
3042 1091 2
3042 5882 5
3042 5118 10
3042 5307 8
3042 3617 10
3042 490 10
3042 2725 7
3042 3088 1
3042 1864 5
3042 464 3
3042 1210 2
3042 2132 3
3042 1736 6
3042 3680 3
3042 5772 4
3042 2658 8
3042 617 1
3042 5796 5
3042 5125 2
3042 1930 9
3042 2776 9
3042 3576 1
3042 5346 6
3042 3628 2
3042 4700 4
3042 5899 3
3042 2009 6
3042 1710 7
3042 3578 1
3042 2324 5
3042 536 1
3042 5643 9
3042 3732 1
3042 1749 9
3042 598 3
3042 4150 1
3042 4874 10
342 722 8
342 4734 1
342 1788 7
342 5203 4
342 1423 1
342 4482 2
342 3193 4
342 737 4
342 2178 3
342 3804 5
342 2502 7
342 567 6
342 616 1
342 2444 5
342 795 9
342 4795 6
342 3771 8
342 5666 2
342 1655 8
342 1144 5
342 2696 2
342 5605 10
342 924 8
342 538 7
342 4653 9
352 4874 8
352 4692 9
352 1930 10
352 2725 3
352 5796 8
362 2650 9
362 1300 5
362 2344 4
362 3469 7
362 5646 3
362 1864 6
4995 4874 8
4995 5714 6
4995 875 7
4995 4195 8
4995 1864 10
383 3051 6
383 3759 2
383 4459 2
383 3354 3
383 5882 5
383 3285 3
383 3460 7
383 1864 1
383 4444 9
383 503 8
383 4711 3
383 3617 4
383 4366 1
383 3680 6
383 5125 4
383 3576 1
383 1932 1
383 5346 1
383 5800 1
383 2618 9
383 3606 4
383 2122 1
383 5643 8
383 3732 8
383 1749 1
383 2831 9
383 663 8
383 4874 8
383 5570 6
387 574 8
387 503 5
387 4195 9
387 5568 9
387 3576 2
387 4602 2
387 4109 7
387 5733 2
387 4129 10
387 1864 10
387 1478 8
389 3499 8
393 2886 3
393 2068 2
393 783 8
393 2777 7
393 5066 5
393 2959 10
393 1513 3
393 2408 10
393 5553 5
393 1118 4
393 1398 8
393 3576 10
393 5118 3
393 4078 9
393 2607 1
393 3561 1
393 5189 7
393 1864 5
393 3499 6
393 3680 7
398 765 2
398 3574 10
398 5643 9
398 2149 9
398 5274 5
398 1948 5
398 3740 3
398 1747 8
398 5882 3
398 2195 3
398 3632 2
398 3576 8
400 503 3
400 1946 9
400 3797 2
400 5643 1
400 1864 4
400 717 8
400 1091 1
400 5870 6
400 5882 1
400 4874 1
400 617 7
400 3270 7
403 3641 5
406 3576 1
411 5323 5
411 1864 1
413 3947 9
413 5442 9
413 4389 8
413 3020 9
413 5376 4
413 5393 5
413 492 1
413 5882 10
413 3096 3
413 3557 2
413 2097 2
70 5342 9
70 2420 2
3052 3576 8
3052 1881 3
3052 3020 10
3052 3354 10
3052 5882 8
3052 617 7
3052 1864 9
426 5125 7
427 3576 7
427 5800 1
439 3947 6
439 5613 9
439 3617 8
439 492 3
439 5442 8
441 1689 10
441 2958 5
441 3081 6
441 3576 5
441 933 8
441 2408 10
441 4366 5
441 3831 7
441 5870 9
441 617 7
441 1864 9
441 4973 1
442 3370 9
446 574 10
446 503 6
446 933 4
446 1581 5
446 3164 7
446 5088 2
446 4340 8
446 5346 7
446 598 2
446 3925 4
446 4874 3
446 1864 2
446 1710 7
446 5801 7
447 503 7
447 3405 2
447 5896 9
447 3669 8
447 2520 8
447 1864 1
447 3278 5
455 3759 3
455 3576 4
455 1932 3
455 1751 10
455 5800 5
455 4124 10
455 3285 5
455 3460 7
456 3081 1
456 4962 4
456 933 2
456 907 6
456 4340 7
456 3617 3
456 1864 5
456 1048 9
456 4874 10
456 617 5
456 3270 2
456 4893 10
464 1581 9
464 2931 8
464 5178 9
464 2791 7
464 5307 4
464 2881 6
464 1864 3
464 4444 10
464 1793 3
464 2725 7
464 4713 10
464 933 1
464 2029 10
464 1210 7
464 3680 6
464 2658 9
464 536 5
464 5796 10
464 4962 10
464 1932 10
464 5772 5
464 5346 1
464 3346 5
464 3322 3
464 5899 7
464 5870 7
464 2009 1
464 3617 3
464 3270 2
464 5333 5
464 3578 2
464 3972 2
464 2324 7
464 4459 6
464 3732 7
464 2646 6
464 4700 8
464 1736 3
464 4874 7
464 3576 2
465 3139 7
465 5118 7
465 3553 3
465 1864 10
473 2408 6
473 4420 9
473 4294 9
473 4078 10
473 3561 4
477 542 9
489 4874 8
489 4480 5
489 2147 1
489 3767 2
490 2931 3
490 5243 5
490 5178 3
490 5333 1
490 1793 1
490 3972 4
490 4713 4
490 2029 8
490 3680 10
490 5772 3
490 1736 6
490 3576 6
490 5346 5
490 4219 2
490 3320 7
490 4700 3
490 3322 5
490 2658 7
490 2009 5
490 3578 3
490 2725 5
490 3732 2
490 2646 10
492 5694 4
492 4389 6
492 5376 3
492 608 5
492 5882 2
492 3460 6
492 3096 3
492 2767 1
492 3947 7
492 851 8
492 3340 8
492 3617 7
492 3331 3
492 1930 9
492 5613 2
492 5480 3
492 4429 5
492 2097 1
492 3635 2
492 2598 5
492 1605 4
492 5390 10
492 5643 9
492 2951 10
492 3925 1
492 5393 7
492 4973 4
493 1910 9
500 4578 4
500 2214 4
500 1960 2
3065 3576 10
503 3692 1
503 3164 7
503 4340 7
503 2355 9
503 1840 5
503 4861 1
503 4236 4
503 1864 10
503 1478 6
503 4279 8
503 2725 2
503 1544 4
503 3855 8
503 717 8
503 1617 8
503 617 8
503 1517 6
503 3573 3
503 1207 10
503 3576 2
503 1536 2
503 5896 2
503 1689 6
503 3491 5
503 5899 8
503 746 4
503 1710 6
503 3270 6
503 4464 10
503 574 10
503 5191 4
503 1299 8
503 2956 1
503 1015 9
503 4459 2
503 598 9
503 3925 5
503 4076 5
503 4849 2
503 2855 7
503 4874 1
503 5598 10
503 5041 7
503 2958 3
505 5449 3
505 1459 6
505 4874 8
515 1722 9
515 5288 4
515 3680 10
515 3385 7
515 1864 10
515 5128 9
517 1119 9
517 2408 1
517 2397 2
517 4294 6
519 2276 3
3081 1946 8
3081 2689 9
3081 1073 7
3081 1864 5
3081 5422 3
3081 1921 1
3081 3732 9
3081 1606 3
3081 4916 10
3081 4917 6
3081 609 8
3081 5102 7
3081 3576 5
3081 4328 1
524 2098 10
524 1015 6
524 3020 10
524 2408 4
524 3925 8
524 3629 10
524 4874 10
524 3460 9
527 2607 9
3165 2408 1
532 598 3
532 3576 4
532 2927 4
532 2016 2
536 5088 10
536 5178 7
536 5333 7
536 5882 4
536 3460 4
536 1864 4
536 2725 10
536 1817 6
536 933 2
536 4459 7
536 3620 7
536 3680 2
536 617 4
536 4339 9
536 5125 10
536 3576 6
536 3491 5
536 3268 6
536 4328 10
536 3617 1
536 3270 1
536 5643 10
536 4962 1
536 598 9
536 2493 4
536 4874 4
538 616 6
538 1655 5
538 4795 5
539 1864 2
540 1535 1
3222 2951 5
3222 4874 2
3222 2099 3
542 3428 2
542 3617 10
542 5830 5
542 1003 4
547 4274 10
547 2918 1
547 1921 6
547 5184 5
547 1099 4
547 4874 10
547 1864 2
547 5830 4
555 2382 10
555 2954 5
555 3045 3
567 795 4
567 4734 5
567 4795 10
567 1803 9
567 1655 10
567 1144 4
567 4482 2
567 4400 3
567 1912 2
567 3808 8
567 5203 3
567 2444 9
567 5666 5
574 3574 6
574 1478 6
574 3576 3
574 3970 9
574 1986 7
574 4340 7
574 3270 1
574 1864 2
574 3831 2
574 2493 1
574 2879 8
574 4874 4
574 5882 3
574 5801 4
574 5482 7
588 2944 4
588 1864 1
589 5801 6
598 4081 10
598 2978 10
598 3759 10
598 1680 6
598 933 9
598 1881 3
598 3970 3
598 5307 9
598 2520 2
598 1634 6
598 4109 3
598 1091 10
598 2355 4
598 3331 2
598 2377 3
598 3460 8
598 4236 1
598 3617 3
598 3402 9
598 1478 5
598 5578 5
598 1925 9
598 5568 2
598 2059 9
598 4394 7
598 1123 10
598 1864 4
598 3720 7
598 1210 9
598 4366 3
598 3680 8
598 4032 7
598 4656 9
598 617 2
598 3500 9
598 4195 5
598 3947 10
598 3576 2
598 1932 8
598 5346 4
598 818 2
598 4700 9
598 3268 3
598 4340 7
598 2189 5
598 1710 7
598 1288 5
598 1854 8
598 3658 3
598 4602 9
598 1581 1
598 5643 8
598 3088 10
598 5882 6
598 5544 10
598 4076 5
598 4962 6
598 4988 6
598 4874 1
598 2956 9
598 5906 2
598 3278 8
608 4956 5
608 2598 9
608 1930 2
608 3576 6
608 4889 10
608 3460 9
608 3617 7
608 4880 9
609 2357 10
609 1986 3
609 3598 8
609 1921 2
609 1443 3
609 4874 1
614 5346 4
616 795 10
616 1079 9
616 1162 4
616 737 7
616 5568 8
616 1803 4
616 894 7
616 1144 4
616 3804 1
616 820 8
616 4482 10
616 4556 9
616 1655 9
616 4130 6
616 5666 9
616 4562 1
616 3193 6
617 2404 10
617 1946 5
617 3164 7
617 5714 1
617 4340 4
617 2127 3
617 2355 8
617 2368 5
617 5118 2
617 5882 1
617 3460 2
617 4236 10
617 1864 7
617 4635 2
617 2869 6
617 4663 6
617 3972 9
617 3088 9
617 3720 10
617 717 9
617 2855 6
617 1207 5
617 4195 9
617 1536 7
617 5896 6
617 2519 6
617 5480 4
617 3491 9
617 3268 5
617 5869 4
617 5870 3
617 3855 9
617 746 5
617 3270 6
617 4434 10
617 1747 4
617 4700 9
617 5088 2
617 2139 5
617 2646 1
617 3925 6
617 4076 4
617 2493 9
617 1606 9
617 4874 7
617 3915 8
617 2195 3
617 2958 9
623 4274 9
623 5177 5
623 3354 7
623 1864 2
623 5743 10
623 2831 5
623 5184 3
623 5439 6
623 2385 6
623 1099 6
623 4874 7
623 1899 10
623 5830 9
623 3397 2
630 4039 1
633 4479 1
633 4706 2
633 2836 7
633 2151 5
633 4516 5
633 1664 8
633 3056 4
633 1232 6
633 3569 2
633 4859 4
633 2180 8
633 2030 8
633 5229 4
633 5133 5
633 4864 7
633 3624 7
633 978 1
633 1074 3
633 1804 9
633 2972 6
633 1579 4
633 5782 6
633 774 2
633 1552 9
633 5368 9
633 4993 6
633 1584 4
633 5392 2
633 5211 1
633 4961 1
633 5288 5
2588 3680 6
2588 3719 5
2588 1323 9
2588 1864 9
2588 5066 4
663 4740 5
663 3576 9
663 1932 7
663 1517 6
663 3491 7
663 1617 1
663 3617 10
668 3607 8
668 2047 6
668 1509 4
668 3919 6
668 5139 8
668 5388 8
683 5480 8
683 2831 4
685 4874 9
688 4874 1
690 1864 8
690 3680 7
717 2404 10
717 746 1
717 4635 6
717 1502 2
717 2355 9
717 5870 2
717 2855 4
717 1864 8
4124 3576 8
4124 1932 9
4124 1749 5
4124 3285 3
4124 5882 5
4124 3460 1
4124 3617 9
722 5666 6
722 1655 4
722 1144 7
722 4482 3
733 1864 1
733 3576 7
733 4478 4
737 5666 7
737 4734 1
737 4400 10
737 1655 5
737 1144 5
737 1727 2
737 2444 9
737 4482 9
742 780 3
746 3598 5
746 3797 4
746 1581 9
746 933 4
746 5870 6
746 1864 5
4578 4270 9
4578 2214 3
4578 4795 2
4578 1960 8
4578 1144 3
4578 2502 8
4578 4432 4
4578 4653 8
4578 4482 1
4578 3193 4
771 4459 1
771 1932 2
771 1864 1
771 3285 3
771 3617 5
774 2151 4
774 4254 1
774 2180 2
774 1664 5
775 2408 6
775 5881 7
775 1864 9
780 5150 9
780 4874 6
780 3901 6
780 3319 3
783 5553 6
783 2886 4
783 4294 3
783 3832 4
783 2408 5
783 5589 3
783 5634 4
786 4874 1
787 5279 8
795 5666 2
795 4734 9
795 1144 8
795 1655 3
795 4400 7
795 1912 1
795 1146 1
795 4482 5
795 4795 7
803 2408 1
803 2483 6
803 5553 2
803 5189 8
803 3561 4
806 3799 10
806 1864 10
818 3207 5
818 1544 2
818 1925 5
818 3692 3
818 2951 9
818 3576 4
818 1581 4
818 2518 4
818 3720 8
818 3925 7
818 4109 10
818 1310 10
818 4129 10
818 4656 6
818 2377 1
818 4874 6
818 4236 3
820 1655 10
820 1144 5
821 4874 7
822 4874 3
822 4274 10
822 2598 9
822 5830 1
828 1074 10
5075 1793 2
5075 5553 7
5075 1864 3
837 1398 4
851 3331 7
851 3576 4
851 2097 8
851 3947 10
852 1146 5
852 4795 1
5084 5309 4
871 4653 7
873 5882 1
875 1864 7
875 4340 9
894 2178 4
894 1144 3
894 5542 8
894 4562 8
907 4711 5
907 3759 5
907 3576 5
907 1881 5
907 4459 2
907 4340 9
907 3617 8
907 1864 7
907 4366 2
907 3831 6
907 4421 5
907 5118 3
907 1091 1
907 1443 3
907 4861 6
907 5482 6
924 5542 1
924 4795 2
924 4400 2
924 2502 6
924 1912 9
924 3808 4
924 5203 1
924 1423 1
924 2444 8
924 4482 6
924 3193 8
928 1584 2
928 4479 3
928 1864 10
933 3759 1
933 3500 1
933 3641 10
933 1948 8
933 255 9
933 2618 3
933 5882 2
933 4236 1
933 1864 1
933 4444 5
933 4740 9
933 5492 6
933 2591 6
933 3088 6
933 5178 5
933 2135 10
933 3598 8
933 5191 8
933 3841 8
933 3576 7
933 2518 7
933 4328 2
933 5870 6
933 1921 10
933 1710 5
933 5333 5
933 3658 1
933 3972 1
933 1747 4
933 5088 2
933 4248 5
933 1897 3
933 4150 5
933 2958 2
939 4059 10
939 1292 1
939 3919 9
940 4081 1
940 3635 6
940 3574 9
940 4459 4
940 4340 4
940 1864 9
940 3576 8
940 4032 10
940 1986 7
940 2949 4
940 3617 7
945 2954 7
945 2151 6
945 5229 8
948 2954 10
948 3062 9
948 3045 2
4420 1398 10
968 2579 8
968 4916 4
978 1804 4
978 2180 6
978 1374 7
978 1074 4
978 4961 10
987 1405 6
987 4853 7
987 5279 3
994 4653 8
1000 4274 10
1000 1864 10
1000 3354 3
1000 4874 5
1000 1986 1
1000 5830 4
1004 1864 7
1010 4524 6
1010 3723 9
1010 1913 2
1010 3772 9
1015 5191 6
1015 3207 7
1015 3797 1
1015 3692 3
1015 3442 6
1015 4109 7
1015 3925 8
1015 2368 5
1015 3969 7
1015 1288 1
1015 2732 1
1015 1683 4
2139 4195 2
2139 4713 4
2139 5568 10
2139 1864 7
2139 4459 1
2139 3617 4
2139 1502 5
2139 2519 2
2139 2501 4
2139 4889 7
2139 5870 9
2139 3270 5
3159 1864 4
3159 1074 7
1048 2688 1
1048 4103 10
1048 3719 4
1048 1166 4
1048 1864 9
1048 4893 4
1063 5899 4
1063 5882 3
1063 1808 5
1063 3402 10
1063 3088 6
1074 1694 7
1074 2836 7
1074 4516 8
1074 1664 7
1074 3056 7
1074 1232 8
1074 5527 9
1074 1487 3
1074 3301 2
1074 5226 4
1074 1405 1
1074 2180 1
1074 2030 4
1074 5229 4
1074 4961 4
1074 4015 4
1074 3576 6
1074 1804 6
1074 2972 6
1074 5618 4
1074 2210 4
1074 5782 10
1074 5279 7
1074 1552 6
1074 3390 10
1074 1777 5
1074 4993 2
1074 3624 4
1074 5647 7
1079 4562 8
1079 5542 3
1079 1144 1
1079 4795 1
3403 4874 1
1091 3051 5
1091 4274 1
1091 2406 4
1091 5643 4
1091 2944 8
1091 2520 10
1091 2219 10
1091 1476 7
1091 5882 1
1091 5118 5
1091 3759 2
1091 3460 3
1091 3744 7
1091 1864 5
1091 3947 5
1091 4711 3
1091 1231 7
1091 2725 3
1091 1581 8
1091 5492 5
1091 2059 1
1091 4585 3
1091 5001 2
1091 5449 2
1091 5743 5
1091 3680 2
1091 5052 4
1091 4339 1
1091 1930 4
1091 3387 10
1091 3576 10
1091 1932 4
1091 3266 7
1091 5346 3
1091 3268 9
1091 3468 6
1091 5899 8
1091 4429 8
1091 5590 9
1091 3617 4
1091 3270 9
1091 4406 4
1091 1427 1
1091 3785 9
1091 5544 9
1091 4962 2
1091 2951 9
1091 4700 6
1091 5066 4
1091 4459 10
1091 4874 2
1091 5906 9
1091 3278 1
1094 4874 3
1094 1581 2
1094 5643 1
1094 3617 6
1095 1864 2
1096 3947 7
1099 4274 7
1099 3576 2
1099 4422 3
1099 1864 2
1099 5743 9
1099 2831 7
1099 5184 4
1099 2385 3
1099 5052 8
1099 4874 6
1099 5482 7
1099 5830 2
1099 4444 10
1106 1864 6
1118 3373 7
1118 4294 3
1118 3561 1
1118 2607 4
1119 4892 9
1119 3078 8
1119 5029 9
1119 4349 7
1119 2827 5
1119 4294 2
1119 2408 9
1119 4874 10
1123 4635 3
1123 1747 2
1123 1207 10
1123 365 4
1123 4236 2
1123 5041 3
1126 2717 3
1131 3891 6
1131 1864 7
1138 5881 5
1143 1864 5
1144 1162 2
1144 4734 3
1144 1788 4
1144 5811 9
1144 1146 10
1144 5203 6
1144 1302 8
1144 4482 4
1144 3193 9
1144 5568 6
1144 2178 9
1144 1960 8
1144 2502 1
1144 5660 2
1144 5433 6
1144 2444 3
1144 5385 10
1144 4795 1
1144 4400 3
1144 4556 2
1144 3771 9
1144 5542 8
1144 2693 8
1144 1655 5
1144 4432 8
1144 2696 4
1144 5605 7
1144 3804 7
1144 1912 1
1144 5666 10
1144 4653 5
1144 4562 4
1146 5385 2
1146 1162 7
1146 4223 9
1146 2178 1
1146 4482 7
1073 4274 6
1073 4720 6
1073 1443 4
1073 1921 10
1073 4874 7
1073 2357 9
1073 1864 3
1152 3576 1
1152 3797 4
1155 1864 6
1162 1912 7
1162 4795 5
1166 4103 2
1166 1864 1
1193 1864 6
1197 1398 10
1198 5568 10
1198 4889 8
1198 4195 3
1205 3278 9
1207 4459 8
1207 3088 10
1207 1864 10
1207 4109 4
1207 2355 4
1207 4340 10
1207 4129 2
1207 4874 4
1207 3617 8
1207 3680 4
1209 4874 8
1209 1854 5
1209 3020 9
2869 4874 10
2869 4988 8
2869 2355 1
2869 5796 5
1231 3576 8
1231 3460 6
1231 2863 4
1231 3759 5
1921 4274 3
1921 1946 8
1921 5747 6
1921 4340 3
1921 3354 10
1921 2128 4
1921 5882 2
1921 2357 5
1921 1864 1
1921 1478 1
1921 2084 3
1921 3019 5
1921 5743 10
1921 5228 4
1921 5772 10
1921 5052 2
1921 4422 6
1921 4444 2
1921 3597 2
1921 5029 4
1921 2689 2
1921 3576 7
1921 5681 10
1921 4328 3
1921 5870 3
1921 1986 1
1921 4572 9
1921 1443 1
1921 5439 3
1921 2598 10
1921 2831 3
1921 1606 8
1921 5643 9
1921 2602 8
1921 4874 9
1921 1472 7
1921 3519 5
4180 2068 8
1273 4516 8
1273 1864 2
1278 3680 7
1278 2607 1
1278 3445 9
1278 1864 2
1278 5066 4
1288 5713 3
1288 4340 2
1288 5333 4
1288 3354 5
1288 5072 8
1288 5882 1
1288 1864 7
1288 4459 10
1288 3617 10
1288 5125 6
1288 3576 2
1288 5480 4
1288 4874 5
1288 5191 7
1288 1299 4
1288 5419 1
1288 5643 5
1288 2646 4
1288 3925 5
1288 2855 6
1288 5041 2
1292 5742 5
1292 2061 1
1292 4654 1
1292 5716 3
1292 3482 1
1292 4059 1
1292 5139 8
1292 3610 8
1294 3576 6
1299 4874 1
1299 1864 4
1300 3731 3
1300 2650 8
1300 3246 1
1300 2344 8
1301 1864 8
1302 5666 3
1302 1912 3
1302 4795 1
1309 2886 2
1309 5634 2
1309 2760 3
1310 4656 5
1310 4236 2
1310 4874 4
1310 2189 4
1318 2646 6
1318 1581 2
1318 5643 7
1318 4459 1
1318 3617 6
1323 5713 9
1323 5553 4
1323 1864 4
1323 5157 7
1323 3672 2
1323 3680 2
1323 4422 10
1323 2277 2
1341 5882 6
1342 1864 3
1342 5279 5
1346 3947 5
1346 5797 2
1350 5128 3
1352 3402 3
2560 1581 10
2560 5729 7
1383 1864 8
1393 4874 4
1396 2276 1
1398 5522 3
1398 2068 5
1398 3078 1
1398 4517 5
1398 4294 1
1398 3561 10
1398 2408 7
1398 3373 2
1398 5589 4
1400 3576 6
1405 3175 3
1405 4993 3
1405 3576 2
1405 5066 2
1405 2151 2
1405 1804 3
1405 2972 1
1405 2180 6
1405 5288 4
1405 5128 5
1405 5229 9
1405 3385 2
1405 1232 5
1405 1864 10
1405 3680 6
1427 2725 9
1427 4195 8
1427 1817 2
1427 5568 9
1427 3576 5
1427 1941 1
1427 1689 3
1427 3270 10
1427 4962 5
1427 5899 2
1427 1864 5
1427 3978 8
1443 1946 9
1443 5747 5
1443 4874 3
1443 3617 9
1443 4444 4
1443 4459 8
1443 1864 1
1443 5228 6
1443 5052 8
1443 4422 3
1443 3597 7
1443 5029 6
1443 2689 7
1443 5345 8
1443 4328 6
1443 1986 6
1443 5482 10
1443 5439 3
1443 2831 1
1443 1606 2
1443 5088 4
1443 5422 5
1443 1472 10
1443 3519 6
1447 3576 9
1447 5825 1
1449 4706 9
1449 1552 8
1449 5062 4
1449 2836 7
1449 1584 1
1449 3966 7
1449 4848 3
1449 2180 2
1449 5452 6
1449 3624 4
1449 3056 4
1449 1232 6
1449 3940 4
1459 5066 2
1459 4516 5
1459 5118 5
1459 1864 3
1459 5279 6
1472 4126 5
1472 4274 7
1472 3576 6
1472 3346 2
1472 5482 7
1472 1864 9
1472 2831 2
1472 4874 4
1472 5052 9
1472 4917 6
1472 4430 7
1474 2607 9
1474 3561 10
1474 3175 2
1474 3799 1
1476 4962 2
1476 1864 4
1476 4874 7
1476 5590 6
1476 3270 3
1478 5747 8
1478 4340 4
1478 3147 1
1478 3354 1
1478 2879 6
1478 5307 7
1478 4916 6
1478 5882 6
1478 3491 3
1478 3460 4
1478 1864 3
1478 3855 9
1478 3720 9
1478 4366 1
1478 3576 7
1478 1517 5
1478 3573 10
1478 2689 1
1478 4962 1
1478 3270 3
1478 2855 10
1478 3578 10
1478 5643 5
1478 3925 2
1478 4076 8
1478 5393 6
1478 4874 10
1482 5882 7
1482 2738 3
1487 1804 1
1489 2357 5
1492 4874 7
1492 1617 2
1502 5694 9
1502 4195 3
1502 1605 10
1502 3692 1
1502 3641 6
1502 5714 1
1502 3147 6
1502 5480 4
1502 4700 3
1502 3268 5
1502 4889 4
1502 1591 6
1502 5882 5
1502 1710 6
1509 4907 8
1509 2047 4
1509 4136 5
1509 5348 7
1509 2030 1
1509 2751 3
1509 4300 4
1509 5139 8
1513 1864 2
1517 4081 4
1517 1581 7
1517 4032 10
1517 4340 4
1517 1864 8
1517 5578 9
1517 2059 6
1517 1544 4
1517 3617 7
1517 4366 5
1517 3680 3
1517 5796 10
1517 3574 1
1517 3947 9
1517 1932 9
1517 2009 7
1517 4406 5
1517 4602 10
1517 2978 8
1517 4459 4
1517 4874 8
255 4874 5
1526 4874 8
1535 5029 8
1535 3576 2
1535 5463 3
1535 2024 1
1535 3761 2
1535 3519 2
1535 4786 7
1535 4874 3
1536 3573 5
1536 4700 5
1536 4874 4
1536 1864 4
1544 1581 2
1544 5578 2
1544 4279 2
1544 2951 2
1544 3576 8
1544 3797 4
1544 2978 9
1544 4737 3
1544 2189 5
1544 2377 9
1544 4874 6
1544 4236 4
1549 2366 4
1549 4720 4
5191 5643 9
5191 1932 9
5191 3617 10
5191 2493 8
5191 5072 1
5191 5882 10
5191 4874 8
5191 5870 1
5191 5307 7
5191 1864 2
5191 3576 9
1557 2189 6
1572 4039 3
1579 5229 9
1581 3759 3
1581 4081 1
1581 4459 1
1581 4340 9
1581 5333 3
1581 5882 6
1581 3088 9
1581 3460 10
1581 3993 9
1581 5628 9
1581 5289 6
1581 3078 10
1581 4236 6
1581 4091 3
1581 3925 7
1581 3855 2
1581 3720 5
1581 2132 10
1581 4665 5
1581 3680 7
1581 4032 2
1581 3574 7
1581 1930 1
1581 3207 2
1581 4962 10
1581 1932 2
1581 5346 6
1581 4700 6
1581 3958 7
1581 2189 8
1581 2863 6
1581 4330 1
1581 3617 1
1581 4430 2
1581 3049 9
1581 4406 9
1581 3635 6
1581 2831 2
1581 2029 9
1581 4602 5
1581 5643 6
1581 4248 3
1581 2646 6
1581 5733 3
1581 4850 1
1581 5875 6
1581 2059 4
1581 4150 5
1581 4874 10
1581 3576 6
1584 2836 8
1584 1804 7
1584 5128 3
1584 3301 5
1584 5288 6
1595 4479 8
1210 1793 4
1210 3578 8
1210 3972 5
1210 2725 4
1210 4713 6
1210 2324 4
1210 5178 4
1210 5346 8
1210 3576 8
1210 5333 8
1210 4700 5
1210 5882 2
1210 2009 4
1210 1864 6
1210 5796 10
1605 3574 3
1605 4459 2
1606 5747 1
1606 2669 5
1606 3346 7
1606 1864 1
1606 5228 4
1606 5184 7
1606 2355 5
1606 4874 9
1606 2357 4
1606 3617 1
1606 5482 4
1606 5422 10
1612 4842 2
1612 5288 5
1617 3574 2
1617 3947 10
1617 3576 10
1617 4459 6
1617 2863 7
1617 1864 8
1617 4366 5
1617 3680 2
1617 4962 1
1617 4874 3
1617 3617 8
1617 5801 7
1617 4990 8
276 3576 9
276 2219 1
276 5307 6
276 4916 8
276 4675 6
276 1864 10
1634 4274 7
1634 5184 3
1634 4874 8
1634 1864 4
1634 5830 5
1641 1948 4
1642 5830 1
1644 1960 10
1655 2740 10
1655 1788 9
1655 1727 9
1655 5666 8
1655 3193 8
1655 5568 10
1655 5268 2
1655 2502 7
1655 4482 9
1655 4795 5
1655 4734 4
1655 3771 5
1655 3210 2
1655 5605 3
1655 3804 9
1655 4653 4
1660 3370 6
1664 4853 7
1664 1804 3
1664 5473 4
1664 2972 2
1664 2180 1
1664 5647 5
1665 5150 4
1668 1864 1
1689 4459 9
1689 5333 8
1689 4129 6
1689 5882 2
1689 1864 10
1689 3617 8
1689 3680 9
1689 5251 1
1689 3576 2
1689 1932 10
1689 5480 1
1689 3491 4
1689 3230 9
1689 2009 9
1689 1854 10
1689 5442 6
1689 2951 10
1689 5643 10
1689 2646 2
1694 2080 2
1694 2180 4
1694 5229 7
1694 5392 2
1694 4961 8
1696 4136 8
1696 5139 3
4516 5567 7
4516 3986 5
4516 5066 7
4516 1722 4
4516 2972 6
4516 5288 8
4516 5007 8
4516 5618 3
4516 3385 3
4516 1864 5
4516 5279 4
4516 5128 9
1710 3978 2
1710 3598 7
1710 2951 5
1710 4459 3
1710 5346 6
1710 3617 1
1710 2646 7
1710 3680 7
1710 5882 3
1710 5870 7
1710 1864 10
1710 2863 9
1710 3576 9
1710 2958 1
1711 2493 8
1714 3387 6
1714 2578 1
1714 4400 2
1714 1727 6
1714 5016 1
1233 1804 1
1722 5288 8
1722 1864 3
1727 5666 4
1727 5542 9
1727 4734 9
1727 4795 3
1727 5203 6
1727 4653 7
1728 4484 3
1728 2327 5
1728 2344 8
1736 4340 2
1736 5899 1
1736 3831 10
1736 1864 4
1736 1793 1
1736 2725 4
1736 3617 1
1736 3680 6
1736 5772 6
1736 5796 6
1736 1930 6
1736 2776 10
1736 5346 4
1736 4700 4
1736 4927 8
1736 2324 8
1736 3346 5
1736 4459 4
1736 4874 5
1747 3574 5
1747 5713 3
1747 2149 5
1747 5274 9
1747 4459 9
1747 1864 9
1747 1948 4
1747 3740 3
1747 3632 3
1747 5772 7
1747 5870 2
1747 4874 6
1747 2195 8
1747 3617 5
1747 3576 3
1747 2317 2
1749 3759 9
1749 1932 5
1749 3460 3
1749 3617 5
1751 3285 8
1751 1932 2
1751 3460 9
1776 2502 4
1777 2210 1
1777 3986 5
1780 2767 2
1780 3947 10
1780 3096 5
1780 2278 9
1780 2097 4
1781 2696 9
1781 3808 2
1787 3460 7
1787 3617 7
1788 5666 9
1788 5542 9
1788 4734 5
1788 4795 9
1788 2696 1
1788 3808 6
1788 5203 10
1788 2444 4
1788 4482 1
1793 5713 5
1793 2520 1
1793 1864 5
1793 2725 6
1793 3719 3
1793 3680 3
1793 2777 3
1793 2776 1
1793 4962 4
1793 4340 8
1793 5899 5
1793 5590 2
1793 3799 8
1793 2951 10
1793 5066 8
1793 4874 3
1793 3278 7
1803 5247 6
1803 4795 6
1803 4400 3
1803 3808 2
1804 3546 5
1804 3986 2
1804 2836 10
1804 4479 9
1804 5716 6
1804 5139 9
1804 1821 2
1804 2180 8
1804 4961 3
1804 2014 8
1804 4853 9
1804 2972 10
1804 5618 9
1804 5782 6
1804 5279 1
1804 1552 2
1804 3301 10
1804 3775 9
1804 3624 7
1804 5647 8
1804 3482 6
1808 5882 10
1808 3402 9
1808 3088 6
1809 3270 2
1817 3051 5
1817 5643 3
1817 4459 4
1817 3270 7
1817 1864 9
1817 4962 9
1817 5882 3
1817 4874 7
1817 3617 10
1817 4558 6
1821 5279 6
1840 3797 5
1840 4340 9
1840 2520 10
1840 1864 1
1840 3278 10
1846 4692 8
1854 2951 6
1854 3925 10
1854 3491 5
1854 4675 3
1854 4874 6
1856 2785 3
1856 5288 3
1858 5643 8
1858 1864 5
1860 2324 2
1860 5178 3
1863 1864 6
1864 2405 2
1864 4274 10
1864 2406 7
1864 2598 3
1864 3891 3
1864 5178 7
1864 5714 6
1864 3632 5
1864 2127 5
1864 2501 2
1864 3354 10
1864 2879 1
1864 2618 10
1864 2881 5
1864 3617 7
1864 4740 9
1864 4464 1
1864 3085 8
1864 3719 3
1864 3456 7
1864 5001 1
1864 4366 4
1864 5279 10
1864 3266 1
1864 2420 10
1864 3001 4
1864 3624 2
1864 4608 6
1864 2137 1
1864 4339 9
1864 2135 6
1864 4195 7
1864 5725 7
1864 3164 1
1864 1932 10
1864 2122 1
1864 5274 7
1864 4555 4
1864 4098 5
1864 4196 1
1864 3270 7
1864 2509 6
1864 3825 6
1864 2043 2
1864 5323 8
1864 5262 9
1864 5643 7
1864 3732 1
1864 2128 2
1864 1946 4
1864 2149 8
1864 3641 2
1864 3319 8
1864 3547 4
1864 1948 8
1864 4916 8
1864 4109 3
1864 3831 6
1864 5288 8
1864 3285 4
1864 5378 3
1864 4917 9
1864 5289 10
1864 4389 1
1864 3340 2
1864 4663 5
1864 3418 1
1864 2059 4
1864 5743 6
1864 2390 6
1864 4849 5
1864 3383 9
1864 3385 3
1864 5567 7
1864 5125 2
1864 3553 4
1864 3387 5
1864 5029 7
1864 3754 4
1864 4673 3
1864 2607 9
1864 3468 6
1864 5102 1
1864 3469 5
1864 4572 4
1864 5482 8
1864 4081 7
1864 2195 1
1864 3935 10
1864 5066 9
1864 5480 7
1864 2646 4
1864 3394 4
1864 2831 4
1864 5393 7
1864 2397 9
1864 4874 5
1864 3215 10
1864 3278 5
1864 3397 2
1864 4126 4
1864 2931 8
1864 2520 3
1864 5713 6
1864 2355 9
1864 4103 1
1864 5307 6
1864 3088 7
1864 4236 4
1864 3672 6
1864 4893 1
1864 4956 7
1864 1966 9
1864 2084 7
1864 5492 5
1864 4691 2
1864 2361 2
1864 5228 10
1864 3680 4
1864 2658 7
1864 4039 5
1864 3573 2
1864 2276 5
1864 5553 10
1864 3574 2
1864 3576 3
1864 5772 2
1864 5130 4
1864 2329 9
1864 4700 3
1864 3322 1
1864 5052 3
1864 1986 3
1864 5590 6
1864 4422 7
1864 5236 5
1864 3772 6
1864 3147 2
1864 2855 8
1864 3578 6
1864 5070 10
1864 2951 9
1864 5419 3
1864 4602 1
1864 2671 10
1864 1897 6
1864 5422 3
1864 3868 3
1864 4434 10
1864 2956 3
1864 1899 9
1864 2958 9
1864 5694 9
1864 3051 6
1864 3346 4
1864 5157 7
1864 4056 6
1864 4459 6
1864 3148 6
1864 5345 10
1864 2944 5
1864 4440 1
1864 5333 4
1864 5118 2
1864 4150 8
1864 4340 7
1864 5791 6
1864 3723 6
1864 3561 2
1864 5184 1
1864 4446 6
1864 4524 8
1864 3972 5
1864 4713 7
1864 5449 6
1864 2863 4
1864 5698 6
1864 4076 4
1864 2385 1
1864 4962 6
1864 5439 10
1864 2493 5
1864 5796 4
1864 3597 4
1864 5251 8
1864 2688 3
1864 2689 10
1864 2777 5
1864 5346 6
1864 5896 8
1864 2392 1
1864 765 5
1864 2009 1
1864 3604 9
1864 4229 6
1864 4729 4
1864 2219 2
1864 3740 7
1864 2918 10
1864 3344 10
1864 2725 6
1864 5870 1
1864 3978 2
1864 5088 4
1864 5041 10
1864 5882 3
1864 3491 2
1864 2403 10
1864 1913 8
1864 3620 8
1864 5571 8
1864 5747 10
1864 2591 5
1864 3519 5
1864 4328 7
1881 4655 10
1881 3576 3
1881 4970 4
1881 3761 10
1881 4421 3
1881 2026 8
1881 5882 7
1891 5150 4
1897 4740 8
1897 3641 9
1897 2097 6
1897 4874 5
1897 3270 8
1899 4274 9
1899 2385 5
1899 4874 1
1899 5830 6
1901 2886 2
1901 5634 1
1910 4916 6
1910 2366 2
1910 4434 8
1910 3576 8
1912 5666 3
1912 4223 2
1912 4653 10
1912 4482 9
1912 3193 1
1913 3723 7
1913 4196 2
1913 3967 9
1913 2406 5
1925 4656 6
1925 2189 7
1925 4874 9
1925 4236 10
1926 5307 7
1930 5178 10
1930 3547 10
1930 2408 9
1930 2879 1
1930 3617 4
1930 3972 3
1930 4692 7
1930 4039 7
1930 5125 1
1930 3576 1
1930 5346 7
1930 3628 10
1930 4700 1
1930 5899 4
1930 2009 10
1930 2598 1
1930 2725 3
1930 5643 6
1930 5780 7
1930 4248 9
1930 2325 9
1930 4150 7
1930 5041 4
1930 2052 2
1932 3759 9
1932 4459 6
1932 5178 5
1932 3147 2
1932 4234 9
1932 5882 1
1932 2518 3
1932 3285 6
1932 3460 9
1932 2725 8
1932 3020 8
1932 5052 9
1932 5713 7
1932 4371 9
1932 4740 7
1932 3597 5
1932 3576 8
1932 3491 9
1932 3230 8
1932 4375 1
1932 5289 10
1932 3617 1
1932 3049 5
1932 3207 2
1932 2122 4
1932 2951 4
1932 5643 8
1932 4248 6
1932 2646 10
1932 2831 1
1932 4849 8
1932 5393 9
1932 4874 2
1934 4874 5
1941 4927 2
1941 3270 5
1941 3799 4
1946 3574 8
1946 3617 1
1946 5184 10
1946 4874 6
1946 2357 4
1946 4160 4
1948 2591 6
1948 2149 10
1948 4874 10
1948 2863 5
1948 2317 2
1952 3460 5
1952 4371 5
1952 4459 10
1952 2717 1
1960 2214 6
1960 4432 7
1960 2696 10
1960 4482 4
1965 3576 8
1966 3604 5
1986 4274 2
1986 5419 1
1986 4700 10
1986 2918 9
1986 4340 8
1986 3354 10
1986 2831 10
1986 4874 8
1986 4917 1
1986 2195 4
1986 2357 9
1986 3519 1
1986 4328 3
1999 4279 10
1999 5467 3
2005 3576 4
2005 2097 6
2005 5882 5
2009 4081 9
2009 4032 10
2009 2931 5
2009 4340 5
2009 3831 5
2009 4916 3
2009 2725 3
2009 3620 5
2009 3680 4
2009 3968 9
2009 2776 5
2009 3576 4
2009 5772 8
2009 5346 1
2009 4700 4
2009 3230 6
2009 5899 8
2009 3617 10
2009 3270 4
2009 3972 2
2009 2324 8
2009 4459 3
2009 4874 9
2029 2324 2
2029 3346 2
2029 2776 5
2029 3680 2
2030 4946 2
2030 1232 4
2030 2061 2
2030 2972 1
2030 3546 1
2030 2180 10
2030 5128 9
2030 5716 9
2030 3301 10
2030 5139 3
2030 3056 5
2030 5279 10
2030 3624 9
2042 4917 6
2043 4274 3
2043 4874 4
2043 5228 7
2047 4907 1
2047 2061 1
2047 4136 7
2047 3482 7
2047 2751 1
2047 4300 3
2047 5139 10
2047 5023 2
2052 5899 8
2052 2725 10
2059 2408 5
2059 4740 9
2059 5643 6
2059 2831 9
2059 3576 2
2059 3491 6
2059 5882 7
2061 4136 5
2061 5473 9
2061 4059 10
2061 3919 1
2068 4517 4
2068 5589 1
2068 3078 6
2068 3373 3
2068 4294 8
2068 3561 10
2068 2408 10
2068 2937 6
2068 4078 4
2068 4874 1
2068 2403 4
2080 5229 1
2084 4274 1
2084 4962 4
2084 2918 3
2084 4874 2
2084 5830 7
2097 5694 3
2097 3500 6
2097 3641 9
2097 5333 1
2097 5376 3
2097 5882 8
2097 3331 6
2097 3460 8
2097 2767 2
2097 3947 2
2097 5579 9
2097 3088 4
2097 3511 6
2097 4740 5
2097 2135 4
2097 3576 7
2097 5613 7
2097 5480 7
2097 2618 3
2097 4967 10
2097 3658 2
2097 4248 10
2097 5393 5
2097 5550 6
2098 3197 2
2105 5001 4
2115 2578 2
2122 5125 8
2122 5643 10
2122 4248 6
2122 4340 8
2122 3285 6
2122 5882 1
2122 4874 1
2122 3460 7
2128 4274 1
2128 5184 9
2128 4874 6
2128 4572 1
2128 5830 1
2135 4459 1
2135 3767 6
2135 5882 9
2137 3576 3
2147 4874 2
2147 3491 4
2147 4480 2
2149 4740 10
2149 3574 3
2149 5346 2
2149 3740 9
2149 2195 7
2149 3632 4
2149 2317 10
2151 1552 10
2151 4706 10
2151 5368 2
2151 5567 8
2151 2836 2
2151 4853 3
2151 2972 8
2151 2180 1
2151 3301 3
2151 1232 5
2151 5279 4
2151 4961 2
2153 5801 10
2210 5128 4
2178 5666 3
2178 4795 2
2178 4482 3
2178 3808 7
2180 3546 3
2180 3986 4
2180 2836 5
2180 4834 6
2180 2408 10
2180 3056 8
2180 1232 7
2180 3301 8
2180 4859 10
2180 5226 10
2180 3020 8
2180 5473 6
2180 5229 6
2180 4961 9
2180 4015 10
2180 3175 4
2180 4853 6
2180 2972 3
2180 5128 8
2180 5618 8
2180 5782 1
2180 5279 8
2180 1552 8
2180 3390 1
2180 5368 10
2180 5567 1
2180 3775 3
2180 5392 3
2180 3624 1
2180 5647 9
2180 5288 9
2189 4129 6
2189 3207 3
2189 5401 6
2189 3692 10
2189 2951 3
2189 3576 2
2189 2518 5
2189 3720 3
2189 3925 9
2189 4109 10
2189 4656 10
2189 2377 7
2189 4236 2
2195 3574 2
2195 2725 6
2195 4459 9
2195 3632 10
2195 5899 6
2195 4874 6
2195 3088 3
2195 3617 9
2195 3270 3
2195 2317 7
3346 3460 1
3346 5178 7
3346 5422 4
3346 5643 5
3346 4459 5
3346 5346 8
3346 5882 1
3346 2646 6
3346 4692 4
3346 3831 3
3346 3680 1
3346 2324 5
3346 4874 3
3346 3576 6
1416 5288 3
2214 4432 3
2219 5157 10
2219 2520 6
2219 4916 10
2219 4109 1
2219 5118 5
2219 5307 1
2219 4917 7
2219 3680 6
2219 3576 6
2219 4962 10
2219 5254 6
2219 4469 6
2219 5590 10
2219 2951 8
2219 5066 2
2219 2579 3
2219 4849 1
2219 4874 5
2219 3278 10
2222 4136 9
2222 3919 7
2276 3574 10
2276 4962 9
2276 3641 7
2276 2612 6
2276 4874 6
2276 5590 6
2276 2942 8
2276 3270 7
2277 3719 6
2277 5279 8
2278 3331 8
2278 2294 6
2299 3901 1
2300 4792 5
2300 5813 2
2300 3499 3
2317 765 10
2317 3574 10
2317 5643 5
2317 5274 5
2317 3740 4
2317 5882 1
2317 3632 7
2317 3576 3
2324 5178 2
2324 3547 4
2324 3831 7
2324 4150 10
2324 2725 1
2324 4713 5
2324 4692 8
2324 4039 1
2324 5772 5
2324 2658 8
2324 5796 5
2324 3576 9
2324 5346 2
2324 5899 7
2324 4430 7
2324 3578 1
2324 3972 4
2324 3732 7
2325 3972 1
2325 2951 7
2325 4150 2
2325 5590 8
2325 3617 10
2344 4372 3
2344 3731 2
2344 2650 9
2344 3246 9
2344 4585 8
2344 4289 9
2344 2854 5
2344 3469 8
2344 4110 9
2346 3278 9
2352 3947 9
2355 2520 7
2355 3088 7
2355 3460 9
2355 3020 1
2355 3266 8
2355 4339 8
2355 3968 5
2355 3576 9
2355 3268 5
2355 3468 2
2355 5870 7
2355 4602 2
2355 4874 9
2355 3278 7
2355 2958 5
2357 5747 1
2357 4444 8
2357 5422 8
2357 5228 6
2357 3999 3
2357 5052 2
2357 4422 5
2357 3597 5
2357 5029 3
2357 2689 5
2357 5345 6
2357 4328 2
2357 5482 5
2357 5439 4
2357 5088 4
2357 2831 4
2357 3519 1
2361 4571 2
2367 3270 7
2368 5899 4
2368 5882 10
2377 4656 10
2377 4874 5
2377 4236 6
2382 3062 6
2382 5499 4
2382 5407 5
2382 2954 7
2382 3045 9
2385 4608 1
2385 4274 10
2385 2598 4
2385 3456 3
2385 3935 8
2385 5029 4
2385 5790 7
2385 5743 2
2385 5184 5
2385 4874 4
2385 4572 8
2385 4446 6
2385 5830 10
2403 4517 9
2403 4956 5
2403 4274 6
2403 3373 9
2403 2408 8
2404 4635 1
2404 4874 3
2405 5118 5
2405 5066 2
2406 3576 4
2408 4892 7
2408 4274 8
2408 4982 5
2408 5852 7
2408 3812 6
2408 4585 4
2408 2630 8
2408 5052 3
2408 5209 3
2408 5634 5
2408 5164 1
2408 5189 4
2408 4517 4
2408 5589 2
2408 3373 3
2408 4294 8
2408 3832 5
2408 3561 2
2408 4970 7
2409 2564 2
2409 5279 2
2420 5342 8
2420 3085 2
2420 3680 10
2424 5810 9
2424 4874 9
2424 4274 10
2424 5422 7
2424 5830 5
2429 3455 1
3387 4853 9
3387 4404 3
3387 5698 3
3387 3576 9
2444 5666 6
2444 3771 7
2444 4734 7
2444 4795 6
2444 1423 4
2444 4400 3
2444 2502 3
2444 3808 9
2444 5203 1
2444 5660 4
2444 4653 7
2444 4482 6
2444 3193 9
2445 4874 1
2472 3561 9
2481 3402 10
2483 3561 5
2493 2944 1
2493 3574 10
2493 3598 2
2493 5492 7
2493 3576 2
2493 4429 7
2493 2958 2
2493 4962 7
2493 4874 7
2493 5590 6
2493 3270 8
2493 3266 8
2501 2944 10
2501 2951 4
2501 3576 4
2501 5066 7
2501 4874 3
2501 5590 10
2502 4734 8
2502 4795 7
2502 4400 2
2502 4482 8
2502 5605 3
2502 3808 9
2502 5203 10
2502 1423 10
2502 5542 7
2502 4653 10
2502 5666 6
2518 3641 1
2518 3576 2
2518 4248 6
2518 5780 5
2518 2132 2
2518 4874 10
2518 2949 3
2518 4236 5
2518 3617 8
2518 3402 5
2519 4711 9
2519 4195 6
2520 5157 7
2520 2931 3
2520 5713 7
2520 5118 2
2520 4109 5
2520 5882 5
2520 4917 6
2520 5449 8
2520 4464 9
2520 3719 8
2520 5001 1
2520 3680 8
2520 2777 3
2520 2658 10
2520 4422 10
2520 2944 4
2520 3576 5
2520 3797 7
2520 5896 7
2520 3491 5
2520 3468 6
2520 5590 4
2520 2951 8
2520 5066 8
2520 4962 5
2520 3925 6
2520 5881 6
2520 4874 10
3319 3051 5
3319 3576 3
3319 5346 8
3319 3147 3
3319 5772 9
3319 5882 4
3319 4874 7
3319 2956 1
2547 3759 9
2547 3460 4
2572 3598 6
2574 5139 4
2578 5548 1
2579 4880 10
2579 3576 8
2579 4469 3
2579 1520 10
2582 4853 1
2582 5128 8
2591 3658 5
2591 3576 6
2591 5643 4
2591 3732 7
2591 4340 4
2591 2956 3
2598 4274 4
2598 3456 3
2598 3935 10
2598 2602 8
2598 5184 10
2598 4874 9
2598 4572 4
2598 3617 7
2598 5830 2
2598 4444 3
2602 5157 8
2602 5029 1
2602 4874 5
2602 4572 2
2602 5830 4
2607 5066 10
2607 3455 8
2607 4528 9
2607 5713 8
2607 5553 7
2607 3561 1
2607 5510 8
2607 3680 6
2607 2777 6
2607 5118 5
2607 3543 9
2607 4229 8
2607 5520 5
2618 3641 10
2618 4874 1
2619 3947 2
2619 5896 2
2619 4459 6
2630 2717 2
2646 5713 9
2646 3831 5
2646 5882 1
2646 4916 3
2646 5307 7
2646 3993 10
2646 2863 8
2646 3947 10
2646 3617 3
2646 2776 8
2646 3680 4
2646 5796 9
2646 3576 1
2646 5346 1
2646 5480 9
2646 4406 3
2646 5643 6
2646 5875 1
2646 4874 1
2650 4372 10
2650 3731 1
2650 4289 2
2650 3120 7
2650 2854 3
2650 3469 4
2654 3576 5
2658 3278 8
2658 2725 6
2658 2951 10
2658 4962 8
2658 5066 7
2658 2776 3
2658 3680 2
2658 5899 1
2658 4874 6
2658 5590 3
2658 5796 4
2669 4874 7
2669 4274 5
2669 5830 6
2671 4874 4
2689 3576 2
2689 5422 6
2689 5525 5
2689 4874 2
2689 5052 4
2691 3617 6
3425 5404 3
2693 5203 6
2693 4795 5
2696 3465 9
2696 4734 3
2696 4482 5
2696 5811 8
2696 5666 3
2696 3193 4
2717 4459 6
2717 4970 3
2725 3051 1
2725 4459 1
2725 4763 1
2725 3831 2
2725 5882 5
2725 5118 3
2725 2881 9
2725 3460 5
2725 4713 4
2725 3088 7
2725 5178 4
2725 5796 8
2725 3680 6
2725 3573 9
2725 4339 8
2725 2776 3
2725 3576 1
2725 5772 3
2725 5346 8
2725 3628 9
2725 3491 2
2725 3322 9
2725 5899 9
2725 3617 1
2725 3270 7
2725 3578 2
2725 4430 9
2725 5442 9
2725 2951 7
2725 4700 1
2725 5643 1
2725 3732 4
2725 5422 3
2725 4874 2
2725 2956 5
2725 5041 10
2725 4607 8
2740 5605 3
2740 4734 8
2751 3607 7
2751 3178 10
2751 5139 3
2751 3919 6
2760 5716 7
2767 3947 8
2767 5442 4
2767 3331 4
2776 2931 4
2776 5178 3
2776 5333 10
2776 3972 2
2776 4713 1
2776 3719 6
2776 3680 9
2776 5772 8
2776 3576 9
2776 5346 8
2776 4700 7
2776 3322 7
2776 3578 10
2776 3732 1
2777 3672 3
2777 3772 9
2777 5881 1
2777 4229 8
3970 3576 2
3970 3925 10
3970 3491 6
3970 4874 5
3970 5801 4
2831 4274 10
2831 4459 2
2831 2791 4
2831 5882 8
2831 5307 6
2831 3617 10
2831 4663 4
2831 5743 2
2831 5184 6
2831 5052 6
2831 3574 1
2831 4962 4
2831 2918 2
2831 5346 10
2831 4126 4
2831 5480 8
2831 5899 9
2831 4917 9
2831 4602 7
2831 5643 2
2831 5733 10
2831 4874 6
2836 4479 2
2836 4993 6
2836 5392 9
2836 5229 2
2836 3301 8
2836 4961 2
2848 4839 1
2848 4874 4
2848 4274 7
5390 3331 4
5390 3947 8
5390 5442 4
2854 3731 7
2854 4110 9
2854 4372 7
2855 3164 7
2855 4459 9
2855 5870 1
2855 5882 4
2863 4081 8
2863 4032 9
2863 3147 10
2863 3354 3
2863 5882 3
2863 3460 4
2863 4236 1
2863 4861 10
2863 3576 6
2863 3598 8
2863 4348 6
2863 5346 4
2863 5480 1
2863 3268 9
2863 3322 8
2863 4406 4
2863 4459 9
2863 4962 7
2879 3573 3
2879 4962 1
2879 3270 3
2879 5307 6
2879 4874 2
2881 3576 10
2881 5346 3
2881 4700 8
2881 4874 3
2881 5796 6
2886 3078 3
2886 4294 5
2886 3832 9
2886 5589 6
2886 5634 1
5605 5666 7
5605 5568 1
5605 3193 1
5605 3771 2
5605 4482 8
5605 4734 4
2931 2951 8
2931 4962 6
2931 5066 10
2931 4109 10
2931 4700 4
2931 3680 10
2931 4874 9
2931 5590 2
2931 3278 2
2937 5279 10
2944 5553 8
2944 4109 3
2944 765 10
2944 5001 3
2944 3680 9
2944 4962 7
2944 4043 1
2944 3978 2
2944 3576 8
2944 3266 1
2944 3468 9
2944 5590 10
2944 3270 4
2944 5279 6
2944 2951 8
2944 5066 9
2944 3925 7
2944 4874 8
2944 3278 5
2949 3635 3
2949 3574 8
2949 3576 10
2949 5673 4
2949 5882 10
2951 3545 7
2951 5157 7
2951 5713 5
2951 4109 1
2951 3761 7
2951 4129 7
2951 4917 9
2951 4236 7
2951 5449 9
2951 5001 5
2951 3617 5
2951 3680 9
2951 4003 6
2951 4962 3
2951 3797 2
2951 4340 7
2951 4849 5
2951 3468 1
2951 4675 6
2951 5590 7
2951 3207 9
2951 5066 9
2951 3925 6
2951 5903 4
2951 4874 2
2951 2958 6
2954 5499 4
2954 5407 3
2954 3820 4
2954 3045 1
2954 3062 5
2956 3051 1
2956 4713 4
2956 5492 9
2956 3576 1
2956 4459 5
2956 5346 8
2956 5333 8
2956 3901 10
2956 5150 3
2956 5882 3
2956 5796 10
2958 3972 1
2958 3576 7
2958 3831 3
2958 5870 4
2958 4874 9
2958 5598 1
2958 3270 1
2959 2976 2
2963 4874 6
2972 3056 6
2972 1232 10
2972 5226 2
2972 3680 5
2972 5229 6
2972 4961 1
2972 4015 3
2972 3576 10
2972 5128 9
2972 5782 1
2972 5279 8
2972 5392 7
2972 5288 10
2978 3545 4
2978 3576 4
2978 3925 7
2983 5139 1
2997 5698 2
3020 4459 3
3020 3797 5
3020 5643 3
3020 4340 3
3020 3617 6
3020 5570 1
3020 3831 3
3020 4874 10
3020 3680 10
3034 4961 7
3051 3460 5
3051 3270 1
3051 765 1
3051 3088 6
3051 4962 1
3051 5796 5
3051 4043 10
3051 3978 7
3051 5150 7
3051 5899 8
3051 5590 9
3051 4430 4
3051 3901 4
3051 4459 10
3051 4874 3
3056 3546 4
3056 4015 7
3056 5128 6
3056 5618 3
3056 3301 9
3056 1232 2
3056 5279 3
3056 3624 10
3078 4517 10
3078 3373 6
3078 4294 2
3078 5164 9
3078 5052 7
3078 5189 4
3085 5066 5
3085 5342 4
3086 5007 1
3088 5882 5
3088 4740 6
3088 3972 1
3088 3680 3
3088 3576 10
3088 3491 1
3088 5899 5
3088 3617 9
3088 3270 7
3088 4459 7
3088 4248 1
3088 4874 1
3096 5694 3
3096 3331 4
3096 5442 4
3096 3576 1
3096 5480 1
3096 5393 7
3096 5870 6
3096 5882 8
3096 5550 1
3096 3617 7
3106 5189 3
3106 3561 1
3118 4874 1
4478 4163 1
4478 5317 1
4478 3576 8
4478 4585 5
4478 4555 2
4478 5800 6
4478 5279 10
3131 5189 9
893 4408 10
893 5772 5
3147 5124 2
3147 3574 7
3147 5442 9
3147 4459 3
3147 4340 2
3147 5544 5
3147 5150 6
3147 5882 1
3147 4874 7
3147 3617 5
3147 3901 7
3148 3576 1
3153 5139 10
3164 3915 8
3164 4962 10
3164 3468 7
3164 5896 3
3164 4109 5
3164 3576 3
3164 4874 8
3175 3385 1
1232 3546 6
1232 4946 3
1232 3624 5
1232 5128 4
1232 5716 1
1232 5618 8
1232 3301 4
1232 5279 6
1232 4961 3
3193 5542 2
3193 4223 7
3193 4795 5
3193 4400 5
3193 4482 6
3193 3808 9
3193 5203 6
3193 4653 5
3193 5666 9
3193 4562 1
3193 4734 7
3207 4635 5
3207 3692 3
3207 3617 7
3207 3925 5
3207 3797 10
3207 4656 3
3207 4874 3
3207 3915 9
3207 4236 1
3207 5801 5
3207 3576 4
3207 3680 10
3219 4700 7
3224 5177 3
3230 4081 5
3230 3759 6
3230 4340 10
3230 5072 5
3230 4032 4
3230 3460 7
3230 3926 3
3266 3574 2
3266 3576 3
3266 3617 10
3266 4962 5
3266 4874 4
3266 5590 1
3266 3270 8
3268 4339 3
3268 3574 5
3268 3576 10
3268 4459 2
3268 4340 2
3268 3617 4
3268 5480 6
3268 4962 3
3268 4967 2
3268 3460 5
3268 3270 7
3268 3322 9
3270 3641 5
3270 4339 7
3270 5882 2
3270 3460 7
3270 4236 3
3270 765 4
3270 5492 9
3270 3720 6
3270 4076 6
3270 3598 6
3270 3576 2
3270 3491 4
3270 5899 1
3270 4429 5
3270 5590 10
3270 4558 10
3270 3972 1
3270 3799 10
3270 3978 9
3270 5419 5
3270 5643 4
3270 3732 5
3270 4700 4
3270 4962 1
3270 3620 5
3270 4996 2
3272 3720 8
3278 5157 1
3278 5713 2
3278 5118 8
3278 4109 6
3278 5882 2
3278 4917 10
3278 5449 6
3278 4464 1
3278 5001 1
3278 3680 3
3278 4422 4
3278 4163 5
3278 3576 1
3278 5896 5
3278 3491 9
3278 3468 5
3278 3925 3
3278 5881 1
1807 4653 8
1807 4482 5
1807 4795 3
3285 3759 6
3285 3547 9
3285 5307 2
3285 4916 2
3285 5882 10
3285 3460 1
3285 4861 8
3285 3576 3
3285 5800 7
3285 3617 4
3285 4459 3
3285 4874 3
3301 1552 7
3301 4015 8
3301 4706 4
3301 5226 10
3301 5128 7
3301 3624 6
3301 4961 2
2535 3947 10
2535 4459 9
3322 4195 5
3322 5346 3
3322 4340 3
3322 3617 2
3322 5568 2
3322 5870 9
3322 4422 6
3331 3947 7
3331 3576 7
3331 5613 8
3331 5393 4
3331 4874 2
3334 3546 6
3334 3901 8
2132 4533 9
2132 3641 10
2132 4459 5
2132 4248 8
2132 3617 8
2132 3402 4
3353 4720 2
3354 4274 2
3354 4340 8
3354 5307 3
3354 4917 2
3354 5052 1
3354 4962 9
3354 3468 10
3354 5870 1
3354 4572 7
3354 4459 5
3354 4874 7
3354 3780 1
3358 3576 5
3358 3925 5
3370 4959 2
3370 3670 4
3370 5646 6
3383 5899 9
3383 4874 9
3385 4993 6
3385 3719 4
3385 5288 5
3385 5066 4
3385 3624 6
3385 5279 3
3385 5128 6
3397 4874 4
3397 4274 10
3397 5830 3
3402 3871 4
3402 3952 9
3402 5700 6
3402 3500 2
3402 3461 4
3402 3841 6
3402 5030 10
3402 5780 6
3402 4533 9
3402 4331 5
3402 3935 7
3402 4248 5
3402 5898 7
3402 3780 10
3418 3680 9
3441 4003 7
3445 5881 2
3455 3525 8
3456 4608 1
3456 4956 10
3456 4274 2
3456 5029 3
3456 5790 4
3456 4874 1
3456 5830 6
3457 4485 5
3459 4874 4
3460 4274 10
3460 5418 1
3460 4340 3
3460 3947 1
3460 4444 10
3460 3617 7
3460 4366 10
3460 5184 1
3460 3680 3
3460 3576 10
3460 4740 6
3460 5125 2
3460 3574 2
3460 4331 3
3460 4962 3
3460 5346 8
3460 3468 7
3460 5899 6
3460 5289 6
3460 4406 10
3460 4602 5
3460 5643 3
3460 4248 9
3460 5882 4
3460 5733 8
3460 4874 10
3460 5906 9
3461 4331 5
3465 4734 10
322 4192 1
322 3607 8
322 5139 6
3468 5066 4
3468 4874 1
3468 5590 5
3468 3680 5
3469 4571 5
3482 3919 2
3491 5650 6
3491 5643 7
3491 5882 9
3491 4236 9
3491 4444 6
3491 3340 6
3491 5568 4
3491 4459 8
3491 3720 5
3491 3680 5
3491 4591 2
3491 5796 1
3491 3573 8
3491 3574 5
3491 4195 7
3491 3947 6
3491 4962 9
3491 5899 7
3491 3617 1
3491 4331 4
3491 4602 3
3491 5544 10
3491 5733 10
3491 4076 3
3491 4874 3
3496 5342 5
3500 4331 1
3500 3641 4
3500 4248 10
3500 3576 3
3508 3799 8
3511 5442 6
3518 3576 1
3519 4126 5
3519 4274 6
3519 5345 4
3519 5643 2
3519 4340 1
3519 5184 10
3519 4874 6
3519 5052 5
3519 3617 3
3525 5404 2
3546 5072 6
3546 4961 5
3547 3576 5
3547 5346 7
3547 4700 9
3547 3831 4
3547 3680 4
3547 5772 4
3547 5870 5
3547 3617 4
3547 5796 2
3549 4874 3
3561 5066 4
3561 3373 6
3561 5553 7
3561 5227 4
3561 4078 9
3561 5189 8
3573 4861 1
3573 4874 4
3574 4126 2
3574 5882 2
3574 5307 2
3574 5449 6
3574 765 8
3574 5492 2
3574 3793 4
3574 5694 10
3574 4339 9
3574 4195 6
3574 3576 9
3574 5480 7
3574 3617 7
3574 3632 9
3574 5643 5
3574 3925 8
3574 4076 7
3574 5393 6
3576 4081 1
3576 4274 9
3576 5178 8
3576 4916 5
3576 4740 7
3576 3720 7
3576 4366 2
3576 5713 7
3576 4339 8
3576 4552 7
3576 4195 4
3576 5274 4
3576 4555 3
3576 5460 9
3576 5643 5
3576 3732 1
3576 5544 5
3576 5733 9
3576 4656 9
3576 5378 2
3576 5289 7
3576 5018 2
3576 3340 6
3576 765 1
3576 3617 7
3576 5743 6
3576 5125 9
3576 2918 10
3576 5346 3
3576 5480 4
3576 4675 7
3576 4572 3
3576 3658 8
3576 5393 4
3576 4874 8
3576 3759 8
3576 5489 10
3576 5307 5
3576 4236 8
3576 3947 10
3576 5578 8
3576 4792 3
3576 3680 5
3576 4032 6
3576 5052 10
3576 4880 5
3576 4406 3
3576 4962 4
3576 5772 10
3576 4389 3
3576 4700 1
3576 5589 2
3576 5870 9
3576 4429 5
3576 5590 5
3576 3901 2
3576 5568 2
3576 4602 3
3576 5325 1
3576 4248 6
3576 4889 4
3576 3785 6
3576 5066 3
3576 4056 1
3576 3781 4
3576 4043 8
3576 4340 5
3576 4294 2
3576 4150 5
3576 4444 1
3576 5016 5
3576 3972 9
3576 4091 6
3576 3896 4
3576 4449 8
3576 5150 9
3576 5796 1
3576 3598 2
3576 5613 1
3576 5345 6
3576 5896 4
3576 5899 10
3576 4533 2
3576 4663 1
3576 5882 4
3576 4076 7
3576 5906 9
3578 4459 4
3578 5346 3
3578 4700 4
3578 3680 8
3578 5772 9
3578 5899 9
3578 5796 3
3597 3947 3
3597 5184 1
3597 4874 7
3597 3617 6
3597 4602 5
3597 5830 7
3597 4444 5
3598 3978 1
3598 5492 5
3598 4962 3
3598 5870 5
3598 4874 5
3598 5590 1
3599 4039 7
3607 4907 7
3607 5348 8
3607 4192 8
3607 4300 3
3607 5139 9
3610 4136 1
3610 5348 4
3610 5139 1
3610 3919 6
3617 5178 4
3617 4916 7
3617 3896 4
3617 4861 1
3617 3993 1
3617 5628 3
3617 4740 3
3617 3720 10
3617 5713 8
3617 4339 7
3617 4003 6
3617 4917 7
3617 3635 2
3617 5643 10
3617 4849 9
3617 3641 2
3617 3831 6
3617 5029 6
3617 5480 4
3617 5482 4
3617 3935 6
3617 3947 6
3617 4692 7
3617 3680 6
3617 5772 3
3617 3958 10
3617 4429 4
3617 5590 4
3617 4430 7
3617 4248 3
3617 3925 2
3617 5875 3
3617 5694 6
3617 5157 8
3617 5228 2
3617 5333 3
3617 5882 7
3617 4444 6
3617 4711 6
3617 5393 6
3617 5899 4
3617 5441 7
3617 5442 4
3617 4713 9
3617 5088 1
3617 4076 7
3617 4328 6
3620 5650 4
3620 4962 3
3624 4015 6
3624 5226 3
3624 5288 3
3624 5618 2
3624 5279 6
3624 5128 6
3632 3740 10
3632 5449 2
3633 4874 1
3633 4274 8
3633 4956 10
3633 5830 1
3635 3797 7
3635 4874 6
3641 4459 9
3641 5333 3
3641 3831 4
3641 5072 5
3641 5870 2
3641 5882 2
3641 3720 4
3641 3680 7
3641 3935 6
3641 5643 8
3641 4248 5
3641 4874 8
3658 4533 4
3658 4740 4
3658 4248 1
3672 5066 7
3672 3719 4
3672 3680 5
3680 4274 7
3680 5178 3
3680 5714 7
3680 5449 3
3680 4740 4
3680 3719 3
3680 5001 4
3680 4339 6
3680 4003 2
3680 5007 4
3680 5279 9
3680 3825 8
3680 5643 1
3680 3732 2
3680 4849 10
3680 5553 8
3680 4109 9
3680 3831 5
3680 5118 1
3680 4917 6
3680 4669 4
3680 5567 1
3680 5066 10
3680 5393 9
3680 4874 8
3680 5713 6
3680 4692 1
3680 4039 10
3680 4422 6
3680 4962 3
3680 5772 5
3680 4429 1
3680 5590 4
3680 4430 5
3680 4248 4
3680 3925 7
3680 4150 1
3680 5157 6
3680 5333 10
3680 5882 8
3680 3972 10
3680 5698 7
3680 5346 2
3680 5899 5
3680 4729 4
3680 5441 3
3680 4713 8
3680 4459 8
3680 4700 3
3680 4078 9
3692 4635 7
3692 4656 1
3692 4248 1
3692 4109 10
3692 4737 4
3692 4129 1
3692 4874 7
3701 4795 10
3701 1423 2
3719 5157 10
3719 5713 4
3719 5553 5
3719 5698 3
3719 5279 9
3719 4422 2
3719 3799 10
3720 4236 3
3720 4962 7
3720 3797 6
3720 4602 6
3720 4459 6
3720 3925 2
3720 4076 10
3720 4874 2
3723 3967 4
3723 4524 6
3723 3772 9
3731 5646 8
3732 4459 4
3732 5796 5
3732 5772 6
3732 5346 9
3732 4700 5
3732 5899 7
3732 5643 8
3732 4874 6
3740 5449 3
3744 4917 7
3744 4459 3
3759 4740 10
3759 5125 3
3759 4248 3
3759 5882 1
3759 5289 6
3761 4874 2
3767 4480 9
3771 5666 9
3771 4734 10
3771 4795 2
3771 4653 2
3771 4482 1
3772 3967 9
3780 5882 2
3780 4248 6
3785 5643 3
3797 5713 2
3797 5882 9
3797 4635 10
3797 5094 1
3797 4198 2
3797 5190 9
3797 5878 2
3797 3925 3
3797 4076 7
3797 4874 7
3799 5441 5
3799 5553 8
3799 5118 6
3799 4874 3
3799 5590 6
3799 4429 9
3804 5666 6
3804 4734 10
3804 4795 4
3804 5660 6
3804 4482 6
3808 5385 7
3808 4795 2
3808 5203 5
3808 1423 8
3808 4653 5
3808 4482 3
3831 5694 2
3831 4459 6
3831 5178 5
3831 4389 1
3831 4713 7
3831 4366 7
3831 5796 9
3831 5346 10
3831 5480 3
3831 5439 8
3831 5643 1
3831 4874 6
3832 5634 9
3852 5882 5
3855 5346 4
3859 5698 5
3872 5419 2
3896 4274 4
3896 4720 5
3896 5184 2
3896 4874 5
3896 5830 7
5568 4740 6
5568 3972 7
5568 4861 7
5568 5203 4
5568 4328 4
3915 4635 2
3919 4907 10
3919 4654 6
3919 5742 4
3919 4136 7
3919 5716 10
3919 4059 10
3919 4300 10
3919 5139 1
3920 5768 1
3920 4948 4
3935 4740 7
3935 4608 8
3935 4956 7
3935 4274 5
3935 5029 6
3935 5790 8
3935 4874 6
3947 5376 9
3947 5118 9
3947 4740 5
3947 5613 8
3947 4389 3
3947 5882 10
3947 4679 5
3947 5442 5
3947 5696 5
3947 3925 2
3958 5628 10
3958 4850 7
3962 4274 3
3967 4524 4
3968 4916 1
3968 3978 4
3972 5796 8
3972 4195 8
3972 4700 6
3972 5870 9
3977 5666 10
3977 5598 9
3978 4962 1
3978 4874 3
3978 5590 1
3986 5229 2
3987 5279 3
3993 5643 5
3993 4459 9
4003 4874 6
4015 5368 3
4015 5288 6
4015 5392 10
4015 5618 7
4015 4859 4
4032 5178 8
4032 5643 8
4032 4459 8
4032 5882 5
4039 4700 10
4039 4340 9
4039 5772 4
4039 5796 10
4043 5544 3
4076 4602 4
4076 3925 4
4076 5643 4
4076 5882 3
4076 4874 2
4078 5589 4
4078 3373 4
4078 4294 8
4081 5178 4
4081 5643 4
4081 4874 1
4081 4459 4
4081 5882 7
4091 4889 8
4096 5666 10
4103 4893 2
2668 5527 4
4109 4236 6
4109 5590 8
4109 5066 1
4109 4874 6
4109 365 4
4109 5041 1
4110 4889 9
4126 4274 1
4126 5029 5
4126 765 9
4126 5052 6
4126 4874 6
4129 4656 8
4129 4737 5
4129 4236 5
4129 5041 2
4135 4459 6
4135 5088 10
4136 5716 3
4136 5139 2
4150 5346 9
4150 4248 8
4150 4700 7
4166 4874 2
4176 4329 5
4195 4740 3
4195 4485 5
4195 4861 8
4195 4328 3
4195 4889 2
1423 4795 10
1423 5203 9
1423 4653 7
1423 4482 5
4212 5128 4
4223 4795 3
4223 4653 10
4223 4482 6
4236 4656 3
4236 4459 4
4236 3925 2
4236 5041 1
4243 4459 5
4248 4459 10
4248 5882 6
4248 4665 2
4248 4962 5
4248 4331 2
4248 5899 6
4248 4533 4
4248 4406 9
4248 4602 8
4248 5643 9
4248 4469 8
4248 4849 3
4248 4874 4
4274 4608 10
4274 5157 5
4274 5790 5
4274 4444 5
4274 4446 5
4274 4956 10
4274 4663 10
4274 5743 1
4274 5184 6
4274 5772 4
4274 5052 10
4274 4422 5
4274 5102 4
4274 4720 1
4274 5029 4
4274 2918 1
4274 5345 4
4274 5810 9
4274 4572 5
4274 5482 7
4274 5439 1
4274 4917 5
4274 5419 5
4274 4459 3
4274 5422 2
4274 4874 3
4274 5830 6
4279 4874 7
4294 4517 7
4294 5589 4
4294 4892 6
4294 4349 5
4294 5553 10
4294 3373 9
4294 5164 2
4294 4874 5
4294 5189 3
4300 5139 3
4314 5342 2
4328 5029 9
4328 4602 1
4328 4459 3
4328 4340 1
4328 5422 1
4328 4874 5
4328 4444 10
4329 5342 8
4331 5780 3
4331 5882 3
4339 4459 8
4339 5906 7
4339 4366 10
4339 4962 7
4339 5899 6
4339 5882 5
4339 4874 10
4339 5590 2
4340 5694 6
4340 5088 9
4340 5333 6
4340 5882 8
4340 3340 8
4340 4464 3
4340 5643 7
4340 3925 6
4340 4849 2
4340 4874 1
4340 5041 5
4349 5800 6
4366 5001 2
4366 3925 2
4366 5882 2
4366 4874 7
4366 4525 3
4366 5796 2
4375 5125 2
4389 5694 9
4389 5274 9
4389 5480 1
4389 5393 8
4389 5870 5
4389 5882 6
4389 4874 6
4395 4607 3
4400 4556 4
4400 4482 1
4404 5698 5
4404 5496 6
4406 5643 4
4406 5333 4
4406 4459 8
4417 4946 2
4422 5157 5
4422 4962 7
4422 5713 10
4422 5346 9
4422 5743 4
4422 5772 4
4422 4874 1
4422 4572 3
4429 4962 1
4429 4874 4
4430 5796 7
4432 4482 1
4434 5460 5
4434 5307 5
4444 5882 9
4444 5125 10
4444 5870 3
4444 5482 10
4444 5088 6
4444 4874 2
4446 4874 5
4446 5790 4
4459 5178 9
4459 4917 2
4459 4740 5
4459 5274 6
4459 4849 5
4459 4861 1
4459 5125 1
4459 5480 7
4459 5393 6
4459 4874 6
4459 5041 9
4459 5307 5
4459 5228 6
4459 5052 2
4459 5772 7
4459 3925 9
4459 4889 6
4459 5875 9
4459 5694 9
4459 4974 1
4459 5333 3
4459 4713 2
4459 5346 5
4459 5088 2
4464 5896 3
4464 4874 3
4469 5643 5
4469 5882 2
4469 4572 9
4479 5416 4
4480 4874 5
4482 4734 1
4482 5203 10
4482 5247 2
4482 5578 4
4482 5660 1
4482 4795 6
4482 4556 8
4482 5666 8
4482 5542 5
4482 4653 9
4486 5342 8
3373 5589 1
4524 5066 4
4556 5666 8
4562 4795 9
4571 5646 1
4572 5029 7
4572 5681 9
4572 2918 5
4572 5052 6
4572 4874 9
4572 5830 3
4584 5164 1
4591 5882 7
3901 5346 3
3901 5772 8
3901 5882 7
4602 4740 8
4602 5643 3
4602 5052 5
4602 5482 2
4602 5088 5
4602 5882 1
3925 4656 3
3925 5713 5
3925 5578 7
3925 4874 9
4608 4956 10
4608 5029 5
4608 5052 7
4608 4874 1
4608 5830 3
5094 4874 10
5094 5157 8
765 4962 3
765 5544 5
765 4874 3
765 5590 9
765 5796 3
4653 4734 3
4653 5203 1
4653 4795 1
4653 5666 3
4653 5542 7
4655 4874 4
4656 4874 1
4656 5041 3
4663 5157 2
4663 4874 9
4665 5882 9
4669 5590 9
4675 5643 3
4675 5882 10
4675 4916 3
4675 5307 9
4675 4874 7
4692 5346 2
4692 5106 8
4692 5899 7
4692 4874 10
4700 5178 7
4700 5118 2
4700 4713 3
4700 5125 7
4700 5772 9
4700 5346 8
4700 5882 5
4700 5643 6
4700 4874 2
4706 5229 7
4711 5326 6
4713 5882 10
4713 5772 2
4713 5796 3
4713 5346 6
4713 5899 7
4713 4874 2
4720 4874 6
4720 5830 1
4734 5660 6
4734 5666 1
4737 4874 1
4740 5747 2
4740 5333 10
4740 5882 10
4740 4874 3
4763 5899 9
4779 5164 6
4795 5179 8
4795 5203 6
4795 5385 7
4795 5542 4
4795 5666 4
4849 5643 1
4849 5882 3
4849 4874 2
4864 5644 5
4874 5189 10
4874 5178 1
4874 4916 5
4874 4917 4
4874 5628 1
4874 5001 4
4874 5184 9
4874 5643 2
4874 5419 5
4874 5052 4
4874 5743 10
4874 5125 4
4874 5296 9
4874 5029 9
4874 5190 5
4874 2918 10
4874 5482 4
4874 5772 3
4874 5830 1
4874 5041 6
4874 5307 2
4874 5309 7
4874 4956 8
4874 5492 3
4874 5579 5
4874 5227 6
4874 5228 8
4874 5681 7
4874 5870 3
4874 5102 6
4874 5422 5
4874 5598 6
4874 5694 4
4874 5157 1
4874 5747 9
4874 5345 5
4874 5333 5
4874 5790 4
4874 5449 4
4874 5903 4
4874 5289 7
4874 4987 1
4874 5346 8
4874 5896 5
4874 4988 4
4874 5439 3
4874 4990 10
4874 5088 7
4874 4962 3
4874 5882 5
4880 5307 7
4889 5882 3
4907 5139 4
4916 5460 8
4916 5307 8
4917 5157 8
4917 5184 2
4917 4962 3
4917 5590 8
4917 5482 2
4917 5066 6
4948 5673 10
4956 5118 2
4956 5830 3
4961 5567 2
4961 1552 9
4961 5392 10
4961 5618 2
4961 5782 6
4961 5279 1
4962 5157 4
4962 5088 2
4962 5713 8
4962 5882 9
4962 5492 5
4962 5449 7
4962 5052 6
4962 5590 2
4962 5130 6
4962 5419 3
4962 5643 6
4962 5066 9
4962 5041 10
4988 5190 5
4993 5072 4
4996 5590 6
5001 5066 4
5001 5590 2
5029 5747 5
5029 5790 6
5029 5184 5
5029 5052 8
5029 5345 7
5029 5830 7
5041 5899 6
5041 5072 9
5052 5743 3
5052 5184 6
5052 2918 5
5052 5830 10
5054 5346 9
5066 5713 5
5066 5725 7
5066 5288 6
5066 5567 3
5066 5323 9
5066 5157 7
5066 5698 1
5088 2918 9
5102 5830 4
5109 5801 2
5118 5128 5
5118 5899 10
5118 5643 10
5125 5326 4
5125 5882 8
5128 5288 1
5128 5279 8
5128 5567 8
5139 5742 7
5139 5473 5
5139 5348 10
5150 5346 10
5150 5772 2
5150 5882 8
5157 5713 6
5157 5184 4
5157 5590 6
5178 5796 2
5178 5346 3
5178 5899 4
5782 5618 5
5782 5647 10
5184 5482 10
5184 5830 1
1552 5392 3
1552 5647 2
5203 5385 3
5211 5229 8
5226 5279 6
5228 5747 10
5229 5618 5
5236 5279 1
5251 5700 5
5254 5460 9
5254 5307 4
5274 5643 3
5279 5288 10
5279 5527 5
5279 5618 3
5279 5567 1
5279 5647 9
5288 5567 6
5289 5714 3
5307 5882 5
5307 5519 6
5333 5882 3
5333 5346 7
5333 5643 5
5346 5376 1
5346 5882 2
5346 5796 5
5346 5772 4
5346 5899 2
5346 5643 2
5348 5716 10
5385 5666 4
5393 3340 7
5393 5442 2
5393 5480 8
5393 5882 7
5404 5838 2
5419 5790 2
5442 5613 1
5442 5480 9
5442 5570 1
5442 5694 2
5449 5502 10
5449 5590 3
5460 5519 5
3340 5882 5
5480 5694 3
5480 5882 7
5482 5747 5
5482 5830 3
5492 5590 10
5527 5800 4
5553 5589 5
2918 5830 8
5567 5647 7
5589 5164 5
5590 5713 10
5590 5882 9
5590 5903 7
5613 5694 4
5634 5800 10
5643 5882 2
5643 5796 8
5643 5896 1
5643 5899 8
5643 5870 7
5643 5733 10
5643 5875 6
5644 5716 1
5660 5666 8
5681 5830 4
5694 5882 2
5713 5882 10
5870 5882 5
5733 5882 3
5743 5830 10
5772 5882 6
5772 5796 1
5790 5830 1
5796 5899 6
5800 5882 2
5882 5899 10
5882 5898 7
