# Local nodes
11
13
22
26
32
54
57
70
73
83
101
111
119
120
136
145
152
158
175
176
222
248
254
255
258
264
276
277
281
295
296
301
313
322
330
333
342
352
362
365
383
387
393
398
400
413
427
439
441
446
447
455
456
464
465
473
489
490
492
500
503
515
517
524
532
536
538
542
547
555
567
574
598
608
614
616
617
623
633
663
668
685
717
722
737
742
746
765
771
774
780
783
795
803
818
820
822
828
851
852
871
875
893
894
907
924
928
933
939
940
945
948
968
978
987
1000
1004
1010
1015
1048
1063
1073
1074
1079
1091
1094
1099
1118
1119
1123
1131
1143
1144
1146
1152
1162
1198
1207
1209
1210
1231
1232
1233
1278
1288
1299
1300
1302
1309
1310
1318
1346
1352
1393
1398
1405
1416
1423
1427
1443
1447
1449
1459
1472
1476
1478
1482
1487
1492
1502
1509
1517
1520
1535
1536
1544
1549
1552
1579
1581
1584
1591
1605
1606
1612
1617
1634
1642
1655
1664
1683
1689
1694
1696
1710
1714
1722
1727
1728
1729
1736
1747
1749
1751
1777
1780
1781
1787
1788
1793
1803
1804
1807
1808
1817
1821
1840
1854
1856
1858
1860
1864
1881
1897
1899
1901
1910
1912
1913
1921
1925
1926
1930
1932
1934
1941
1946
1948
1960
1966
1986
1999
2005
2009
2014
2016
2029
2030
2043
2047
2052
2061
2068
2080
2084
2097
2098
2115
2122
2127
2128
2132
2135
2139
2147
2149
2151
2178
2180
2189
2195
2210
2214
2219
2222
2276
2277
2278
2300
2317
2324
2325
2344
2355
2357
2368
2377
2382
2385
2403
2404
2405
2408
2409
2420
2424
2444
2481
2483
2493
2501
2502
2518
2519
2520
2560
2574
2578
2579
2582
2588
2591
2598
2602
2607
2618
2646
2650
2658
2668
2669
2671
2689
2696
2717
2725
2732
2740
2751
2767
2776
2785
2831
2836
2848
2854
2855
2863
2869
2879
2881
2886
2918
2927
2931
2944
2949
2951
2954
2956
2958
2959
2963
2972
2978
3019
3020
3022
3034
3042
3045
3049
3051
3052
3056
3062
3065
3078
3081
3085
3088
3096
3106
3120
3147
3153
3164
3175
3193
3207
3222
3230
3246
3266
3268
3270
3272
3278
3285
3301
3319
3322
3331
3340
3346
3354
3358
3370
3373
3383
3385
3390
3397
3402
3418
3455
3456
3460
3461
3465
3468
3469
3482
3491
3499
3500
3511
3519
3525
3546
3547
3561
3573
3574
3576
3578
3597
3598
3607
3610
3617
3620
3624
3628
3629
3632
3633
3635
3641
3658
3672
3680
3692
3701
3720
3723
3731
3732
3740
3759
3767
3771
3772
3775
3780
3785
3797
3799
3804
3808
3831
3832
3855
3871
3896
3901
3915
3919
3920
3925
3935
3947
3958
3967
3968
3969
3970
3972
3978
3993
4003
4015
4039
4059
4076
4078
4091
4098
4103
4109
4110
4124
4126
4129
4130
4136
4150
4192
4195
4223
4229
4236
4248
4254
4270
4274
4279
4289
4294
4300
4328
4329
4330
4331
4339
4340
4349
4366
4371
4372
4375
4389
4400
4404
4420
4422
4429
4430
4432
4434
4444
4446
4449
4459
4464
4469
4478
4479
4480
4482
4485
4516
4524
4533
4556
4562
4571
4572
4578
4584
4589
4591
4607
4608
4635
4653
4654
4655
4656
4663
4669
4675
4692
4700
4706
4711
4713
4720
4734
4737
4740
4779
4795
4834
4842
4849
4850
4853
4859
4861
4864
4874
4880
4889
4892
4916
4917
4927
4946
4948
4956
4961
4962
4973
4988
4990
4993
4995
4996
5001
5007
5023
5029
5030
5041
5052
5054
5088
5094
5125
5128
5133
5139
5150
5157
5164
5177
5178
5179
5184
5189
5190
5191
5203
5226
5228
5229
5251
5254
5274
5279
5288
5289
5296
5307
5309
5323
5333
5342
5345
5346
5348
5368
5385
5390
5392
5393
5404
5407
5419
5422
5433
5439
5442
5449
5460
5473
5480
5482
5492
5499
5527
5542
5544
5548
5550
5553
5567
5568
5570
5579
5589
5590
5598
5605
5613
5618
5628
5634
5643
5647
5660
5666
5673
5694
5698
5700
5713
5714
5716
5725
5733
5742
5743
5747
5772
5780
5782
5790
5796
5801
5810
5811
5830
5852
5869
5870
5875
5878
5881
5882
5896
5898
5899
# Ghost nodes
3
33
40
53
63
67
98
112
132
155
168
189
191
202
210
229
256
289
298
305
307
389
403
406
411
426
442
477
493
505
519
527
539
540
588
589
609
630
683
688
690
733
775
786
787
806
821
837
873
994
1003
1006
1095
1096
1106
1126
1138
1155
1166
1193
1197
1205
1273
1292
1294
1301
1323
1324
1341
1342
1350
1374
1383
1396
1400
1474
1489
1513
1526
1557
1572
1595
1641
1644
1660
1665
1668
1680
1711
1776
1798
1809
1846
1863
1891
1952
1965
2024
2026
2042
2059
2099
2105
2137
2153
2294
2299
2327
2329
2346
2352
2361
2366
2367
2390
2392
2397
2406
2429
2445
2453
2472
2509
2535
2547
2564
2572
2612
2619
2630
2654
2688
2691
2693
2738
2760
2777
2791
2827
2893
2937
2942
2976
2983
2997
3001
3086
3101
3118
3131
3139
3148
3159
3165
3178
3197
3210
3215
3219
3224
3234
3320
3334
3344
3353
3387
3394
3403
3405
3425
3428
3441
3442
3445
3457
3459
3496
3508
3518
3543
3545
3549
3553
3557
3569
3599
3604
3606
3669
3670
3719
3744
3754
3761
3781
3793
3812
3820
3825
3841
3852
3859
3868
3872
3891
3926
3940
3952
3962
3966
3977
3986
3987
3999
4032
4043
4056
4081
4096
4135
4160
4163
4166
4176
4180
4196
4198
4212
4219
4234
4243
4314
4348
4394
4395
4406
4408
4417
4421
4440
4484
4486
4517
4525
4528
4552
4555
4558
4570
4585
4602
4665
4673
4679
4691
4729
4763
4786
4792
4839
4848
4893
4907
4959
4967
4970
4974
4982
4985
4987
5016
5018
5062
5066
5070
5072
5075
5084
5102
5106
5109
5118
5124
5130
5209
5211
5227
5236
5243
5247
5262
5268
5317
5325
5326
5376
5378
5388
5401
5416
5418
5441
5452
5463
5467
5489
5496
5502
5510
5519
5520
5522
5525
5571
5578
5615
5644
5646
5650
5681
5696
5729
5768
5791
5797
5800
5813
5825
5838
5903
5906
