3 1712 7
3 3833 1
3 1172 3
3 5062 7
3 1449 2
3 3940 1
5 4698 8
5 521 9
5 4311 3
5 4398 1
17 2760 9
17 709 2
17 1333 3
17 2638 9
17 1835 4
17 521 9
17 1159 5
17 192 8
23 2374 8
23 4620 7
23 96 4
31 1957 1
31 4612 6
31 96 1
31 4620 3
31 2374 9
43 3563 10
43 4428 5
5744 4388 7
5744 1333 3
5744 402 5
5744 3341 6
5744 5003 5
51 4877 10
58 5173 6
71 621 8
76 790 1
78 1201 7
78 5762 7
78 5800 10
78 2915 3
79 96 10
85 2437 2
85 1182 4
85 5401 4
85 3160 10
85 430 10
85 1201 10
85 4426 7
85 3105 10
85 507 5
85 4698 3
85 5874 3
85 402 2
85 5644 3
85 3341 4
85 4934 2
85 5491 1
85 5085 7
85 4760 10
85 919 6
94 1594 4
96 1957 8
96 4620 2
96 4256 2
96 793 8
96 3988 7
96 2181 7
96 5072 9
96 2374 6
96 4317 9
96 5335 7
96 1510 8
96 4292 9
96 379 4
96 3580 1
97 4620 9
98 4549 9
98 4175 8
112 4082 5
112 2218 3
112 3172 9
112 2876 4
112 3259 8
112 1724 2
112 3894 8
112 2007 5
112 4359 8
112 4030 5
112 1256 9
112 1546 1
112 192 10
112 5181 6
112 5095 4
112 1639 5
112 4545 7
112 835 5
112 493 5
112 1458 4
112 4841 10
112 639 7
112 741 8
112 657 3
112 1933 4
112 1461 7
112 4397 3
112 646 3
112 4009 6
112 1171 6
112 293 4
112 5194 9
112 749 7
112 4561 6
112 5196 6
112 2138 9
112 1374 4
112 1365 7
112 1467 8
112 2142 9
112 5645 10
112 1275 4
112 116 8
112 1367 1
112 4935 7
112 5115 9
112 5014 5
112 2243 1
112 1370 10
112 4767 6
112 2624 4
112 3921 1
112 2437 8
112 3288 7
112 2724 2
112 4634 7
112 5658 9
112 2336 5
112 672 8
112 4776 1
112 4398 8
112 3840 1
112 1870 1
112 5662 2
112 839 7
112 4116 3
112 4672 3
112 5032 1
112 4307 2
112 5665 9
112 423 4
112 4783 8
112 2924 4
112 4951 7
112 3941 1
112 4913 2
112 3564 3
112 3667 10
112 2835 6
112 2557 2
112 1133 6
112 4316 8
112 3399 3
112 4131 2
112 3221 8
112 1208 7
112 4581 10
112 1594 8
112 5861 4
112 3310 9
112 3311 6
112 2416 9
112 1223 5
112 4241 1
112 5774 10
112 4140 3
112 2971 6
112 2366 3
112 621 4
112 2665 8
112 4886 2
112 2573 9
112 3416 6
112 156 4
112 4249 1
112 346 3
112 5690 7
112 443 1
112 882 9
112 5426 1
112 4021 3
112 4708 6
112 2583 5
112 3783 2
112 452 1
112 710 10
112 5427 3
112 1815 9
112 892 4
112 1068 9
112 5099 7
112 1822 5
112 813 7
112 168 4
112 1625 7
112 1433 10
112 2589 3
112 3833 5
112 5252 6
112 978 10
112 721 4
112 4723 3
112 1243 4
112 4621 1
112 4753 6
112 273 2
112 1833 7
112 5804 10
112 4077 3
112 5892 2
112 4176 6
116 1374 9
116 5099 10
122 2089 8
3006 2292 1
3006 5578 2
3006 3748 10
3006 4637 2
3006 2479 6
3006 1267 3
142 621 1
148 2218 8
148 1625 3
150 1163 6
156 4581 3
156 1171 8
156 3833 9
156 2541 5
156 4913 8
156 909 8
156 4753 7
156 1374 3
156 346 3
156 1929 1
156 1625 3
156 4672 3
156 3348 10
156 1159 3
156 738 10
156 4634 4
156 4951 10
156 2573 10
156 4783 6
161 5860 4
161 1252 9
161 5428 9
161 3136 2
161 4448 3
161 2290 2
161 4950 2
161 2055 5
161 671 5
161 4175 9
161 1903 7
161 4549 10
161 2805 8
161 1070 1
161 3504 6
164 5400 1
164 430 1
164 5491 5
164 320 5
164 3648 9
168 3580 10
168 3911 9
168 1374 10
168 4146 1
168 3402 6
168 3399 8
168 5426 8
168 3617 2
168 919 5
180 4447 1
180 4454 2
191 5828 5
191 5253 1
192 4877 7
192 1163 10
192 1401 8
192 629 7
192 1201 8
192 888 1
192 1919 2
192 1950 9
192 798 6
192 3483 7
192 2624 7
192 3751 7
192 5247 6
192 637 10
192 3648 4
192 5842 4
192 5741 9
192 1303 3
192 310 4
192 5291 2
192 4545 3
192 5002 9
192 2416 5
192 672 1
192 4590 2
192 226 1
192 493 8
192 2446 2
192 709 2
192 3160 4
192 1069 4
192 430 9
192 1333 5
192 1103 10
192 1708 1
192 4672 4
192 2638 8
192 1075 3
192 2760 10
192 4428 5
192 2038 7
192 5800 1
192 2573 1
192 3729 5
192 4698 4
192 4458 4
192 4353 5
192 4307 9
192 4311 3
192 5197 7
192 3894 10
192 5644 7
192 1374 6
192 1324 1
192 270 7
192 1835 7
192 1943 2
192 3939 8
192 5688 9
192 5835 4
192 5085 6
192 4951 1
192 1159 2
192 4030 1
194 2218 6
214 3654 2
214 4133 1
214 1034 3
214 4548 9
214 4902 6
216 1199 1
216 4826 4
216 5412 3
216 853 5
216 273 9
216 5792 2
216 3302 9
218 5369 3
1324 4291 7
250 493 3
250 2760 7
250 3119 10
250 637 2
250 4746 3
250 4249 3
250 3556 3
250 4252 1
250 1700 6
250 2143 2
1515 5402 3
257 2760 8
257 709 5
257 1172 5
257 4466 9
257 4426 8
257 5644 8
257 1835 1
257 1159 3
257 1333 5
270 4877 3
270 1163 3
270 1172 10
270 4515 1
270 1097 7
270 1377 1
270 5644 5
270 625 5
270 5756 10
270 4428 10
270 1236 5
270 5835 9
270 5085 9
270 5828 1
270 4441 4
273 4776 9
273 3778 1
273 4984 8
285 2229 3
1744 5861 2
310 2760 5
310 709 9
310 1172 9
310 629 2
310 1333 2
310 5644 4
310 2638 8
310 1919 3
310 4545 8
310 3833 4
310 1159 7
318 3729 2
318 3971 5
318 1075 9
318 1069 2
318 3105 4
318 4307 8
318 2366 2
318 4877 6
318 2573 6
320 2437 5
320 5400 5
320 3833 7
320 3654 7
320 430 5
320 4698 1
320 5839 4
320 4030 10
320 4934 4
320 882 4
320 5085 10
320 5487 9
320 5661 4
324 2312 7
324 3704 7
324 3264 8
324 645 10
324 3413 3
324 433 8
324 4954 8
324 1430 10
324 1699 10
324 2063 1
324 1980 10
324 3203 4
324 5591 2
324 4108 5
324 5679 10
326 4249 4
326 1333 1
326 5498 6
340 2245 10
340 4447 6
340 3013 4
340 4336 9
340 2218 2
346 3667 3
346 2624 1
346 4445 2
346 5181 6
346 5338 4
346 5099 5
346 2511 7
346 738 7
346 3833 6
346 5252 8
346 4140 7
346 721 3
346 4672 8
346 3202 5
346 4783 4
346 1374 4
346 4146 6
346 5853 8
346 1625 7
346 4951 3
346 1933 1
372 2437 9
372 521 5
372 4723 10
372 4249 1
377 2923 3
377 3704 5
377 645 7
377 1885 3
377 3203 9
377 5591 4
377 860 5
377 3756 4
377 3130 2
377 433 6
377 4954 7
377 1430 3
377 1699 4
377 3413 1
377 1980 8
377 3238 9
377 5558 6
377 3878 7
377 5391 5
377 4108 2
377 5679 9
399 1068 8
402 4877 1
402 1163 5
402 1201 2
402 5644 1
402 3341 1
402 4934 5
402 4776 3
402 5003 7
402 2573 7
406 2312 6
406 3576 1
406 5800 9
418 2636 9
418 2218 8
418 3104 3
418 2089 8
418 4611 10
418 3668 3
418 4738 10
423 4563 7
423 2218 8
423 1367 6
423 2557 4
423 5014 7
423 3894 7
423 1830 2
423 1701 7
423 3873 9
423 3667 3
423 3288 8
423 3971 1
423 3311 9
423 1791 5
423 2624 6
423 5099 5
423 4397 1
423 4398 2
423 1574 5
423 5252 1
423 721 5
423 4116 9
423 5181 2
423 819 6
423 5665 9
423 5402 6
423 5194 5
423 3098 8
423 749 6
423 3580 5
423 2138 3
423 1374 7
423 2601 8
423 5853 2
423 443 10
430 2218 5
430 3668 10
430 3483 4
430 1256 5
430 3648 10
430 1182 10
430 2416 2
430 493 9
430 3833 9
430 4724 4
430 2366 3
430 5498 2
430 1491 7
430 1833 7
430 4249 7
430 5491 5
430 3348 8
430 4934 10
430 1445 8
430 4336 3
433 1699 8
433 3704 8
433 1885 3
433 3264 5
433 5679 8
433 645 3
433 860 2
433 3130 6
433 1980 1
433 4954 4
433 5391 7
433 3413 10
433 3203 1
433 3828 2
433 5558 1
433 2514 1
433 5591 1
433 3756 8
433 2063 5
437 2760 7
437 1333 5
437 5644 2
437 1943 1
437 5291 6
437 3122 7
443 4082 2
443 2218 6
443 2656 8
443 4935 3
443 3259 3
443 5014 10
443 3783 4
443 3894 4
443 4269 6
443 1701 5
443 3667 9
443 3288 6
443 1594 1
443 819 8
443 3310 10
443 3311 10
443 2624 6
443 813 5
443 1830 1
443 5099 10
443 4984 4
443 639 10
443 4397 1
443 721 2
443 4116 2
443 5181 1
443 4723 1
443 4291 1
443 5095 9
443 5402 4
443 3098 9
443 749 2
443 3580 5
443 1374 9
443 4146 7
443 4077 7
443 2737 1
443 4407 4
450 5861 1
450 3643 8
452 4397 8
452 1374 10
486 4030 9
486 1172 4
486 697 4
486 5208 5
491 2760 4
491 1943 3
491 1835 2
491 4746 2
491 5644 1
493 4013 6
493 4877 10
493 1163 5
493 3667 9
493 2835 6
493 1370 4
493 5447 5
493 3751 7
493 637 10
493 4814 6
493 5099 9
493 835 7
493 5004 8
493 5563 7
493 836 4
493 1069 5
493 4097 5
493 4698 7
493 1075 3
493 2366 8
493 4672 3
493 5727 1
493 3729 7
493 4311 7
493 2952 2
493 2967 10
493 1910 9
493 5644 6
493 1374 8
493 3687 3
493 5853 4
493 1943 6
493 4252 10
493 5085 10
495 4447 9
495 2218 6
495 3202 8
495 4984 4
497 4009 4
497 3098 8
497 3311 2
497 4146 10
497 2366 8
497 1159 1
507 4249 7
507 5270 10
507 4934 8
511 3504 2
511 5431 2
511 5451 1
511 1944 4
511 4175 1
511 1184 9
511 2290 8
511 619 4
512 760 6
521 3303 9
521 4877 8
521 3105 9
521 2437 2
521 829 2
521 790 5
521 1889 1
521 1069 6
521 4882 1
521 4307 8
521 2366 10
521 4428 7
521 675 8
521 796 2
521 3450 1
521 1075 7
521 2643 9
521 5197 7
521 1173 2
521 3846 5
553 5504 2
556 1075 7
556 3105 8
559 621 1
561 2589 2
561 3846 4
566 4698 8
566 1039 10
566 5491 3
583 5644 3
585 2437 6
585 3381 6
589 697 7
591 3238 2
591 1430 4
591 2760 8
591 5644 5
3087 1252 5
3087 4549 4
3087 4175 3
619 1252 3
619 966 5
619 2288 9
619 1813 1
619 2055 2
619 1206 3
619 1903 4
619 3504 2
619 5860 3
619 4448 3
619 5431 10
619 4814 5
619 1184 5
619 671 7
619 3552 3
619 4549 5
619 1070 2
619 5428 2
619 3136 5
619 2805 3
619 3099 4
619 2290 10
619 4950 1
619 4385 4
619 1944 5
619 4175 7
621 4021 2
621 1370 7
621 1374 8
621 2624 6
621 869 2
621 3667 4
621 3288 2
621 5095 8
621 3873 1
621 1639 1
621 4958 1
621 3311 7
621 5099 1
621 1432 6
621 5408 4
621 4398 8
621 3529 5
621 5746 9
621 5612 4
621 4116 5
621 4723 10
621 4753 5
621 4945 5
621 4403 1
621 2573 4
621 2897 10
621 5267 1
621 4639 5
621 5645 10
621 1471 9
625 4043 10
625 2218 4
625 1383 3
625 2762 2
627 4466 8
629 2760 3
629 709 8
629 1201 6
629 1333 4
629 5644 9
629 1835 1
629 5291 6
629 3668 8
629 3833 1
629 1159 4
631 1075 4
631 4097 2
637 4013 4
637 2218 5
637 3833 9
637 2952 8
637 5644 4
637 4877 2
637 4252 10
637 3483 8
639 892 5
639 3288 5
639 2218 2
639 1367 8
639 1374 7
639 835 3
639 3894 10
639 1625 10
639 5099 1
639 1275 5
639 725 8
639 3667 7
645 3264 10
645 4565 10
645 3413 2
645 4954 8
645 3704 3
645 1699 2
645 5679 4
646 1374 2
1068 3035 9
1068 3288 4
1068 2327 7
1068 1367 5
1068 892 9
1068 1374 4
1068 835 1
1068 3894 6
1068 5099 6
1068 1275 10
1068 725 7
1068 3014 6
657 1374 8
671 5860 1
671 4253 8
671 5428 6
671 3136 2
671 4448 3
671 5431 3
671 2055 4
671 4385 10
671 4175 1
671 1184 5
671 4549 6
671 5266 3
671 1206 2
671 2805 10
671 3504 6
672 2218 1
672 1367 7
672 5861 4
672 1201 1
672 1370 10
672 1810 6
672 2624 8
672 1546 8
672 2159 9
672 4398 10
672 1433 4
672 1458 2
672 4753 10
672 4698 6
672 4097 2
672 2573 9
672 2638 10
672 1374 5
672 1625 8
672 1574 8
675 1712 1
675 1107 7
675 4447 4
675 839 7
675 5085 1
684 2229 5
684 4637 9
684 2924 1
689 3288 4
689 1625 8
694 5266 2
694 1070 3
697 1815 3
697 5181 2
697 5173 9
697 1367 3
697 5861 4
697 4140 4
697 870 10
697 979 1
697 2535 10
697 1243 2
697 1919 6
697 777 6
697 2237 4
697 1933 3
697 3668 2
697 2967 4
697 5487 9
697 4030 6
710 1815 3
710 3520 4
710 1420 3
710 4140 9
710 2557 2
710 1260 4
710 4447 4
710 5517 9
710 3312 7
710 5644 9
710 4477 6
710 1201 7
720 838 2
720 5588 10
721 2218 5
721 1040 6
721 1367 6
721 5861 9
721 2835 1
721 1201 2
721 3894 5
721 3399 1
721 5427 7
721 1546 2
721 3667 10
721 1594 7
721 1639 6
721 790 2
721 2383 7
721 835 10
721 4398 9
721 1574 8
721 4753 10
721 2573 7
721 749 5
721 5218 9
721 1374 6
721 5690 3
721 5426 7
724 4549 8
724 5679 3
724 4175 4
725 2589 8
725 2437 5
725 2760 2
725 3105 2
725 5644 5
725 1374 7
725 1365 4
725 5762 1
725 3846 2
725 1743 1
725 2762 4
725 2350 4
725 5085 10
725 3240 2
725 2143 6
738 4445 9
738 5181 8
738 1171 9
738 5194 5
738 5252 5
738 4753 1
738 2638 9
738 2218 10
738 1625 2
738 4951 3
738 2624 9
749 1039 1
749 2218 4
749 3667 2
749 2835 1
749 5402 9
749 1724 9
749 1503 10
749 2624 8
749 3873 10
749 3288 9
749 1594 4
749 5099 5
749 3840 9
749 3160 1
749 4753 10
749 5800 8
749 2573 9
749 749 7
749 1374 6
749 4249 3
749 1625 5
749 5085 3
749 5426 9
4561 3288 9
4561 2218 5
4561 1374 5
4561 1625 7
4561 2624 7
760 1724 5
760 4708 1
760 3971 3
760 5278 5
4612 1003 9
776 1458 3
778 5085 10
5067 2218 6
5067 4447 1
5067 4466 5
5067 5842 2
5067 4353 10
5067 4398 10
790 2437 9
790 4043 1
790 2499 9
790 293 5
790 3416 10
790 4723 9
790 4249 9
790 2366 9
790 2218 2
790 5498 4
790 5003 5
796 5644 9
798 4013 3
798 3206 7
798 1401 1
813 5181 3
813 2218 10
813 5563 3
813 5861 1
813 5252 4
813 4116 2
813 1374 3
813 3667 3
813 5099 4
813 1701 3
813 4359 3
813 2624 8
813 1367 4
819 2218 8
819 1594 4
819 1367 8
819 5861 1
819 5014 3
819 5645 2
819 1625 7
819 4398 8
821 1374 4
832 5402 4
834 5451 5
835 4082 9
835 2218 6
835 3667 3
835 5014 8
835 2243 10
835 3399 3
835 1256 4
835 2624 2
835 1208 8
835 3288 3
835 3310 1
835 4545 2
835 3921 5
835 4116 10
835 1133 6
835 1724 8
835 1833 2
835 2915 6
835 1374 7
835 1467 7
835 5690 10
835 1625 4
838 4441 3
839 4241 4
839 2437 3
839 1810 4
839 4753 4
839 5853 2
839 1929 10
839 3846 5
839 5085 10
839 5338 8
853 3778 3
860 1252 2
860 2741 6
860 4565 2
860 4954 7
860 1699 8
860 1885 4
860 3130 4
860 1430 9
860 5679 3
860 1980 5
860 2182 2
860 3878 6
860 3704 3
860 3238 5
860 3413 2
860 5591 2
860 3264 1
860 3756 4
860 2923 4
860 5391 8
860 3203 1
860 5855 5
860 4108 3
861 2218 6
861 3206 1
870 1097 10
870 5756 3
870 4030 4
870 5828 10
870 1236 8
872 5644 10
3134 5860 9
3134 4814 1
3134 2288 2
3134 1813 3
3134 4950 4
3134 4385 9
3134 4175 1
3134 3552 9
3134 5266 7
3134 1206 2
3134 1903 10
3134 1070 7
3134 3504 7
882 5022 4
882 1367 5
887 2437 3
887 3668 6
887 1445 5
888 2760 5
888 709 8
888 1333 10
888 5644 9
888 2446 1
888 1943 2
888 3668 2
888 3833 10
888 1159 9
892 4753 4
892 1374 5
892 4269 10
892 2624 6
3136 5860 9
3136 4801 3
3136 5428 1
3136 5803 8
3136 2435 7
3136 5451 9
3136 1813 4
3136 4448 7
3136 2805 8
3136 5431 6
3136 1184 6
3136 4175 1
3136 1903 4
3136 5855 9
3136 4549 7
3136 4253 5
3136 4385 8
3136 3504 7
898 5644 1
909 2243 10
909 4634 2
909 4951 6
909 4753 10
919 1039 9
919 1815 1
919 5662 5
919 4140 3
919 2876 7
919 1201 4
919 4426 5
919 4753 2
919 4133 2
919 4146 5
919 1933 9
919 5491 2
919 1625 7
919 3399 5
919 4934 10
919 5270 2
919 4634 8
919 4698 3
919 4545 5
931 3668 1
931 709 8
931 1159 4
931 2760 1
978 1374 7
979 5181 10
979 2218 5
979 1367 3
979 5861 8
979 5252 5
979 1374 5
979 1625 4
996 3089 5
996 2576 5
996 1638 3
996 2967 7
996 3840 9
996 4724 7
996 777 4
996 4403 2
1011 3119 4
1017 3026 1
3159 3119 1
1039 4551 9
1039 3288 10
1039 3667 9
1039 3764 10
1039 5402 2
1039 1468 3
1039 2915 4
1039 5085 7
1039 3880 4
1039 5099 6
1040 5427 3
1044 293 6
1044 2218 3
1044 5003 5
1069 4877 9
1069 3105 9
1069 3668 7
1069 1236 2
1069 4551 1
1069 3833 9
1069 1333 6
1069 2638 10
1069 1075 3
1069 2366 10
1069 3341 6
1069 5828 3
1069 1172 7
1069 4307 7
1069 5644 3
1069 5466 5
1069 2123 1
1069 5835 5
1070 5860 5
1070 966 8
1070 5803 8
1070 1813 9
1070 5431 1
1070 4950 4
1070 1184 7
1070 4385 10
1070 4175 6
1070 5266 6
1070 1206 1
1070 1903 5
1070 3504 1
1071 2876 10
1075 3303 2
1075 4877 8
1075 5400 10
1075 3105 5
1075 5552 6
1075 1504 4
1075 1815 9
1075 1172 8
1075 1943 3
1075 4551 7
1075 1333 2
1075 3833 2
1075 4140 10
1075 3026 4
1075 5437 3
1075 4307 4
1075 2366 2
1075 5259 1
1075 2038 8
1075 3341 3
1075 4906 6
1075 2234 9
1075 3729 10
1075 3450 5
1075 5217 6
1075 2123 10
1075 2952 7
1075 5197 8
1075 5644 3
1075 4249 7
1075 3668 5
1075 5466 7
1075 5835 5
1075 1159 2
1075 1933 4
1076 1815 6
1076 2760 9
1076 3833 8
1076 4140 1
1076 1333 3
1076 4746 4
1076 5644 9
1076 1835 1
1076 5800 1
1076 1933 8
1076 1700 2
1076 5859 3
1077 1374 8
1097 1163 3
1097 5381 6
1097 5756 1
1097 5644 9
1097 1255 1
1097 4515 3
1097 1236 5
1097 5828 7
1097 4377 6
1103 2760 9
1103 1333 2
1103 5644 6
1103 3668 8
1103 1943 1
1103 1164 8
1103 1700 4
1103 1159 6
1104 2181 7
1104 3580 3
1107 4447 4
1107 1712 3
1107 5245 8
1107 5644 4
1108 2316 1
1108 709 10
1108 2746 2
1108 3833 9
1108 4877 4
1109 3608 3
1133 1724 2
1133 2218 10
1133 1374 7
1133 2243 2
1133 1625 9
1151 3581 2
1151 5318 2
1151 2123 10
1159 3520 2
1159 4877 3
1159 2987 9
1159 4913 4
1159 4208 1
1159 1201 10
1159 4609 2
1159 3668 10
1159 3991 2
1159 709 8
1159 2378 2
1159 5859 4
1159 5429 8
1159 4581 5
1159 1763 6
1159 1659 10
1159 5842 5
1159 5741 4
1159 5291 2
1159 4388 5
1159 1943 3
1159 5863 1
1159 1223 4
1159 4551 2
1159 1929 7
1159 3833 4
1159 1333 2
1159 1708 1
1159 2638 7
1159 4030 8
1159 1935 4
1159 5002 1
1159 1700 1
1159 3556 10
1159 2760 6
1159 5688 5
1159 5644 6
1159 2980 2
1159 3758 1
1159 1835 3
1159 2865 4
1159 3939 6
1159 1486 3
1159 4252 6
1159 1444 10
1159 2038 4
1164 3708 2
1164 5756 1
1164 2123 10
1171 4445 4
1171 5181 1
1171 5252 5
1171 4140 5
1171 4753 7
1171 1625 1
1171 4672 4
1171 4634 7
1171 2624 7
1171 1933 7
1172 4013 6
1172 4877 10
1172 5401 4
1172 3105 3
1172 2437 5
1172 5381 2
1172 3312 3
1172 5002 7
1172 2316 8
1172 3833 10
1172 4426 8
1172 4428 2
1172 3556 6
1172 4906 7
1172 3729 10
1172 4311 10
1172 4307 2
1172 2967 9
1172 5197 9
1172 5644 9
1172 4252 6
1172 5835 8
1172 5085 6
1172 4540 5
1172 2903 1
1172 2698 7
1173 4708 3
1173 4249 3
1173 5498 8
1173 836 2
1182 5491 6
1182 3648 4
1184 966 10
1184 1813 10
1184 2055 10
1184 2880 3
1184 1206 5
1184 1903 7
1184 3504 6
1184 5860 5
1184 4448 8
1184 5431 2
1184 5451 5
1184 3552 6
1184 4549 4
1184 5428 8
1184 3099 9
1184 5803 5
1184 2290 9
1184 4950 9
1184 4385 3
1184 4175 3
1190 3846 2
1190 2143 6
1197 2064 3
1199 3778 1
1206 5860 10
1206 2290 6
1206 1813 2
1206 5803 3
1206 5431 6
1206 4385 7
1206 4175 10
1206 3552 5
1206 4549 3
1206 5266 4
1206 2805 10
1206 3504 6
1208 2218 3
1208 1374 7
1208 5690 4
1208 1625 6
1208 5426 8
1208 4398 2
1208 3873 9
1208 3921 3
1596 5645 4
1216 4698 5
1216 4154 10
2185 2123 1
2185 5370 9
1699 1252 1
1699 2603 4
1699 2741 8
1699 4565 7
1699 4954 8
1699 2410 6
1699 2221 4
1699 5558 9
1699 2292 4
1699 1885 4
1699 1430 3
1699 2974 8
1699 5769 9
1699 3130 7
1699 4637 6
1699 2063 6
1699 5829 8
1699 2514 3
1699 5679 7
1699 3681 7
1699 3413 4
1699 2946 9
1699 3238 7
1699 3704 2
1699 3828 8
1699 5591 9
1699 4122 1
1699 3264 1
1699 2182 7
1699 5391 8
1699 3203 7
1699 5855 9
1236 2437 1
1236 4311 9
1236 1810 3
1236 5217 3
1236 1577 9
1236 1201 3
1236 4307 6
1236 5197 2
1236 4877 4
1236 1943 6
1236 4030 8
1236 5002 7
1236 5291 6
1236 5381 10
1252 1446 4
1252 4954 1
1252 4182 10
1252 4210 4
1252 5558 2
1252 3504 6
1252 2292 7
1252 1885 4
1252 3748 3
1252 4637 4
1252 5679 3
1252 1980 1
1252 3704 4
1252 1267 4
1252 4122 10
1252 5391 5
1252 4385 2
1252 4175 1
1252 3203 5
1252 3828 8
1253 2229 8
1255 2576 6
1255 3840 10
1255 5756 4
1259 4416 4
1260 1815 3
1260 3520 5
1260 4140 10
1260 2557 2
1260 1933 3
1260 4477 10
1262 2011 4
1262 2583 1
1262 4746 6
1267 966 6
1267 2292 10
1267 4637 1
1267 4182 1
1267 5558 1
1267 3504 6
1275 1367 4
1275 5861 10
1275 5564 3
1275 5014 4
1275 1374 3
1275 1625 5
1275 3399 1
1275 4176 7
1275 5426 4
1275 4398 7
1275 2573 5
1303 2760 3
1303 709 2
1303 1333 1
1303 5644 2
1303 1950 3
1303 3833 2
1309 2760 3
4021 3288 5
4021 2218 5
4021 1374 1
4021 1625 7
4021 5665 8
4021 2624 4
4021 3873 6
1351 2303 7
1351 5644 8
1365 2589 9
1365 2437 9
1365 4043 10
1365 2303 6
1365 5330 5
1365 3430 4
1365 5370 2
1365 4447 3
1365 4869 1
1365 3846 10
1365 4428 7
1365 5085 5
1365 3889 2
1365 4398 8
1367 2218 10
1367 1367 8
1367 5861 8
1367 1401 4
1367 5402 10
1367 1370 8
1367 3399 1
1367 2624 9
1367 3667 5
1367 3288 5
1367 1594 9
1367 4447 9
1367 4398 1
1367 1943 10
1367 5252 8
1367 4116 10
1367 5181 9
1367 4753 1
1367 2638 8
1367 4269 3
1367 5194 9
1367 2783 2
1367 4407 7
1367 1374 7
1367 3758 9
1367 1625 9
1367 5085 2
1367 5426 7
1370 5861 4
1370 1458 5
1370 5014 3
1370 3783 4
1370 2624 6
1370 1546 2
1370 3667 9
1370 3288 9
1370 1467 8
1370 5252 8
1370 2383 5
1370 5099 10
1370 2915 3
1370 4398 6
1370 3840 8
1370 5774 3
1370 3833 8
1370 3160 6
1370 5181 3
1370 5665 6
1370 4886 6
1370 1374 6
1370 4146 6
1370 2924 7
1370 1625 7
1370 3584 2
1375 4241 7
1375 836 10
1375 3764 9
1375 5853 4
1375 5338 5
1375 2915 1
1375 5085 4
1377 1163 6
1383 1163 8
1383 3387 5
1383 5644 9
1383 4441 3
1383 4428 9
1383 5835 9
1383 5085 3
1383 1864 8
1387 4251 2
1401 4013 4
1401 2724 3
1401 5861 8
1401 2971 3
1401 1374 8
1401 4249 4
1401 4359 4
1401 2624 3
1401 3206 6
1412 4698 10
1412 5182 6
1412 5727 5
2209 4549 6
1420 4140 1
1445 1638 3
1445 5835 8
1446 4637 1
1446 4182 7
1446 3704 4
1446 3748 3
1451 4013 5
1451 4551 10
1451 2366 8
1451 5762 1
1451 4466 6
1458 5774 2
1458 3758 7
1458 4528 7
1458 1374 5
1458 4146 5
1458 1467 8
1458 4753 9
1458 4398 3
1458 1546 1
1458 5099 7
1461 4776 8
1461 4984 6
1467 5774 9
1467 1374 9
1467 1724 5
1467 5645 8
1467 2573 5
1468 2967 3
1468 777 4
1468 2915 8
1468 3764 8
1491 1201 10
1500 966 6
1503 2218 3
1504 2760 9
1504 3105 10
1504 5644 7
1504 4307 2
1504 3450 9
1504 2123 8
1510 2374 7
1510 4292 9
1510 4256 9
1510 4620 3
253 3203 4
1539 3288 7
1539 709 2
1539 5644 4
1541 5828 8
1546 2218 8
1546 3288 3
1546 1374 10
1546 3894 2
1546 1625 10
1546 4269 5
1549 2366 4
1201 2218 5
1201 1201 2
1201 5014 1
1201 2243 8
1201 3783 3
1201 3668 3
1201 4154 8
1201 1256 1
1201 3221 8
1201 2573 6
1201 1870 4
1201 4877 2
1201 3570 1
1201 2624 3
1201 3154 5
1201 5099 2
1201 3833 1
1201 5563 4
1201 4140 6
1201 4753 8
1201 4724 10
1201 2638 10
1201 2366 10
1201 5498 6
1201 4097 2
1201 3341 9
1201 5828 9
1201 4698 6
1201 1833 9
1201 2760 4
1201 4611 5
1201 5270 4
1201 3483 10
1201 5804 5
1201 4146 1
1201 1835 1
1201 4934 4
1201 5491 1
1201 1933 10
1567 4698 7
1567 5491 2
1567 4398 6
1574 5774 3
1574 1594 3
1574 4753 8
1574 1374 1
1574 3783 9
1574 3894 4
1574 1625 9
1574 5099 10
1574 4886 8
1574 2573 2
1575 2288 5
1577 4013 8
1577 4877 7
1577 5756 8
1577 5828 1
1577 5315 10
1592 2181 4
1592 3580 9
1593 5645 3
1594 4563 8
1594 2218 10
1594 2557 2
1594 5014 6
1594 3894 5
1594 1830 9
1594 1701 2
1594 3873 1
1594 3667 8
1594 3288 3
1594 3971 7
1594 3311 2
1594 1791 10
1594 2624 9
1594 5099 7
1594 4397 3
1594 4398 3
1594 4116 10
1594 5181 2
1594 5665 9
1594 5402 2
1594 5194 8
1594 3098 3
1594 3580 4
1594 2138 1
1594 1374 6
1594 2601 2
1594 5853 9
1608 5762 5
1625 4082 5
1625 2835 2
1625 2243 5
1625 3667 4
1625 3399 4
1625 4269 10
1625 2007 8
1625 4359 10
1625 5426 6
1625 4634 3
1625 2624 1
1625 4581 9
1625 3288 2
1625 3017 9
1625 5095 2
1625 1639 7
1625 3311 8
1625 2808 10
1625 1791 6
1625 2416 3
1625 2383 2
1625 3873 2
1625 4398 9
1625 5099 8
1625 5774 9
1625 4841 9
1625 3160 5
1625 4116 6
1625 5181 3
1625 4672 1
1625 5032 4
1625 2336 3
1625 4753 2
1625 2783 9
1625 5665 4
1625 4403 10
1625 2573 9
1625 1223 4
1625 5194 5
1625 3783 1
1625 3580 2
1625 1374 3
1625 3758 6
1625 5690 1
1625 4077 8
1625 4951 8
1631 4708 2
1631 3833 6
1638 4426 6
1638 4724 4
1638 5491 1
1638 5270 8
1639 3288 6
1639 2218 5
1639 4082 1
1639 1374 5
1639 2624 9
1639 5774 6
1639 5665 9
1639 4398 10
1639 3921 5
1644 4549 9
1657 5762 3
1659 4913 3
1659 2449 9
1659 4272 7
1659 5863 5
1669 5013 7
1669 3202 1
1669 2366 2
1669 1835 5
1669 4428 3
1669 2990 10
1669 5398 8
4251 1866 4
4251 2229 9
282 2432 1
1679 5253 8
1679 4249 7
1679 3876 3
1701 5181 3
1701 3667 6
1701 5252 8
1701 5099 8
1701 2624 2
1708 2760 1
1708 709 5
1708 1333 7
1708 5644 9
1708 3833 4
1712 4563 10
1712 4877 2
1712 3013 6
1712 3991 2
1712 5603 3
1712 3154 1
1712 4138 1
1712 4986 9
1712 5315 10
1712 5563 3
1712 4351 6
1712 4672 7
1712 4310 3
1712 5465 7
1712 5644 1
1712 2400 3
1712 2762 6
1712 2350 4
1712 4336 7
1712 1743 1
1721 2366 6
1724 3288 2
1724 2218 2
1724 5426 2
1724 3310 4
1724 4082 3
1724 2243 5
1724 5690 1
1724 3399 9
1724 1374 6
1724 4951 9
1724 5645 9
1724 3921 4
1743 2218 2
1743 4447 5
1743 3105 5
1743 5099 5
1743 4310 6
293 2218 3
293 2783 2
293 3259 4
293 2733 9
293 5003 9
1763 2760 9
1763 709 5
1763 5644 9
1763 1333 10
1243 4447 2
1243 2218 1
1791 3288 6
1791 2624 2
1791 4082 4
1796 3756 10
1803 5247 6
1810 4311 6
1810 1929 2
1810 3540 9
1810 4097 3
1810 4698 1
1810 5085 5
1810 4398 10
1813 966 4
1813 2055 8
1813 5266 1
1813 1903 6
1813 3504 1
1813 5860 1
1813 4448 1
1813 5431 3
1813 3552 3
1813 4549 3
1813 5428 3
1813 3099 7
1813 2290 8
1813 4950 1
1813 4385 8
1813 4175 3
1815 4009 7
1815 3963 10
1815 4140 1
1815 4426 3
1815 3311 5
1815 5517 2
1815 1933 4
1815 2511 1
1815 2011 4
1815 3770 3
1815 2038 2
1822 1374 10
1822 4672 1
1822 2511 3
1822 4951 9
1830 4082 8
1830 2218 6
1830 3311 2
1830 1374 3
1830 4146 8
1833 2638 10
1833 3798 10
1833 4426 4
1833 4724 7
1833 4698 6
1835 3668 5
1835 3991 6
1835 709 5
1835 1700 8
1835 3154 10
1835 5863 3
1835 1929 10
1835 3833 10
1835 3160 2
1835 1333 5
1835 3202 6
1835 2760 6
1835 2449 7
1835 4458 7
1835 4353 3
1835 1943 6
1837 3214 4
1864 5571 8
1866 2900 1
1866 3912 2
1866 2229 1
1866 5800 7
1256 2638 4
1256 3798 8
1256 4426 9
1256 4724 6
1256 4698 2
1870 4551 4
1870 2437 5
1870 4869 1
1870 2967 5
1870 4272 7
1870 4466 1
1870 5085 3
1870 5426 3
1870 2012 9
1885 2312 3
1885 2741 5
1885 3756 7
1885 3878 1
1885 2292 1
1885 3413 6
1885 4954 9
1885 3203 7
1885 1430 6
1885 3704 4
1885 1980 6
1885 3238 9
1885 5591 6
1885 4108 1
1885 5679 4
1888 4307 6
1888 2123 9
1889 4249 10
1889 3928 9
1889 4723 7
1903 3377 3
1903 966 8
1903 2055 5
1903 3504 5
1903 5860 5
1903 4448 2
1903 5431 1
1903 3552 10
1903 5451 7
1903 4549 1
1903 5803 5
1903 2290 3
1903 4950 9
1903 4385 10
1903 4175 10
1909 4549 1
1909 4175 4
1910 2366 2
3302 5631 2
3302 3778 1
1914 4447 6
1914 4454 2
1919 3833 4
1919 5644 9
1919 3668 8
1919 1943 9
1919 4030 4
1919 5291 9
1929 3833 2
1929 2840 7
1929 5853 10
1929 5491 7
1933 3520 1
1933 2327 1
1933 3963 2
1933 2557 9
1933 3014 2
1933 3311 2
1933 3312 5
1933 5099 8
1933 2511 4
1933 3770 5
1933 4426 3
1933 5127 5
1933 5800 2
1933 2038 9
1933 2011 8
1933 4009 3
1933 2760 9
1933 5517 3
1933 4477 5
1933 4829 8
1935 4913 8
1935 2449 5
1935 5863 4
1943 5861 5
1943 3668 2
1943 709 3
1943 4466 5
1943 4545 10
1943 3833 1
1943 1333 1
1943 2638 6
1943 2366 8
1943 3341 7
1943 5828 4
1943 4458 2
1943 2760 4
1943 5644 8
1943 4909 10
1943 4249 7
1944 966 1
1944 4448 9
1944 5558 9
1944 3504 6
1950 1333 3
1950 709 5
1950 2760 6
1957 2181 6
1957 2374 5
1957 3580 1
1964 5253 1
1965 4175 10
1969 3988 2
1969 2374 3
1969 4620 2
1969 3151 1
1980 3238 6
1980 3878 2
1980 2741 9
1980 5391 3
1980 3264 3
1980 4565 9
1980 2292 1
1980 3130 6
1980 4954 8
1980 1430 9
1980 3413 7
1980 3203 8
1980 5591 8
1980 4108 2
1980 5679 10
1992 4814 8
1992 5170 2
1992 4877 10
1992 5315 7
1992 2143 10
2007 5181 5
2007 5252 3
2007 1374 4
2007 2624 4
2011 4140 2
2011 4141 6
2011 4746 3
2011 3570 6
2011 3381 9
2012 2589 10
2012 4869 9
2012 3154 8
2012 3846 8
2012 2915 7
2012 5278 8
2013 2218 10
2015 2063 3
2015 5369 2
2023 4416 4
2023 3681 7
2038 4551 3
2038 2760 5
2038 3833 3
2038 3826 10
2038 4140 2
2038 4466 4
2038 1333 2
2038 4746 2
2038 5832 5
2038 5644 4
2038 3608 8
2038 4353 5
2038 5842 4
2038 1700 4
2055 5860 1
2055 4385 2
2055 966 6
2055 5428 7
2055 5803 1
2055 4448 6
2055 2805 8
2055 5431 3
2055 4175 2
2055 5451 7
2055 4549 8
2055 4253 5
2055 3504 5
2063 2946 10
2063 3130 10
2063 3264 6
2063 1430 10
2063 3878 4
2063 3704 7
2063 4954 9
2063 4637 8
2063 3413 4
2063 5679 8
2063 3374 1
2063 5855 2
2063 5558 3
2063 5591 1
2063 4108 7
2063 2625 6
2064 5402 6
2074 5644 1
2089 3127 3
2089 3668 2
709 4388 7
709 3668 2
709 3991 9
709 1700 3
709 5859 2
709 3751 10
709 5842 5
709 5741 4
709 3312 5
709 5291 9
709 4545 8
709 5002 9
709 3198 9
709 3833 4
709 3245 10
709 1333 10
709 4902 10
709 2638 9
709 4307 1
709 3556 10
709 4698 7
709 4458 2
709 2760 8
709 5688 10
709 5644 3
709 4909 7
709 5517 4
709 3939 10
2316 2437 10
2316 2218 10
2316 3833 3
2316 5230 8
2316 3253 4
2316 4877 5
2316 2746 4
793 2181 6
793 3580 7
2123 4877 1
2123 5318 2
2123 5466 4
2123 3751 2
2123 2437 3
2123 3105 7
2123 2760 1
2123 4906 5
2123 3729 2
2123 3450 8
2123 4307 3
2123 3581 6
2123 5197 6
2123 5465 9
2123 5644 7
2123 5835 9
2138 2218 7
2138 2583 8
2138 1374 10
2138 4146 5
2138 2511 4
2142 3288 9
2142 1374 4
2142 3399 2
2142 5426 6
2142 4398 10
2143 4013 3
2143 4877 9
2143 1163 10
2143 4574 9
2143 3971 9
2143 5315 4
2143 4447 5
2143 4814 7
2143 4395 6
2143 4397 10
2143 4986 6
2143 3044 5
2143 4698 1
2143 4307 10
2143 5170 10
2143 3556 2
2143 2449 5
2143 4311 4
2143 2952 8
2143 5644 9
2143 1374 4
2143 2924 10
2143 3846 7
2143 4252 4
2143 5800 2
2143 5085 1
2143 2903 2
2143 2698 9
2143 5704 8
2159 4698 1
2159 2218 1
2159 4097 4
2182 5391 4
2182 5484 9
2182 4954 5
2182 1430 8
2182 3203 3
2182 5591 10
1223 4581 6
1223 4913 10
1223 1374 3
1223 3758 10
1223 5402 6
2189 5401 6
1444 4913 8
2221 4504 2
2228 1333 8
2228 4902 3
2228 2760 9
2229 5861 10
2229 3453 7
2229 3741 9
2229 4881 1
2229 2464 4
2229 5040 8
2229 5165 4
2229 4035 6
2234 3105 8
2234 3846 6
2239 1374 4
2243 3288 3
2243 2218 3
2243 3667 5
2243 4783 5
2243 3894 1
2243 5690 3
2243 1374 4
2243 4398 4
2243 2573 6
2245 4447 8
2245 4909 4
2245 4964 1
2245 3154 1
2245 4024 2
2271 5014 7
2274 1333 9
2274 4746 4
2285 3214 3
2288 3504 4
2288 5431 2
2288 4950 3
2288 4385 8
2288 4175 8
2288 3552 10
2290 5860 9
2290 966 2
2290 5428 4
2290 5803 3
2290 4448 6
2290 5431 3
2290 5451 2
2290 4385 8
2290 4175 6
2290 4549 6
2290 2805 4
2290 3504 3
1905 5498 7
2292 4122 6
2292 3748 2
2292 3203 6
2292 3704 2
2292 4637 10
2292 4182 10
2292 4210 4
2292 5558 10
2292 5391 10
2303 829 4
2303 4447 6
2303 5085 1
2308 1163 8
2312 4122 3
2312 5391 10
2312 4000 9
2312 3203 8
2312 2603 7
2336 2218 9
2336 1374 3
2336 5099 10
2336 2624 10
1333 1163 9
1333 4388 3
1333 3668 2
1333 1700 2
1333 5859 10
1333 3751 2
1333 2437 7
1333 4461 1
1333 2562 7
1333 3312 3
1333 5291 5
1333 3556 7
1333 4551 2
1333 3198 3
1333 3833 8
1333 2760 6
1333 4428 10
1333 1532 8
1333 4311 2
1333 4353 4
1333 3683 6
1333 5688 4
1333 4545 9
1333 5644 1
1333 3939 6
1333 5835 7
1333 5571 4
2346 5556 1
2350 4447 6
2350 2218 10
2366 4563 6
2366 4877 2
2366 1163 7
2366 3963 1
2366 3105 4
2366 5447 8
2366 2990 9
2366 2746 4
2366 2437 9
2366 2924 9
2366 4548 6
2366 2511 9
2366 3312 7
2366 3687 4
2366 5563 8
2366 4140 5
2366 3202 8
2366 5233 9
2366 4698 4
2366 4428 8
2366 2778 6
2366 5727 2
2366 4141 9
2366 3729 7
2366 4311 6
2366 5194 9
2366 4307 2
2366 5644 5
2366 4249 2
2366 5517 4
2366 5874 4
2366 5085 3
2371 3756 7
2374 4093 6
2374 4256 10
2449 4551 8
2449 2987 10
2449 2378 8
2378 4551 7
2378 2437 4
2378 3833 7
2378 4913 5
2378 5085 9
2378 5863 9
2383 2218 3
2383 4287 2
2383 5774 6
2383 2624 7
2400 4447 6
2400 2218 4
2406 5571 6
2410 3130 7
2410 1430 2
2410 3203 5
2410 5591 5
2410 4108 10
2416 4951 2
2432 4923 1
2432 4659 7
2432 3904 2
2437 4563 3
2437 2499 2
2437 4708 8
2437 5447 4
2437 2678 9
2437 2746 8
2437 2589 10
2437 4249 5
2437 3240 5
2437 5564 6
2437 3154 9
2437 3564 5
2437 4869 7
2437 3904 10
2437 3833 8
2437 3654 1
2437 2576 2
2437 5639 3
2437 2638 7
2437 3683 9
2437 3971 2
2437 4672 9
2437 5278 6
2437 5828 2
2437 2522 4
2437 4458 4
2437 5619 2
2437 3430 7
2437 5832 5
2437 5644 5
2437 3216 3
2437 2924 1
2437 4466 4
2437 3846 3
2437 4659 10
2437 5085 8
2437 3889 7
2437 4336 8
3387 3119 10
2446 4466 2
2446 4586 7
2446 5644 10
2487 4783 4
2499 4551 10
2499 3934 6
2499 4540 8
2511 4551 2
2511 4140 6
2511 2967 6
2511 777 2
2514 5391 7
2514 5769 7
2514 3704 8
2514 4954 7
2514 3413 3
2514 3238 7
2514 3828 7
2514 5591 6
2514 4108 5
2533 5639 8
2541 2218 3
2541 4753 8
2541 4783 6
2557 5181 2
2557 2218 4
2557 5252 4
2557 4140 1
2557 4407 2
2557 1374 9
2573 2218 3
2573 5014 7
2573 3783 3
2573 3399 3
2573 3742 7
2573 4154 3
2573 2624 10
2573 3873 10
2573 3288 2
2573 3160 10
2573 4398 3
2573 5252 1
2573 5181 8
2573 4097 3
2573 4307 7
2573 4269 4
2573 4753 7
2573 1435 7
2573 5665 6
2573 1374 7
2573 2924 2
2573 4951 4
2576 3840 2
2576 4724 7
2583 4009 5
2583 3971 10
2583 2840 4
2583 1374 10
2583 3381 2
2601 2218 1
2601 4447 2
2601 4249 5
2601 3971 10
2603 3704 6
2612 4175 10
2624 4082 7
2624 2218 1
2624 5861 9
2624 2835 10
2624 5402 4
2624 3894 6
2624 3667 5
2624 3399 3
2624 4359 3
2624 5426 4
2624 3873 2
2624 3288 4
2624 3311 4
2624 5099 10
2624 3840 4
2624 3160 5
2624 3770 5
2624 4116 1
2624 5181 1
2624 4753 7
2624 5665 8
2624 5252 2
2624 3783 9
2624 1374 6
2624 4249 9
2624 4077 4
2624 4951 6
2625 2946 10
2625 1430 5
2636 3668 3
2638 4082 2
2638 4877 7
2638 1163 6
2638 3668 7
2638 3833 1
2638 3751 4
2638 3570 6
2638 4545 7
2638 4590 9
2638 4753 7
2638 2638 5
2638 4097 5
2638 5278 4
2638 4698 9
2638 2760 10
2638 5644 8
2638 3939 3
2638 5835 3
2638 5085 7
2640 3668 10
2640 2760 7
2643 2218 3
2647 4385 3
2656 2218 6
2656 4398 10
2656 4753 1
2665 4877 9
2665 3564 10
2665 1374 2
2665 5853 8
2665 3971 3
2665 4252 2
2665 5812 3
2665 3873 9
2672 3240 9
3172 2835 5
3172 1374 1
2737 2218 10
2741 2946 10
2741 4565 4
2741 5769 2
2741 3704 3
2741 4954 3
2741 1430 5
2741 5558 1
2741 3878 4
2741 4108 9
2746 2589 2
2746 4877 4
2746 2967 5
2746 5644 2
2746 4428 4
2746 5085 1
2747 4428 2
2760 5400 7
2760 5401 4
2760 4877 8
2760 3991 2
2760 1700 2
2760 5859 4
2760 3751 7
2760 4393 8
2760 5842 1
2760 5741 8
2760 3312 3
2760 5291 9
2760 5002 4
2760 4590 3
2760 3880 3
2760 4545 1
2760 2865 2
2760 4140 2
2760 4428 6
2760 4030 8
2760 4458 1
2760 4311 6
2760 5688 4
2760 2967 7
2760 3833 7
2760 5644 3
2760 4909 9
2760 5517 8
2760 3668 10
2760 3939 1
2760 4252 9
2760 5716 7
2762 2589 5
2769 3880 9
2783 2218 6
2783 3833 5
2783 5861 2
2783 4882 2
2783 5003 8
2800 4175 4
2805 5860 9
2805 3504 6
2805 5428 1
2805 5803 2
2805 4448 5
2805 4385 3
2805 4175 2
2805 4549 5
2835 2218 1
2835 1374 9
2835 3894 9
2835 3667 7
2840 4746 5
2865 5644 10
2876 2218 5
2876 4447 7
2876 3580 5
2876 3911 6
2876 1374 8
2876 4146 1
2876 5564 3
2876 5233 9
2876 3399 5
2876 5014 3
2876 4269 6
2876 4176 5
2876 5426 1
2876 4634 4
2876 4131 6
2887 4708 3
2895 4549 5
2900 4954 3
2900 4175 4
2903 4013 6
2903 4551 9
2903 3934 6
2903 5853 2
2903 4252 9
2903 4540 4
2903 3044 3
2915 4241 2
2915 4353 2
2915 3667 7
2915 3764 8
2915 4466 5
2915 5832 1
2915 5402 1
2915 5466 5
2915 5099 1
2915 3341 5
2915 5085 7
2915 3904 10
2944 4043 1
2946 3130 8
2946 4954 4
2946 1430 5
2946 5591 1
2946 4108 6
2946 5679 1
2952 3119 3
2952 3105 9
2952 3556 1
5829 4954 6
5829 3413 6
5829 4108 10
5829 1430 9
2974 5591 9
2974 3130 3
2974 4108 9
2980 3833 8
5892 4447 5
5892 2218 2
2987 4551 6
2987 4913 7
2987 3833 3
2987 5863 6
2990 4935 1
3001 5571 3
3010 3904 4
3013 4447 9
3013 4909 6
3013 4964 10
3013 3154 4
3017 2218 1
3026 3105 8
3046 3253 6
3046 3880 5
3046 4882 3
3051 4043 10
3059 1430 2
3089 3840 2
3089 2218 9
3098 5181 10
3098 3667 1
3098 5252 4
3098 4287 5
3098 5402 6
3098 5099 4
3099 4385 4
3099 4221 1
3099 5431 7
3099 3504 10
3099 4175 9
3104 3399 1
3104 3782 3
3105 3303 8
3105 4877 4
3105 5756 6
3105 5466 1
3105 2589 6
3105 3833 10
3105 4307 7
3105 4906 8
3105 3729 10
3105 3450 3
3105 2967 6
3105 5197 3
3105 5465 2
3105 5644 7
3105 5835 10
3119 4013 4
3119 3181 6
3119 4877 6
3119 3326 1
3119 5644 2
3119 4252 10
3119 5294 4
3130 4565 10
3130 4954 2
3130 5558 8
3130 1430 1
3130 4637 5
3130 3878 3
3130 5679 9
3130 4987 8
3130 3704 2
3130 3238 7
3130 3413 10
3130 3756 5
3130 5391 2
3130 3203 10
3130 5758 6
3130 4108 9
3154 2218 3
3154 4447 5
3154 5644 9
1028 5828 2
3160 3288 3
3160 4858 10
3160 4426 7
3160 4082 1
3160 4097 8
3160 3894 4
3160 4934 8
3160 5491 4
3160 4398 5
3160 3873 3
3174 5828 2
2967 4551 3
2967 5619 5
2967 5085 7
2967 2589 8
2967 3904 10
3202 1486 9
3202 4773 2
3202 3991 10
3202 5853 7
3202 5398 10
3202 4336 3
3206 5835 3
3214 4056 2
3216 5085 7
3221 4426 2
3221 5491 1
3221 5466 8
3221 4934 5
3221 4398 6
1486 4913 6
3238 3704 6
3238 5591 1
3238 4565 1
3238 4954 4
3238 1430 5
3238 3413 5
3238 3203 10
3238 3878 9
3238 5391 4
3238 4108 10
3238 5679 8
3240 2589 8
3240 4869 5
3240 3846 10
3240 3991 5
3240 5085 7
3241 3203 5
3253 5338 10
3253 4882 9
3259 2218 6
3259 1374 4
3259 5774 5
3259 5690 6
3262 5402 9
3264 3704 4
3264 4122 9
3264 5591 8
3264 4565 10
3264 3756 9
3264 3413 2
3264 4954 4
3264 4000 9
3264 3203 9
3264 3828 4
3264 3878 3
3264 5391 6
3264 4108 9
3264 5679 6
3277 5558 9
3288 4082 3
3288 5861 5
3288 5402 10
3288 3894 10
3288 3399 2
3288 4269 3
3288 3873 3
3288 3667 6
3288 4397 6
3288 4398 10
3288 5099 7
3288 4116 4
3288 4753 10
3288 5170 7
3288 5665 3
3288 1374 6
3288 4176 8
3288 5426 5
3303 3846 2
3303 4307 4
3310 2218 10
3310 1374 5
3310 4398 4
3311 2218 10
3311 3667 5
3311 5014 4
3311 5665 6
3311 5181 5
3311 5099 3
3311 5252 10
3311 4140 3
3311 4097 9
3311 4009 8
3311 1374 8
3311 5645 1
3312 4140 7
3312 5644 8
3312 3833 1
2045 3203 3
3341 3729 1
3341 4311 10
3341 4877 10
3341 3833 7
3341 5644 3
3341 4428 2
3341 3668 10
3341 4934 7
3341 5278 1
3341 1163 5
3341 5085 8
3341 5003 10
3341 3846 3
3348 4698 4
3348 4753 6
3348 3648 10
2218 3894 1
2218 4359 6
2218 4634 4
2218 5181 2
2218 5095 6
2218 5099 7
2218 5637 6
2218 4269 7
2218 4472 6
2218 4291 8
2218 4753 3
2218 5194 9
2218 5196 7
2218 1374 8
2218 5861 2
2218 5014 9
2218 5874 2
2218 4403 10
2218 5658 7
2218 4397 4
2218 4398 6
2218 3840 1
2218 5563 1
2218 4116 8
2218 4407 7
2218 4783 10
2218 3758 7
2218 4951 8
2218 3667 6
2218 5402 5
2218 4025 7
2218 4043 9
2218 5774 6
2218 1816 7
2218 4882 1
2218 3416 3
2218 4146 4
2218 5216 7
2218 5068 2
2218 3591 10
2218 3783 7
2218 5245 5
2218 4984 6
2218 4723 6
2218 4531 5
2218 5704 6
2218 4454 5
2218 4964 9
2218 4077 7
2218 4176 6
3374 5369 1
3399 5861 1
3399 5014 7
3399 4131 9
3399 4634 1
3399 5099 3
3399 5662 8
3399 5233 8
3399 4307 4
3399 4269 5
3399 3580 9
3399 3911 10
3399 1374 9
3399 4176 2
3399 5426 9
3413 4565 7
3413 4954 4
3413 1430 10
3413 3748 3
3413 3878 8
3413 3756 9
3413 5679 8
3413 3704 5
3413 5591 8
3413 5391 10
3413 3203 1
3413 3828 10
3413 4108 10
3416 5498 8
3430 2589 3
3471 5662 5
3483 3648 8
3483 5644 4
3483 4698 6
3483 5491 4
3483 4760 9
3203 4565 9
3203 3850 9
3203 1430 10
3203 4637 5
3203 5679 2
3203 3878 7
3203 3704 3
3203 5591 7
3203 4954 5
3203 5391 9
3203 5855 3
3203 4108 1
3504 5266 3
3504 5860 5
3504 4448 10
3504 5431 5
3504 4814 7
3504 5451 8
3504 3552 8
3504 4549 8
3504 5428 7
3504 5803 3
3504 4385 4
3504 4175 5
3515 4013 7
3515 5762 5
3520 4140 5
3520 3668 5
3552 4814 9
3552 966 5
3552 5803 7
3552 4950 9
3552 4175 5
3552 4549 8
3552 5266 9
3556 4013 9
3556 4877 9
3556 5644 5
3556 4384 10
3556 4252 10
3556 3833 10
3563 4428 8
3564 3971 10
3564 5644 7
3564 1374 6
3564 5812 6
3570 5400 2
3570 5644 1
3570 4698 6
3570 4531 10
3570 3991 5
3570 5603 1
3576 4043 8
3580 5181 7
3580 5252 10
3580 5662 1
3580 5014 10
3580 4146 3
3580 5099 10
3581 5318 4
3584 3894 2
3584 4398 9
3584 3873 4
3584 4858 10
3586 4698 5
3595 4013 5
3595 4398 7
2589 3683 8
2589 777 10
2589 3846 8
2589 4046 10
2589 5571 4
3608 4353 10
3643 5800 8
3643 5861 10
3648 4698 7
3648 5491 6
3648 4760 5
3654 4133 3
3654 3654 6
3654 4466 4
3654 4548 9
3654 5085 6
3654 3880 7
3667 4082 8
3667 5861 5
3667 5014 2
3667 3894 5
3667 5427 5
3667 3971 8
3667 5099 10
3667 3833 1
3667 5252 9
3667 5181 6
3667 4753 9
3667 5665 2
3667 5402 6
3667 4009 8
3667 4783 1
3667 1374 6
3667 4146 8
3667 4249 4
3667 5853 9
3667 5426 6
3668 4877 8
3668 4447 10
3668 4548 6
3668 4545 9
3668 3833 7
3668 4097 9
3668 4428 2
3668 4906 6
3668 3729 10
3668 4698 3
3668 4458 10
3668 4311 10
3668 5644 6
3668 5085 6
3668 5639 7
3668 4336 3
3668 4030 5
3681 4504 4
3683 4307 7
3683 2924 3
3684 4549 6
3684 4175 4
3704 4565 10
3704 4954 5
3704 4504 4
3704 3748 10
3704 3747 10
3704 4637 1
3704 3756 2
3704 5679 7
3704 1430 10
3704 5591 8
3704 4122 3
3704 5391 7
3704 3828 9
3729 4877 7
3729 5762 5
3748 4637 5
3748 5558 5
3748 4182 6
3751 5644 4
3751 4545 9
3751 3833 8
3751 5004 10
3756 3878 2
3756 4954 8
3756 1430 6
3756 5591 5
3756 4108 8
3756 5679 4
836 5085 3
3758 5861 10
3758 4398 5
3770 4877 5
3770 4140 3
3770 4753 1
3770 5085 9
3770 5504 7
3770 5704 4
3778 4826 8
3778 5412 6
3778 5792 5
3783 5426 1
3783 4753 2
3783 4398 1
3783 3894 9
3783 5099 1
3783 1374 5
3787 4551 1
3787 4698 2
3790 5369 2
3790 5861 6
3798 4708 9
3798 4628 10
3467 5828 1
3801 1163 1
3826 4466 6
3828 4954 5
3828 4108 1
3828 5679 4
3833 4013 7
3833 4877 5
3833 1163 8
3833 4913 2
3833 5466 3
3833 3991 10
3833 5181 3
3833 1700 8
3833 5762 7
3833 4466 10
3833 5517 10
3833 5022 7
3833 5291 5
3833 4545 4
3833 5002 7
3833 4397 3
3833 5004 4
3833 4428 2
3833 4030 9
3833 5704 2
3833 4377 8
3833 4698 6
3833 4311 10
3833 4353 9
3833 5197 1
3833 5756 3
3833 5644 10
3833 3886 3
3833 5842 5
3833 3939 4
3833 4252 1
3833 5835 3
3833 5085 1
3833 5398 9
3833 5688 7
3840 4403 8
3840 3911 1
3840 1374 9
3840 4269 5
3840 5426 6
3840 4951 5
3846 5330 6
3846 5644 8
3846 4046 8
3846 5637 9
3873 4082 5
3873 4723 9
3873 1374 1
3873 5099 6
3873 4154 5
3873 5665 5
3873 4753 2
3878 1430 10
3878 5591 1
3878 5391 10
3878 4108 10
3880 5338 5
3889 5085 6
3904 4551 5
3904 4466 7
3904 5832 6
3904 777 1
3904 5085 3
3911 5662 10
3911 5233 7
3911 4249 3
3911 4634 5
3921 4082 2
3921 1374 3
3931 1374 8
3934 5564 5
3951 4097 1
3963 4140 2
3963 4336 8
3971 4249 6
3971 5085 4
3991 4882 7
4009 4140 9
4009 4672 10
4009 1374 6
4009 4698 10
4009 4316 7
4009 5517 2
4009 4877 5
4009 4882 10
4013 4672 2
4013 5762 1
4013 5717 5
4013 4522 9
4025 4447 2
4040 4447 6
4043 5544 3
4047 4175 6
4056 5571 2
4077 1374 4
4077 4886 6
4082 5068 9
4082 5402 5
4082 3894 10
4082 5099 4
4082 4398 5
4082 5774 1
4082 4116 9
4082 1374 5
4082 5690 9
4093 4620 3
4097 1435 3
4097 5401 8
4097 4753 7
4097 4146 8
4097 5644 2
4097 4698 2
4097 4249 7
4108 4565 5
4108 5591 8
4108 5769 4
4108 1430 2
4108 5679 9
4108 5391 10
4108 5064 10
4116 5861 1
4116 5252 9
4116 5181 5
4116 5014 7
4116 5665 6
4116 1374 5
4116 4398 9
4116 5645 5
4122 4954 2
4122 5679 6
4131 5426 7
4131 1374 7
4133 4902 10
4133 4548 7
4133 4477 10
4140 5099 5
4140 4426 1
4140 5800 2
4140 4249 4
4140 5517 3
4140 4477 1
4141 5762 2
4142 5369 4
4146 5252 7
4146 5662 4
4146 5181 6
4146 4753 1
4146 5099 3
2678 4447 10
2678 5085 9
4154 5401 6
4154 4426 1
4154 4698 8
4154 5216 5
4175 966 3
4175 5266 7
4175 5860 4
4175 4448 6
4175 5431 8
4175 4814 3
4175 4549 6
4175 5428 2
4175 5803 7
4175 4950 9
4175 4385 10
4175 5855 10
4176 1374 3
4176 4269 6
4176 4329 5
4176 5426 6
4182 4637 3
4182 5558 7
1374 3894 2
1374 5715 2
1374 4359 5
1374 4634 3
1374 5181 7
1374 5095 8
1374 4545 9
1374 741 5
1374 5087 5
1374 4291 6
1374 5196 2
1374 5645 8
1374 4935 4
1374 5115 6
1374 5014 7
1374 4767 6
1374 4397 8
1374 4776 7
1374 4398 7
1374 5662 9
1374 5032 4
1374 5665 8
1374 4869 8
1374 4407 1
1374 5218 5
1374 4951 8
1374 3941 6
1374 5402 6
1374 4316 3
1374 4269 2
1374 4581 7
1374 4403 10
1374 5861 5
1374 5774 3
1374 4886 3
1374 5690 7
1374 5426 10
1374 5427 7
1374 5099 2
1374 4984 1
1374 5252 3
1374 4723 8
1374 5347 5
1374 5170 5
1374 4753 2
4210 5558 1
4221 5803 2
4231 5556 5
4241 5800 7
4249 4877 3
4249 1163 4
4249 4548 8
4249 5291 3
4249 5099 3
4249 5002 9
4249 4724 8
4249 4428 3
4249 4311 5
4249 5197 3
4249 5644 6
4249 5517 1
4249 4252 10
4249 5085 4
4249 5426 9
4252 4563 4
4252 5564 2
4252 4746 3
4252 4461 6
4252 4986 3
4256 4620 4
4269 5861 10
4269 5014 1
4269 5426 2
4269 4398 4
4271 5861 9
4272 4551 3
4272 4466 8
4272 5491 7
4272 5727 4
4291 4723 1
4307 4877 1
4307 5291 2
4307 5002 5
4307 4545 7
4307 5828 6
4307 5217 5
4307 5197 6
4307 5644 3
4307 5571 3
4310 4447 7
4311 4466 1
4311 5466 5
4311 5491 8
4311 5828 2
4311 5859 7
4317 5072 1
4336 4551 1
4336 4466 3
4336 4428 3
4336 5644 4
4336 4563 1
5639 1163 6
5639 4384 2
5639 4428 8
4353 5842 3
4353 5644 2
4378 1163 9
4385 966 2
4385 5266 7
4385 5860 3
4385 4448 5
4385 5431 5
4385 4814 9
4385 4549 5
4385 5428 10
4385 5803 3
4385 4950 1
4388 5291 6
4398 3894 2
4398 4984 4
4398 5774 10
4398 4753 3
4398 5665 9
4398 5466 5
4398 5085 8
4398 5426 6
4403 5095 7
4403 4723 10
4403 5665 2
4407 5861 3
4407 3894 10
4407 5194 9
4426 5401 2
4426 5381 7
4426 4724 4
4426 4698 2
4426 5517 1
4426 5491 3
4426 4934 10
4428 4877 10
4428 4609 10
4428 5448 2
4428 4466 2
4428 4545 10
4428 2924 3
4441 5588 7
4445 4672 2
4445 4753 1
4447 5861 3
4447 5245 10
4447 5429 5
4447 829 2
4447 5003 4
4447 5230 2
4447 5563 7
4447 1816 7
4447 5216 7
4447 4701 8
4447 5853 6
4447 5085 5
4448 5860 10
4448 966 4
4448 5428 8
4448 5431 7
4448 4549 10
4458 5644 2
4458 4030 9
4466 4877 4
4466 1163 2
4466 5466 5
4466 4659 10
4466 4548 9
4466 4551 1
4466 5087 3
4466 5278 9
4466 5727 7
4466 4377 5
4466 5832 10
4466 5800 9
4466 5085 6
4482 5247 2
4504 4954 8
4504 1430 1
4515 4698 5
4515 5756 9
4522 4882 6
1700 4746 3
1700 4545 2
1700 5644 7
1700 3939 3
4528 5099 2
741 4550 3
4540 5564 9
4545 5247 5
4545 5000 10
4545 5291 2
4545 5004 7
4545 5644 2
4545 5085 2
4548 5085 8
4549 966 8
4549 5860 4
4549 5431 5
4549 5451 3
4549 5369 10
4549 5428 5
4549 5800 5
4549 5855 7
4551 4877 6
4551 1163 1
4551 4913 6
4551 5245 1
4551 829 9
4551 5863 9
4551 5085 2
4563 4708 3
4563 4698 10
4563 5085 10
4563 5315 3
4565 5591 5
4565 4954 3
4565 1430 2
4565 5391 5
4565 5679 5
4581 4913 1
4581 5085 6
4586 5644 8
4609 5338 9
4631 5517 3
4634 4783 4
4634 4672 10
4634 5014 5
4634 5426 5
4634 4753 9
4637 5558 4
4659 5085 4
4659 5832 9
4672 4783 4
4672 2924 1
4672 4753 10
4698 4030 1
4698 5645 10
4698 4934 4
4698 5491 7
4698 5498 2
4701 5185 7
777 5619 1
777 5085 6
4723 4753 1
4723 4984 3
4723 5665 8
4030 4746 4
4030 5644 1
4030 5828 6
4746 5644 6
4753 5861 5
4753 3894 6
4753 5491 2
4753 4951 9
4753 5099 1
4753 5665 8
4753 4783 4
4753 5853 8
4753 5426 5
4767 1163 5
4783 3894 6
4783 4951 8
4814 4877 6
4814 5431 3
4814 4950 10
4814 5085 3
5369 5748 3
5369 5680 5
5369 5018 5
5369 4950 10
5369 5556 1
5369 5860 3
4864 5644 5
4877 1163 9
4877 829 9
4877 5315 10
4877 5828 5
4877 5217 8
4877 5644 9
4877 2924 8
4877 5466 2
4877 5835 9
4882 5338 9
4882 5603 5
4886 5099 6
4902 4902 6
4909 5644 5
4909 5291 3
4913 5123 9
4913 5429 3
4913 5085 2
4913 5863 1
4934 5491 3
4934 5270 8
4950 5860 9
4950 5431 3
4950 5266 8
4954 5558 7
4954 1430 1
4954 5679 10
4954 5591 7
4954 5484 2
4954 5391 1
5000 5644 2
5002 5828 7
5014 5426 7
5066 5571 1
5095 5665 3
5099 3894 3
5099 5252 7
5099 5181 4
5099 5665 9
3939 5644 3
3939 5466 5
5132 5402 5
5181 5427 4
5194 5861 8
5197 5217 1
5197 5828 9
5217 5466 9
5217 5828 5
5218 5427 3
5230 5762 8
5245 5644 10
5245 5085 2
5252 5427 8
4377 5756 2
5266 966 7
5266 5803 10
5291 5644 9
5291 5828 1
5315 5756 4
5320 5644 3
5338 5853 10
5338 5085 2
5347 5800 7
5381 5401 8
5381 5756 7
5381 5828 7
5391 5558 6
5391 1430 1
5391 5679 1
5391 5591 9
5391 2923 8
5398 5853 3
5400 5401 10
5400 5762 6
5401 5427 9
5402 5861 9
5426 5861 8
5426 5662 5
5426 2924 9
5428 5860 5
5428 966 2
5428 5451 10
5428 5431 5
5431 966 4
5431 5860 10
5431 5803 7
5448 5564 1
5451 5860 2
5451 966 1
5451 5803 1
5832 5564 2
5466 5800 9
5491 5498 1
5504 5877 3
5517 5644 5
5517 5834 8
5558 5679 9
5564 5756 2
5571 2924 6
5591 1430 7
5591 5679 10
2924 5800 6
2924 5085 9
5644 5716 1
5644 4461 4
5644 5741 1
5644 5756 5
5644 5859 6
5644 5688 10
5645 5665 8
5679 1430 9
5679 5755 1
5679 5855 9
5680 5800 3
5085 5861 4
5085 5812 6
5085 5863 10
5085 5853 6
5803 5860 8
5804 5804 3
5812 5853 9
966 5860 5
