# Local nodes
6
12
14
16
19
21
37
40
41
50
56
59
62
71
82
102
116
126
142
143
149
167
170
177
182
183
197
199
201
205
213
215
228
232
234
236
237
238
241
242
243
249
259
260
261
266
288
294
303
317
321
325
328
331
339
353
357
364
366
367
381
390
391
392
394
397
399
404
409
421
422
434
436
438
451
459
467
476
483
494
504
509
534
540
543
553
559
570
572
577
593
606
615
620
632
634
650
652
667
680
693
705
716
728
751
755
769
770
781
789
799
806
807
808
827
833
840
841
847
854
857
862
864
865
866
869
896
916
927
930
942
943
952
956
957
962
963
967
973
976
998
1020
1024
1030
1047
1049
1052
1060
1072
1081
1098
1105
1110
1111
1115
1116
1124
1128
1132
1135
1140
1153
1156
1161
1167
1168
1175
1177
1183
1186
1190
1199
1203
1235
1257
1266
1269
1290
1291
1292
1298
1313
1315
1316
1325
1330
1354
1356
1361
1388
1392
1418
1419
1425
1432
1437
1463
1464
1469
1471
1485
1488
1490
1494
1498
1512
1522
1556
1566
1596
1607
1609
1615
1616
1623
1630
1637
1672
1677
1681
1688
1697
1706
1715
1733
1734
1735
1775
1782
1784
1795
1828
1834
1865
1873
1874
1875
1880
1882
1883
1886
1887
1892
1900
1906
1907
1937
1940
1945
1949
1951
1954
1959
1961
1991
1994
2018
2020
2022
2024
2025
2033
2039
2044
2045
2053
2056
2057
2062
2065
2070
2077
2092
2094
2095
2117
2119
2133
2134
2148
2167
2170
2184
2188
2191
2192
2193
2200
2212
2226
2241
2252
2254
2265
2268
2280
2281
2302
2304
2305
2306
2323
2327
2332
2333
2335
2341
2345
2348
2364
2380
2407
2411
2421
2454
2455
2456
2457
2459
2462
2473
2474
2476
2477
2489
2495
2517
2525
2529
2539
2568
2571
2575
2577
2590
2592
2604
2623
2627
2641
2643
2649
2653
2654
2655
2661
2677
2681
2682
2685
2692
2694
2699
2701
2710
2711
2722
2727
2750
2756
2765
2772
2773
2775
2778
2790
2794
2799
2803
2806
2809
2827
2830
2837
2844
2849
2851
2866
2870
2889
2891
2897
2902
2907
2912
2919
2938
2941
2945
2947
2957
2962
2964
2984
3014
3033
3035
3038
3039
3040
3048
3061
3074
3086
3095
3101
3109
3141
3142
3145
3161
3167
3183
3186
3212
3275
3284
3287
3289
3304
3316
3332
3342
3349
3351
3353
3355
3359
3362
3371
3382
3384
3388
3395
3396
3405
3435
3436
3467
3474
3479
3481
3493
3521
3528
3529
3532
3537
3542
3555
3558
3562
3602
3605
3640
3663
3669
3670
3676
3677
3685
3695
3703
3713
3715
3716
3726
3733
3738
3745
3749
3755
3761
3763
3774
3784
3786
3805
3810
3816
3818
3834
3837
3843
3844
3847
3854
3860
3877
3882
3886
3888
3892
3893
3897
3922
3927
3934
3941
3946
3949
3950
3953
3954
3956
3959
3961
3989
4007
4014
4018
4019
4022
4027
4029
4048
4052
4058
4074
4094
4095
4114
4127
4168
4172
4174
4177
4187
4189
4200
4209
4218
4220
4222
4224
4240
4258
4268
4276
4278
4281
4283
4297
4305
4309
4313
4335
4338
4344
4350
4355
4361
4370
4402
4412
4415
4451
4452
4473
4475
4484
4495
4497
4499
4503
4508
4509
4513
4521
4527
4536
4553
4557
4560
4566
4582
4588
4600
4615
4629
4633
4636
4639
4644
4646
4651
4657
4658
4681
4685
4687
4693
4697
4707
4725
4733
4743
4750
4758
4764
4765
4770
4771
4777
4781
4786
4790
4800
4802
4803
4805
4812
4817
4819
4828
4829
4833
4836
4837
4876
4879
4891
4895
4910
4921
4922
4933
4939
4945
4947
4958
4975
4980
4981
4983
4994
5010
5018
5031
5037
5044
5045
5050
5063
5092
5102
5103
5112
5115
5122
5126
5127
5129
5135
5142
5143
5161
5162
5193
5215
5219
5220
5223
5238
5244
5249
5258
5260
5267
5281
5283
5302
5303
5306
5327
5328
5331
5332
5334
5339
5340
5363
5367
5375
5380
5383
5386
5394
5399
5405
5408
5409
5410
5412
5413
5432
5443
5456
5457
5458
5463
5467
5475
5500
5506
5512
5515
5519
5532
5535
5547
5555
5573
5576
5586
5594
5596
5609
5612
5624
5630
5631
5642
5655
5674
5687
5702
5703
5706
5721
5722
5731
5739
5759
5761
5768
5821
5843
5847
5850
5854
5864
5865
5872
5877
5883
5897
5906
# Ghost nodes
18
63
112
128
137
175
187
191
216
239
329
356
442
447
482
484
496
505
521
527
557
578
588
589
598
621
630
638
654
683
684
690
711
773
775
787
791
877
921
923
939
997
1068
1091
1113
1118
1119
1155
1178
1230
1323
1348
1374
1387
1415
1448
1456
1474
1489
1499
1508
1521
1535
1564
1588
1595
1665
1705
1718
1723
1728
1732
1744
1760
1805
1836
1838
1842
1843
1853
1855
1864
1881
1904
1928
1933
1947
1952
1973
1987
1999
2061
2088
2143
2153
2218
2250
2307
2353
2366
2371
2406
2468
2472
2485
2499
2599
2630
2679
2693
2698
2726
2771
2786
2857
2874
2900
2903
2951
2960
2981
3030
3063
3081
3090
3099
3112
3166
3169
3178
3189
3203
3233
3241
3263
3294
3302
3306
3334
3345
3370
3374
3379
3445
3460
3482
3490
3506
3576
3595
3599
3610
3719
3766
3778
3788
3796
3799
3833
3846
3850
3859
3867
3868
3898
3920
3938
3987
4023
4028
4032
4059
4081
4107
4115
4121
4135
4145
4161
4171
4180
4184
4193
4226
4255
4271
4274
4324
4339
4341
4347
4378
4380
4394
4395
4530
4552
4585
4613
4614
4622
4626
4654
4665
4720
4752
4792
4813
4852
4873
4874
4878
4898
4915
4919
4929
4938
4952
4953
4959
4967
4970
5007
5016
5028
5048
5075
5099
5139
5163
5227
5277
5294
5307
5310
5313
5317
5325
5366
5369
5441
5460
5504
5510
5520
5523
5524
5534
5538
5564
5584
5604
5645
5652
5716
5732
5736
5742
5750
5751
5777
5787
5800
5825
5828
5830
5848
5886
5889
