6 5281 4
12 2148 10
12 3867 3
12 5768 5
12 527 4
14 1330 3
14 3685 4
14 540 4
14 4509 4
16 1734 7
16 5612 4
16 2148 2
16 1052 6
16 2677 1
16 3048 9
18 2654 4
18 5142 7
18 2094 5
18 3074 9
19 2851 5
19 5334 6
21 2025 7
21 5102 4
21 3726 3
37 494 2
37 2692 5
37 167 1
37 5258 9
37 2568 2
37 1892 7
37 2830 5
37 5475 2
37 182 5
37 2529 3
37 2849 8
37 4095 4
37 2281 1
37 4629 4
37 5303 6
37 288 5
40 4415 9
40 3892 5
40 5258 9
40 1775 8
40 1190 3
40 1118 3
41 3435 7
41 183 2
41 1140 3
41 288 4
50 1052 4
50 5768 8
50 3774 4
56 2722 10
56 434 5
56 2364 10
56 2025 1
56 4499 1
56 5655 6
56 577 6
56 5722 7
56 3405 9
56 303 4
56 5142 9
56 4725 4
56 3669 4
56 5687 9
56 634 8
56 3074 3
56 1991 4
56 4876 3
56 4697 8
56 5102 8
59 494 5
59 4898 5
59 2837 7
59 3030 9
59 2280 10
59 1190 9
59 5759 8
62 1291 2
62 3703 4
62 864 6
63 5512 3
71 2851 4
71 2711 10
71 5850 10
71 1199 8
71 559 4
71 967 10
71 5412 3
71 397 5
71 5413 9
71 5612 5
71 621 8
71 4557 7
71 5394 2
71 2306 6
71 4473 10
71 5366 1
71 869 6
71 4027 6
82 5380 4
82 2799 1
82 1615 2
82 2900 5
82 1330 7
82 3897 3
82 170 4
102 3669 3
112 116 8
112 5115 9
112 3941 1
116 3763 4
116 2327 4
116 2693 8
116 5127 8
116 1374 9
116 4180 9
116 3014 6
116 4508 10
116 4829 9
116 4836 6
116 4107 7
116 5099 10
126 570 1
126 2891 9
126 4338 5
126 3388 8
126 2941 8
126 4402 1
126 1115 7
126 3035 5
126 2306 3
126 2654 7
126 2571 5
126 3474 2
126 1904 2
128 2938 8
137 2641 1
142 3745 6
142 1681 9
142 2590 1
142 621 1
142 3048 3
143 4177 7
143 3351 3
143 1111 3
143 3189 5
143 3014 4
143 5739 6
143 543 1
143 632 2
143 4812 4
143 4582 8
143 1875 1
143 1887 5
143 1616 5
143 259 8
143 1049 7
143 854 6
143 2033 8
143 1292 7
143 769 10
143 5018 3
143 3555 3
143 3558 10
143 2306 1
143 3537 4
143 962 1
143 534 3
143 3934 8
143 4074 10
143 2454 3
143 3474 7
143 2495 7
143 1110 4
143 394 3
149 5631 5
167 930 8
167 5258 3
167 1140 1
167 182 2
167 2849 9
167 5800 8
170 1637 10
170 4921 6
170 4014 7
170 3882 6
170 4297 7
170 4509 7
170 540 9
175 3101 1
175 5102 10
177 3763 10
177 5018 3
177 3558 7
177 2495 3
177 1418 5
177 1111 1
177 391 5
177 3950 8
177 4172 6
177 4588 9
177 3035 9
177 215 9
177 3212 10
177 2306 1
177 2641 10
177 2778 3
183 866 4
183 366 8
183 976 10
183 3435 2
187 4058 1
191 3755 3
197 2327 9
201 1419 2
201 5768 5
201 4268 8
205 1156 7
205 2900 8
205 5768 10
205 3989 1
205 5800 7
205 390 3
213 5380 4
213 4921 4
213 2305 4
213 3954 4
213 4014 8
213 4513 4
213 4475 3
213 2024 4
213 5142 1
213 827 9
213 2364 1
213 3074 6
213 540 9
215 2094 7
215 3095 7
215 5126 1
215 1630 4
215 1961 9
215 391 8
215 3950 8
215 3212 8
215 3558 9
215 3035 6
215 2495 4
215 4829 9
215 4258 10
215 2039 8
215 2641 2
216 1199 1
216 5412 3
228 3602 2
232 1522 7
232 1732 4
232 4770 9
234 807 3
234 5317 3
236 3039 1
237 4733 3
237 1290 4
237 2077 2
237 4707 3
237 5865 7
237 2474 5
237 1140 8
237 4651 3
237 3101 2
237 2592 5
237 1469 2
237 5327 2
237 976 7
237 5328 10
237 409 4
238 2167 9
238 3542 8
238 4370 8
238 559 7
239 1047 6
241 4836 8
241 2327 3
241 3014 5
241 4829 3
249 2280 7
249 494 8
249 2837 6
249 1190 2
249 5759 10
259 2033 2
259 4812 5
259 1292 4
259 962 9
259 1111 7
259 769 7
259 2454 9
259 3950 3
259 3555 3
259 1049 3
259 2306 4
259 2778 6
259 632 6
259 3537 6
259 4074 2
260 483 9
260 1392 8
260 973 3
261 1865 8
261 896 7
261 1784 1
261 1298 9
261 5457 10
261 4792 7
261 3086 2
261 4585 10
261 1706 9
261 1388 2
261 2018 9
261 2456 9
261 2335 7
261 1356 9
261 4521 5
261 2957 3
261 5162 3
266 3763 9
266 1485 6
288 5475 8
288 182 5
288 2837 3
288 2849 1
288 2529 3
1744 2661 2
1744 3816 7
1744 397 1
294 2302 5
294 2119 3
294 5800 9
294 3950 8
294 2306 9
303 2170 8
303 789 9
303 799 10
303 4189 8
303 4725 10
303 3726 8
303 5045 8
3039 4222 9
3039 2627 3
3039 5412 9
3039 4922 3
3039 5883 2
3039 3048 3
317 5897 2
317 593 5
321 5759 10
325 5443 7
325 5363 2
328 540 3
329 434 8
331 2459 3
331 3289 3
331 5412 3
331 652 5
331 5413 4
331 4309 1
339 2590 3
353 5409 8
356 5897 1
364 1190 9
367 1291 7
367 2304 10
1030 5412 6
1030 1199 2
381 570 5
381 3558 7
381 1111 1
381 769 1
381 3388 8
381 2778 7
381 2495 3
381 3537 8
390 2919 9
390 5768 10
390 5800 7
391 3763 10
391 399 3
391 1128 4
391 3558 2
391 3095 9
391 2495 9
391 1418 6
391 5018 10
391 1111 5
391 1961 8
391 3950 10
391 3035 4
391 2039 4
391 2654 4
391 1630 6
391 3537 9
391 2778 5
392 476 3
394 2302 4
394 570 3
394 3558 1
394 4582 3
394 854 3
394 1961 8
394 620 3
394 1128 9
394 1887 6
394 5143 9
394 3388 6
394 1873 1
394 2495 6
394 2306 5
394 2654 10
394 1836 10
394 2119 3
394 2226 2
397 2897 4
397 2590 4
397 5260 10
397 559 1
397 5281 2
397 5886 5
397 963 6
397 4350 7
397 869 10
397 1432 8
397 705 4
397 5267 5
399 2327 1
399 3558 6
399 1111 5
399 5223 2
399 3014 4
399 4836 3
399 632 6
399 3212 4
399 3763 1
399 5018 5
399 1068 8
399 3950 5
399 1887 5
399 1616 3
399 5249 1
399 4019 6
399 1485 9
399 1961 10
399 2094 2
399 5127 2
399 3388 4
399 4048 9
399 3934 9
399 3095 7
399 3033 3
399 5063 4
399 1556 7
399 3035 1
399 2495 6
399 4829 2
399 1630 7
404 4509 9
404 4014 3
404 1951 7
404 540 10
404 4921 4
409 4733 9
409 1290 6
409 2077 10
409 4707 4
409 2474 10
409 1140 1
409 5258 2
409 4651 5
409 3101 6
409 957 5
409 5865 7
409 1469 6
409 2592 5
409 5327 4
409 976 8
409 5328 1
434 1609 3
434 1973 1
434 2025 6
434 2874 2
434 1588 3
434 4938 3
434 847 10
434 2462 2
434 1949 4
434 3669 4
434 1951 4
434 3109 4
434 2722 1
434 1047 5
434 1230 1
434 3405 7
434 4115 7
434 5532 10
434 3726 8
434 2685 8
434 2364 3
434 1947 4
434 2575 8
434 1855 2
434 841 1
434 4876 2
434 4697 9
434 4313 3
434 5410 6
434 5906 10
436 5112 1
436 2025 1
436 572 9
436 3733 5
436 2938 7
436 1951 7
436 1047 8
436 5102 7
436 4693 1
438 3774 6
438 5612 5
438 5731 1
438 4268 4
438 1419 2
438 3048 2
438 1907 9
442 3670 2
442 1356 10
442 2641 5
442 5215 1
447 3405 2
447 3669 8
451 577 6
451 4693 7
467 1291 4
467 5702 6
467 1463 4
467 4975 3
467 2407 5
467 3703 4
467 1488 6
467 3663 7
467 2056 8
467 5906 7
476 5864 10
482 1190 1
484 3304 10
494 930 3
494 5332 5
494 5258 10
494 2786 10
494 1140 10
494 2568 10
494 4023 7
494 182 8
494 2849 1
494 4629 3
494 2692 4
496 4014 7
504 2018 4
504 1356 3
504 3395 8
504 1388 5
504 2134 10
505 2641 9
509 4800 9
509 5412 7
521 2643 9
3081 5102 7
534 1961 9
534 769 5
534 3950 4
534 4829 2
534 2306 10
534 3537 6
540 4499 2
540 3893 7
540 4475 5
540 4658 5
540 3695 8
540 3355 2
540 5380 3
540 1637 10
540 1615 2
540 4981 1
540 1060 7
540 4018 1
540 4509 10
540 5609 10
540 2775 5
540 5410 2
540 1512 10
540 1535 1
540 2341 3
540 4513 8
540 3882 1
540 4297 3
540 840 2
540 2575 4
540 5463 7
540 927 3
540 4891 1
543 570 6
543 3351 9
543 962 3
543 1111 4
543 769 10
543 1128 1
543 2454 2
543 3388 8
543 4685 7
543 3950 5
543 4829 1
543 2778 9
543 632 9
543 3537 7
543 1498 8
553 5877 9
553 5018 10
553 1887 10
553 5736 5
553 4508 1
553 2654 4
553 632 6
553 5504 2
557 2851 4
557 1199 6
557 3048 6
559 5612 6
559 1994 3
559 621 1
570 4255 7
570 1111 10
570 4953 3
570 806 9
570 1115 3
570 5739 10
570 4582 4
570 1887 3
570 4019 6
570 769 5
570 2117 4
570 4022 7
570 620 6
570 1110 9
570 3537 5
570 2577 1
570 2454 3
570 3474 3
570 2306 7
572 916 8
572 4915 8
572 4189 7
572 4058 3
572 3669 10
577 4509 3
577 2025 7
577 1883 4
577 2462 7
577 2653 7
577 1951 10
577 2722 10
577 2964 1
577 4189 3
577 5532 3
577 2773 9
577 2685 5
577 4693 5
577 5122 5
577 3726 1
577 2364 8
577 4725 2
577 840 5
577 2575 7
577 799 3
577 5506 3
577 5410 2
577 1991 6
577 5906 9
578 1115 9
578 4402 4
588 806 9
589 4707 8
593 943 3
593 2323 8
593 5458 4
593 2803 3
593 5800 2
593 5399 3
593 5367 5
598 5906 2
606 5457 9
606 3334 6
606 2335 6
606 5162 5
615 5306 1
615 3726 10
620 2302 6
620 2119 1
620 1128 7
620 3950 1
620 3388 10
620 854 6
620 2306 3
621 869 2
621 4958 1
621 1432 6
621 5408 4
621 3529 5
621 5612 4
621 4945 5
621 2897 10
621 5267 1
621 4639 5
621 1471 9
630 2025 2
630 5102 4
630 3669 9
632 5018 6
632 3351 3
632 3332 7
632 1485 9
632 3353 7
632 1111 9
632 769 1
632 2454 4
632 3189 2
632 3474 8
632 5739 10
632 1110 3
632 3537 8
632 3014 10
634 2477 1
634 4014 9
634 3669 8
634 3946 2
634 2333 3
634 4939 3
634 5380 9
634 4921 9
634 2380 5
634 1060 8
634 5142 3
634 243 5
634 4305 7
634 3956 1
634 2254 3
634 4697 10
634 3602 10
634 2345 1
634 2575 2
634 2304 8
634 3142 4
634 1991 3
638 5142 4
638 3074 6
1068 3035 9
1068 2327 7
1068 3014 6
650 1522 6
650 2655 4
650 5631 1
650 4758 9
650 4350 9
652 4350 6
652 2711 3
652 3289 7
652 2643 7
652 3949 10
652 963 2
652 4309 5
652 869 4
654 4833 8
667 1882 5
667 1954 10
667 2457 3
667 5864 8
680 2167 3
680 5631 2
683 770 1
684 4258 7
684 869 10
690 2641 2
693 967 3
693 973 10
705 2851 4
705 4271 3
705 4626 1
705 967 3
705 5412 10
705 5413 10
705 5800 7
705 2981 6
705 2679 8
705 3788 3
705 3379 6
2092 1735 8
2092 781 9
711 4074 4
716 1199 7
728 1733 6
728 2193 7
728 3953 7
4530 5475 4
773 5631 3
775 2641 2
781 2268 5
781 5317 7
781 2900 5
781 3818 6
781 5115 10
781 807 6
781 5800 5
787 4014 2
791 5722 4
791 3481 7
791 3669 7
791 2964 4
791 3405 4
791 4527 2
791 3726 1
791 2345 2
799 2722 8
799 5142 5
799 2364 5
799 3074 4
799 4693 6
806 4022 2
806 3332 3
806 4074 10
806 2117 3
806 1418 8
806 1111 4
806 1961 6
806 3719 4
806 3950 2
806 4829 2
806 1887 6
806 3388 5
806 2577 5
806 2778 10
806 5075 10
806 3799 10
806 1864 10
807 5432 6
808 4819 9
827 5142 3
827 3074 9
5031 3745 10
5031 2167 4
5031 4777 7
833 1175 1
833 2604 3
840 3695 3
840 5380 7
840 4297 7
841 2575 3
841 4975 3
841 5535 3
841 1951 5
841 1949 6
841 3669 7
841 3726 4
841 1991 9
841 5906 9
847 1991 7
847 2773 9
847 3726 9
854 2302 1
854 1128 1
854 4582 1
854 1111 10
854 2119 4
854 3950 5
854 1887 4
854 5143 2
854 1873 4
854 2306 5
854 2778 7
854 2226 10
854 4258 8
857 3888 6
862 1199 10
862 2627 8
862 2682 7
862 5412 4
862 2947 10
862 4922 10
864 2407 9
864 3703 5
864 1291 9
864 2056 6
865 1961 4
866 366 2
869 2851 6
869 4347 1
869 2945 7
869 5612 10
869 3436 2
869 5412 7
869 2661 7
869 967 5
869 4687 10
869 3289 5
869 4473 8
869 2900 10
869 3063 10
869 4209 5
869 3048 7
877 2685 8
896 5787 5
896 5457 4
896 1706 6
896 2018 5
896 1356 5
896 4521 2
896 2957 7
916 2070 1
916 2938 7
921 3763 6
921 2095 1
923 4945 6
927 1485 9
927 4297 3
930 182 7
930 1140 3
930 2849 1
939 1292 1
942 1937 3
943 2476 9
943 5897 6
943 5458 2
952 1291 5
952 2304 1
952 1463 3
952 5142 5
952 2462 2
952 2056 3
952 5220 3
956 1609 6
956 1132 9
956 3713 4
956 2623 2
956 3893 6
956 3669 8
956 1047 7
956 4636 2
956 4817 4
956 4189 7
956 3749 10
956 3726 3
956 2889 5
956 4693 5
956 4725 1
956 1873 5
956 2575 7
956 2044 10
956 5687 10
956 2806 9
956 3183 1
956 4805 7
956 2212 8
957 1190 3
957 1140 2
957 3061 6
962 3351 6
962 1111 8
962 3189 5
962 3810 7
962 5739 1
962 1128 2
962 1875 1
962 3950 8
962 1616 9
962 1049 3
962 1292 4
962 769 7
962 4812 7
962 3555 9
962 3558 5
962 2778 10
962 3537 4
962 3934 4
962 2454 4
962 2495 7
962 1110 7
963 2851 1
963 4350 7
963 1199 1
963 2167 2
967 2897 3
967 1522 9
967 751 3
967 2306 9
967 5883 8
967 2809 6
967 5886 2
967 3048 10
973 1392 5
973 3233 1
973 3382 3
976 4733 6
976 1290 5
976 2077 10
976 4707 6
976 2474 7
976 1140 3
976 4651 6
976 3101 5
976 5865 6
976 1469 4
976 2592 10
976 5327 3
976 5328 9
997 4707 9
998 2327 10
998 2094 9
998 5127 3
998 3014 9
998 4829 7
242 3989 5
242 5768 10
242 3532 8
243 4921 6
243 4014 8
243 3405 10
243 2364 3
243 4189 4
243 3726 2
1521 4114 1
1024 1266 3
357 4218 8
357 5847 3
357 4771 8
357 2167 6
357 4503 9
357 2057 3
357 5515 3
1047 2025 4
1047 2525 3
1047 1991 8
1047 5102 3
1049 3763 6
1049 3161 5
1049 1111 9
1049 769 1
1049 3950 8
1049 1887 3
1049 2306 10
1049 3537 10
1049 2778 3
2148 5768 2
2148 3774 6
2148 4770 2
2148 5612 6
2148 1734 7
2148 1235 10
2148 3048 8
2148 1907 7
1052 5768 9
1072 5129 3
1072 2057 2
1140 4733 3
1140 2077 8
1140 4707 3
1140 3892 5
1140 2699 5
1140 2837 10
1140 2592 6
1140 4910 8
1140 1290 9
1140 5865 3
1140 2568 3
1140 1775 3
1140 2188 5
1140 1190 9
1140 5238 3
1140 3605 5
1140 2474 4
1140 3435 5
1140 4651 1
1140 3101 3
1140 5547 6
1140 5327 2
1140 1469 4
1140 5328 4
1140 5759 5
1081 2851 8
1081 1677 4
1081 4209 6
1091 5906 9
1098 2851 2
1098 5413 1
1098 1199 8
1098 3816 7
1105 2327 9
1110 1111 1
1110 769 7
1110 1128 2
1110 2454 8
1110 3388 4
1110 3950 6
1110 2306 4
1110 2778 9
1110 3537 3
1111 4177 3
1111 3351 9
1111 3189 8
1111 2454 10
1111 3715 10
1111 1115 6
1111 5739 8
1111 4812 2
1111 3332 4
1111 3950 9
1111 1887 10
1111 1168 7
1111 2033 5
1111 769 10
1111 1292 9
1111 2117 3
1111 1387 6
1111 4022 7
1111 5018 3
1111 3555 9
1111 3558 3
1111 3537 6
1111 2641 8
1111 3934 1
1111 1418 2
1111 5063 8
1111 3388 3
1111 3474 9
1111 2495 10
1111 2306 4
1111 4074 6
1113 2941 3
1115 2353 4
1115 4338 5
1115 4836 8
1115 4258 3
1115 2654 5
1115 1904 6
1115 1128 5
1115 4484 2
1115 3950 7
1115 2941 4
1115 2891 1
1115 3467 10
1115 1961 1
1115 4402 4
1115 2778 1
1115 4646 5
1115 2571 8
1115 5594 8
1115 3388 7
1115 3474 2
1115 5519 4
1115 2306 7
1116 1795 8
1116 5380 10
1116 4475 3
1116 4297 3
1119 2827 5
1124 2056 9
1124 1463 1
1128 2302 2
1128 4812 9
1128 4582 1
1128 2577 3
1128 2119 8
1128 769 8
1128 2455 1
1128 1616 10
1128 4258 10
1128 3353 2
1128 5739 8
1128 2306 4
1128 3537 2
1132 4499 1
1132 5687 7
1132 3713 4
1132 2623 1
1132 2525 2
1135 4014 3
1135 1880 2
1135 4921 9
1135 3405 9
1135 5410 4
1135 4693 1
1153 3745 3
1153 2095 9
1153 3384 2
1155 3284 2
1156 5768 7
1156 5800 1
1161 2193 3
1161 1681 4
1161 2590 3
1167 1734 7
1168 769 8
1168 3332 3
1168 2693 2
1168 4582 1
1168 4022 7
1168 2454 10
1168 1887 10
1168 4402 7
1168 4107 2
1168 1875 6
1168 3537 9
1168 4074 5
1177 2710 3
1177 3949 8
1177 4473 7
1177 5872 1
1178 2694 5
1183 3763 10
1183 2327 9
1183 1485 5
1183 1961 7
1183 5127 6
1183 4007 6
1186 5631 4
1186 4819 3
1186 2421 6
1190 3284 7
1190 1325 1
1190 2133 2
1190 5821 2
1190 5332 10
1190 3605 5
1190 5294 4
1190 2188 5
1190 3048 5
1190 5238 1
1190 5258 6
1190 4344 7
1190 3846 2
1190 2143 6
1190 3888 7
1190 1782 2
1199 1522 1
1199 5331 1
1199 5405 7
1199 4633 6
1199 5267 4
1199 2590 10
1199 3949 9
1199 4983 8
1199 2065 5
1199 3528 6
1199 3529 1
1199 5412 9
1199 4350 7
1199 5413 2
1199 2167 3
1199 4268 3
1199 4473 2
1199 3342 8
1199 3959 1
1199 2851 3
1199 5721 9
1199 4193 10
1199 3778 1
1199 5854 1
1199 4681 9
1199 1419 8
1203 5283 9
1203 422 10
1203 5363 2
1203 4174 7
3186 3961 10
1596 4958 5
1596 5645 4
1235 5768 3
1775 5258 8
1775 2849 1
1257 1291 2
1257 2304 6
1257 4014 1
1257 4921 4
1257 5800 10
1257 3946 4
1257 3897 10
1266 4980 7
1266 3755 3
1266 4240 10
1266 1556 10
1266 4258 10
1269 755 9
1269 2327 4
1269 1485 8
1269 3479 5
1269 2727 8
1269 2654 8
1269 5249 10
1269 3014 8
1269 4829 9
1269 4836 7
5524 4707 9
1290 4733 7
1290 2077 8
1290 4707 9
1290 2474 2
1290 4651 7
1290 3101 2
1290 5865 2
1290 1469 3
1290 2592 6
1290 5327 9
1290 5328 10
1291 1291 6
1291 1463 6
1291 4975 2
1291 3703 5
1291 4879 3
1291 1488 3
1291 2062 1
1291 3396 8
1291 3663 6
1291 2056 2
1292 3558 2
1292 3537 1
1292 769 5
1292 2454 9
1292 5742 5
1292 2061 1
1292 4654 1
1292 5716 3
1292 3482 1
1292 4508 2
1292 2306 7
1292 4059 1
1292 2778 7
1292 2495 6
1292 5139 8
1292 3610 8
4187 1882 1
4187 1954 6
4187 5864 3
1313 4837 5
1313 2919 4
1313 3670 8
1315 1954 5
1316 1954 7
1323 4829 3
1330 3685 10
1330 4297 5
1348 2134 4
1356 755 6
1356 5135 4
1356 1784 1
1356 5325 3
1356 3676 10
1356 2960 6
1356 3786 2
1356 5161 7
1356 5162 5
1356 3287 9
1356 1865 10
1356 3086 8
1356 1706 4
1356 2335 3
1356 5456 6
1356 5457 9
1356 3927 9
1356 1388 9
1356 3844 9
1356 5215 8
1356 1361 8
1356 2473 8
1356 1623 3
1356 1298 8
1356 2681 7
1356 4657 1
1356 4200 3
1356 2018 10
1356 2456 3
1356 3395 10
1356 2495 5
1356 4994 9
1356 3374 1
1356 2957 3
1361 1388 2
1387 2778 7
1388 5135 10
1388 4566 5
1388 5787 9
1388 5016 6
1388 5162 9
1388 1865 3
1388 3086 4
1388 1706 10
1388 4114 2
1388 2335 8
1388 2134 1
1388 5457 3
1388 3927 5
1388 2252 4
1388 2018 2
1388 2456 6
1388 3395 5
1388 4521 7
1388 2957 1
1415 3959 7
1418 3763 1
1418 5018 1
1418 3095 7
1418 4074 5
1418 1630 6
1418 1961 3
1418 3950 1
1418 4452 9
1418 3212 5
1418 2778 8
1418 5126 7
1418 4829 4
1418 2641 5
1419 2851 6
1419 5412 8
1419 3493 8
1419 1734 1
1419 5848 4
1419 4933 1
1419 1907 7
1419 5244 3
1419 2677 4
1419 3048 2
1419 5768 1
1419 3774 7
4817 2623 7
4817 2525 3
4817 4499 10
4817 5687 7
1432 2851 5
1437 3763 2
1437 2022 6
1437 2045 7
1437 1485 2
1437 2900 7
1437 3033 8
1437 1961 3
1437 769 9
1437 5127 4
1437 4484 6
1437 5249 3
1437 2327 7
1437 3014 2
1437 4508 8
1437 4829 5
1437 4836 2
1437 2094 8
1437 4048 8
1437 3035 7
1448 5306 9
1456 5872 6
1463 4975 10
1463 3703 2
1463 2407 1
1463 1060 2
1463 2062 3
1463 2056 7
1464 2252 7
1464 2327 6
1464 1607 7
1464 4508 5
1469 4733 2
1469 2077 8
1469 4707 7
1469 2474 5
1469 4651 2
1469 3101 2
1469 5865 10
1469 2529 9
1469 2592 8
1469 5327 2
1469 5328 2
1471 2851 9
1471 3745 5
1471 3949 1
1471 2167 4
1471 5394 7
1471 3888 8
1471 3349 9
1471 5642 7
1471 1907 9
1474 4829 3
1485 755 8
1485 2327 6
1485 3766 1
1485 3479 3
1485 4836 4
1485 3014 10
1485 2654 9
1485 3763 7
1485 5018 7
1485 4484 4
1485 2727 9
1485 4508 4
1485 3035 9
1485 1961 5
1485 2094 9
1485 5127 7
1485 2517 2
1485 3558 10
1485 4007 6
1485 4048 6
1485 2045 10
1485 2827 6
1485 1556 8
1485 1607 7
1485 2495 3
1485 4829 5
1488 4975 8
1488 3703 10
1488 4879 1
1488 3733 3
1488 4497 1
1488 2056 5
1489 3014 3
1490 3405 8
1490 3854 3
1490 4527 10
1490 3761 6
1490 3726 3
1490 4786 3
1490 2332 10
1490 2722 5
1494 5332 4
1498 769 3
1498 3537 3
1499 2095 1
1508 3396 8
1512 1020 5
1512 5380 4
1512 4052 10
1512 5573 6
1522 1907 2
1522 2268 8
1522 5612 6
1522 5267 9
1522 3048 8
1522 4933 4
1522 2765 6
1522 3938 1
1522 3112 2
1522 5394 2
1522 5854 5
1522 5405 10
1522 5244 4
1522 3349 8
4226 3897 3
4226 4527 7
4226 5142 4
4226 3074 5
1535 5463 3
1535 2024 1
1535 3761 2
1535 4786 7
1556 5018 9
1556 2870 9
1556 2045 3
1556 3837 1
1556 4240 2
1556 3763 9
1556 4224 7
1556 4172 8
1556 4258 3
1556 2962 8
1556 5739 8
1556 4980 2
1564 4276 2
1564 5409 2
1566 5759 5
1595 4521 2
1607 755 8
1607 2327 7
1607 2022 1
1607 3479 4
1607 3014 9
1607 4829 2
1607 4007 6
1609 2025 3
1609 5655 6
1609 2525 9
1609 2722 8
1609 3733 4
1609 4725 6
1609 3669 8
1609 1991 5
1609 5102 10
1609 4693 3
1615 5380 7
1615 3954 7
1615 5573 10
1616 3558 2
1616 769 5
1616 3950 5
1616 1887 8
1616 3555 9
1616 2495 7
1616 3537 6
1630 5018 9
1630 2094 3
1630 5127 7
1630 2454 6
1630 3950 7
1630 3558 8
1630 3035 1
1630 2495 1
1630 2306 4
1630 2039 7
1630 2641 3
1637 2025 3
1637 5380 6
1637 5573 10
1637 2305 4
1637 2341 5
1637 3882 6
1637 4297 9
1637 2024 9
1637 5142 2
1637 3695 10
1637 3761 6
1637 2902 10
1637 3843 3
1637 4509 1
1637 4786 5
1637 5102 3
1637 3074 1
1637 2364 8
1637 3954 8
1665 3860 6
1681 3745 4
1681 2590 10
1688 5706 2
1688 1886 9
1697 5732 3
1697 5768 10
1697 4395 4
1705 4750 2
1706 755 5
1706 1298 2
1706 2681 3
1706 3086 5
1706 5325 5
1706 2456 7
1706 3395 5
1706 4994 1
1706 5135 9
1706 2957 3
1706 5162 9
1706 3287 1
1715 769 2
1718 2192 3
1723 4707 5
1728 4484 3
1728 2327 5
1734 3922 4
1734 3774 3
1734 5768 10
1734 4560 6
1734 4268 5
1734 3048 10
1760 4168 1
1760 2167 2
4837 2919 2
4837 5512 2
4837 3670 9
4837 4094 7
1782 2188 2
1782 5258 5
1784 1865 5
1784 1298 7
1784 3086 9
1784 4657 7
1784 5215 2
1795 4297 5
1805 4687 10
3284 3868 4
1828 5443 10
1828 5363 10
1834 3141 1
1834 4958 6
1834 2711 9
1836 4750 6
1838 5412 6
1842 3467 2
1843 4220 10
1853 2964 6
1864 5102 1
1873 4499 2
1873 5687 6
1873 2525 9
1874 2897 6
1874 1954 3
1874 1882 6
1874 5872 10
1874 3784 3
1874 1874 4
1874 4473 2
1874 4947 1
1874 2457 2
1875 769 8
1875 2454 6
1875 3537 1
1880 2575 5
1880 5463 1
1880 3726 4
1880 4355 1
1880 5410 8
1880 4693 1
1881 3761 10
1882 2539 4
1882 4127 5
1882 2604 7
1882 1954 1
1882 2306 2
1882 4947 4
1882 5864 5
1886 3713 2
1887 5573 9
1887 3715 1
1887 5739 9
1887 5018 7
1887 3332 8
1887 4582 7
1887 4484 5
1887 3950 4
1887 4019 1
1887 2094 6
1887 4022 1
1887 2117 6
1887 769 2
1887 3388 7
1887 2778 10
1887 3537 3
1887 3934 2
1887 2577 1
1887 2454 9
1887 3212 10
1887 2306 2
1892 182 7
1900 2304 5
1906 5281 6
1906 2167 8
1906 5383 8
1907 3922 5
1907 5604 2
1907 1732 6
1907 4770 10
1907 5612 5
1907 5768 8
1907 4268 8
1907 2677 10
1907 3048 7
3302 5631 2
5750 2685 1
1928 3074 2
1928 5142 5
1928 5306 10
1928 2188 6
1933 2327 1
1933 3014 2
1933 5127 5
1933 4829 8
1937 5412 6
1940 2679 3
1940 3345 4
1940 2945 9
1940 4613 4
1945 2167 8
1945 3959 8
1945 5413 3
1949 2044 9
1949 4921 3
1949 3713 1
1949 4014 8
1949 3405 1
1949 2364 2
1949 4058 5
1949 3669 5
1949 1991 2
1949 4697 1
1949 4693 8
1951 2722 5
1951 2025 6
1951 4451 4
1951 3726 8
1951 2364 6
1951 4693 5
1951 3669 8
1951 2685 8
1951 1991 10
1951 4697 7
1951 5906 10
1951 5410 3
1951 5532 8
1952 2941 5
1952 2134 3
1954 4281 1
1954 5872 1
1954 2457 4
1954 3784 4
1954 5193 10
1954 4947 6
1954 3738 7
1954 5864 9
1959 3726 5
1961 4177 2
1961 755 7
1961 2327 9
1961 2353 5
1961 3353 3
1961 4952 8
1961 3479 6
1961 3189 1
1961 3014 4
1961 4836 10
1961 5739 8
1961 2455 1
1961 3763 7
1961 4582 6
1961 4484 7
1961 5573 1
1961 4585 1
1961 3950 4
1961 5249 6
1961 3558 9
1961 2184 7
1961 769 6
1961 4508 2
1961 2094 2
1961 5127 8
1961 4048 1
1961 2495 8
1961 3537 5
1961 2641 9
1961 3934 10
1961 4074 3
1961 2045 2
1961 3033 7
1961 3474 10
1961 3035 10
1961 5519 8
1961 4829 1
1961 3562 4
1987 4975 9
1991 2025 5
1991 4014 2
1991 2462 1
1991 3669 3
1991 3109 5
1991 2722 2
1991 4921 9
1991 3405 8
1991 5142 8
1991 5532 3
1991 2685 7
1991 3074 8
1991 5102 3
1991 4693 5
1991 3726 8
1991 2364 1
1991 4697 9
1991 2575 1
1991 4876 6
1991 4313 5
1991 5410 7
1991 5906 5
1999 5467 3
2018 5457 6
2018 5325 2
2018 3676 5
2018 4114 7
2018 3395 4
2018 2495 5
2018 3374 6
2018 5161 2
2020 769 6
2020 3537 1
2022 2327 3
2022 3033 7
2022 4240 4
2022 2094 3
2022 3558 4
2022 2495 2
2022 4829 2
2022 4836 1
2022 3014 7
2024 5380 4
2024 3405 9
2024 5777 10
2024 4475 10
2024 4786 1
2024 3761 6
2024 4891 5
2024 3481 8
2024 2345 7
2024 2722 8
2025 4014 8
2025 5722 8
2025 2653 5
2025 3669 3
2025 3109 7
2025 2722 1
2025 5380 7
2025 4921 5
2025 1060 5
2025 5532 7
2025 3726 6
2025 4693 7
2025 1672 3
2025 2364 8
2025 2575 4
2025 5506 4
2025 2698 10
2033 2778 5
2033 3950 9
2039 5018 1
2039 2094 3
2039 5126 1
2039 4484 3
2039 3950 7
2039 4829 3
2039 2654 2
2039 2306 10
2039 2641 6
2044 4058 8
2044 2525 6
2053 3542 5
2053 4370 6
2056 4975 7
2056 2062 7
2057 4503 10
2057 5515 9
2057 5721 9
2062 2407 6
2062 4879 8
2062 4536 1
2062 5302 3
2065 2851 1
2065 2710 2
2065 4218 5
2070 5532 2
2077 4733 1
2077 4707 6
2077 2474 4
2077 4651 9
2077 3101 7
2077 5865 7
2077 2592 1
2077 5327 10
2077 5328 10
2088 5475 4
2094 755 7
2094 2327 9
2094 3479 1
2094 3014 3
2094 4836 2
2094 4278 3
2094 3763 6
2094 3950 4
2094 4750 3
2094 4324 4
2094 5127 7
2094 3558 5
2094 5800 6
2094 3537 1
2094 2641 1
2094 4048 7
2094 2045 8
2094 3033 9
2094 2371 3
2094 3035 9
2094 2495 10
2094 4829 7
2094 2306 9
2094 4412 4
2095 3745 1
2095 4777 3
2095 3316 4
2095 4495 1
2095 3521 8
2095 5219 10
2117 3388 3
2117 4022 10
2117 3950 3
2117 2778 9
2119 2302 8
2119 4582 6
2119 5586 7
2119 4220 10
2119 2306 5
2119 2226 4
2133 4707 5
2133 2474 7
2134 2456 5
2134 2473 5
2134 5048 9
2134 5325 10
2134 4161 2
2134 4970 7
2134 4114 8
2134 2630 9
2134 5457 9
2134 4994 7
2134 4919 3
2153 4707 4
2167 4553 4
2167 3145 1
2167 5413 7
2167 4350 7
2167 5703 10
2167 5339 2
2167 5334 8
2167 5010 1
2167 5405 7
2167 5267 5
2170 3602 6
2170 5045 10
2170 3733 5
2184 4829 4
2188 3892 5
1425 2590 1
2191 2327 10
2192 3959 3
2193 2590 8
2193 3316 2
2193 5872 8
2193 4473 1
2193 3048 3
2200 3602 5
2212 3713 6
2212 2525 9
2212 4499 5
2212 5687 10
3351 3950 6
3351 2727 7
3351 2454 8
3351 2778 7
3351 3537 1
3351 4258 1
2226 2302 3
2226 5143 6
2226 4402 9
2226 2306 4
2241 5010 1
2250 4114 4
2252 3763 7
2252 2327 3
2254 2304 1
2254 3956 6
2254 2380 1
2254 5142 8
2254 3074 1
2265 2722 4
2268 5405 9
2268 5432 7
2280 5332 2
2280 2837 1
2281 182 3
2281 2568 3
2281 2849 10
3362 5142 9
3362 3956 8
3362 4014 5
3362 4895 3
3362 4921 1
2302 4582 4
2302 3950 6
2302 3035 1
2302 2306 10
2302 5586 6
2304 5630 9
2304 5037 1
2304 5142 6
2304 3663 4
2304 3396 1
2304 3602 3
2304 2333 4
2304 5576 5
2304 3074 3
2304 5050 2
2305 2477 6
2305 5380 7
2305 5573 5
2305 3954 8
2305 4475 2
2305 3669 7
2305 5609 3
2305 5800 7
2306 4177 10
2306 3353 10
2306 3189 2
2306 2454 1
2306 2654 7
2306 5739 9
2306 4582 6
2306 5143 9
2306 4812 5
2306 4019 1
2306 5586 8
2306 769 10
2306 5018 1
2306 5413 6
2306 3555 5
2306 5800 6
2306 4220 1
2306 4473 5
2306 3537 9
2306 3048 4
2306 2577 10
2306 2900 8
2306 3388 4
2306 3474 1
2306 3035 5
2306 3212 1
2306 4412 2
2307 4014 8
2323 5624 9
2327 421 7
2327 3353 8
2327 5223 8
2327 3479 6
2327 5092 10
2327 3014 1
2327 2348 9
2327 4278 2
2327 3763 4
2327 3304 5
2327 2727 1
2327 5249 5
2327 4508 9
2327 5127 3
2327 2517 10
2327 4007 1
2327 4048 1
2327 2045 6
2327 3033 6
2327 2455 10
2327 3035 7
2327 4829 8
2327 3562 7
2332 5687 2
2332 3677 7
2332 2964 10
2332 3405 3
2332 3854 9
2332 4725 8
2332 4527 3
2332 4189 4
2332 3183 5
2332 2525 10
2332 2773 2
2332 4805 2
2332 3726 6
2332 3481 1
2332 2653 8
2332 2722 5
2332 5410 9
2333 4499 3
2333 5687 2
2333 4014 5
2333 4921 3
2333 5142 4
2333 3074 1
2335 5787 1
2335 1298 4
2335 3086 4
2335 4114 6
2335 5215 10
2341 2775 8
2341 3882 4
2345 5380 9
2345 3854 10
2345 5573 3
2345 3677 9
2345 5777 8
2345 4297 1
2345 4475 3
2345 3761 9
2345 2902 1
2345 3843 5
2345 4786 6
2345 4764 10
2348 4836 10
2364 4014 6
2364 2462 2
2364 2653 3
2364 2722 4
2364 4921 7
2364 3405 2
2364 1060 2
2364 4189 1
2364 2685 9
2364 5122 2
2364 3726 2
2364 4697 6
2364 4725 6
2364 2575 9
2364 5306 8
2364 4910 6
2364 5906 10
2366 2778 6
2371 4484 1
2380 3956 8
2380 4014 7
2380 4921 2
2406 3761 3
2411 3953 7
2421 4553 10
2421 5413 4
2421 4819 5
2421 4644 4
2421 5334 6
2454 4177 7
2454 2654 9
2454 5739 10
2454 3763 2
2454 3950 1
2454 769 10
2454 3555 8
2454 2778 2
2454 3537 6
2454 3558 2
2454 4074 3
2454 3388 1
2454 2495 5
2454 4829 10
2455 3763 5
2455 755 10
2455 5127 10
2455 3479 9
2455 3558 3
2455 3014 9
2455 2495 4
2455 4829 2
2455 4258 5
2456 755 6
2456 1298 7
2456 3086 1
2456 3395 6
2456 4521 3
2456 2957 6
2456 5162 4
2459 2643 2
2462 4921 4
2462 4014 6
2462 3405 6
2462 3663 10
2462 3396 2
2468 4473 6
2472 2641 6
2473 3395 10
2473 4114 4
2474 4733 10
2474 4651 9
2474 3101 10
2474 2592 1
2474 5327 3
2474 5328 9
2476 5624 3
2477 3074 4
2477 5142 4
2485 4707 6
2489 3537 8
2495 4177 4
2495 3014 2
2495 4582 1
2495 4484 7
2495 4750 3
2495 769 2
2495 3388 3
2495 3537 6
2495 4048 2
2495 3095 2
2495 3033 6
2495 5063 9
2495 3035 9
2495 3941 3
2499 3934 6
2517 4836 6
2517 3014 9
2525 4499 9
2525 3713 5
2525 2623 3
2525 3893 4
2525 3669 10
2525 4636 3
2525 5655 7
2525 4189 4
2525 3749 8
2525 3726 10
2525 2889 8
2525 4725 3
2525 2575 2
2525 2806 5
2525 5687 3
2525 3183 1
2525 4805 8
2529 182 2
2529 2849 6
2539 4929 4
2539 5864 6
2568 5865 5
2568 5258 2
2568 182 9
2568 2849 1
2571 4402 3
2571 2891 10
2571 3474 3
2577 3388 9
2577 4019 2
2590 2851 2
2590 3521 2
2590 3640 8
2590 3745 5
2590 3949 8
2590 4473 4
2590 3048 1
2590 5412 2
2592 4733 2
2592 4707 8
2592 4651 1
2592 3101 9
2592 5327 4
2592 5328 8
2599 2685 4
2604 2790 8
2604 5872 5
2604 4473 8
2604 3048 6
3860 3961 1
2627 5412 7
2627 5413 6
2627 5394 2
2627 4473 10
2641 2654 10
2641 4394 2
2641 3950 10
2641 5227 9
2641 4959 8
2641 3035 10
2641 5126 7
2641 5018 6
2641 2778 8
2641 5751 7
2641 2693 9
2641 4829 8
2641 4107 10
2643 2218 3
2643 3289 9
2643 5412 9
2643 5413 1
2649 2750 5
2649 5703 3
2653 5722 9
2653 3713 5
2653 3405 7
2653 2722 6
2653 3733 3
2653 5045 10
2653 3109 7
2653 4697 1
2653 5102 8
2653 4693 3
2654 4402 2
2654 5739 3
2654 3332 9
2654 5249 4
2654 422 10
2654 3796 10
2654 3576 5
2654 769 1
2654 3388 5
2654 5800 4
2654 3537 3
2654 3474 4
2654 5519 7
2654 5736 4
2655 2851 9
2655 4758 9
2655 4743 4
2655 4819 6
2661 4184 8
2661 4145 1
2677 5612 10
2677 5768 10
2677 4268 6
2681 5457 5
2681 4521 2
2681 2957 3
2681 5162 4
2685 4014 3
2685 3306 8
2685 4341 4
2685 2722 3
2685 5163 10
2685 4921 6
2685 4135 6
2685 5142 3
2685 5510 6
2685 4952 3
2685 4693 10
2685 5441 2
2685 3074 9
2685 5520 10
2693 4177 5
2694 4557 10
2698 5102 4
2698 5475 4
2698 3669 4
2699 2849 6
2701 5768 2
2710 5267 2
2711 4350 6
2711 4958 7
2722 5722 5
2722 3854 6
2722 5761 4
2722 5045 6
2722 2964 9
2722 3405 9
2722 4527 2
2722 4189 2
2722 5532 8
2722 5102 9
2722 4693 4
2722 3733 9
2722 3481 1
2722 5906 9
2726 2851 6
2727 755 2
2727 4484 9
2727 3033 9
2727 3479 1
2727 3189 9
2727 3014 7
2727 4829 8
2727 5736 4
2727 4007 4
2750 5412 9
2750 5703 7
2756 5129 2
2765 5768 1
2765 5848 5
2771 3074 1
2772 2806 1
2773 4499 1
2773 2806 10
2773 5687 2
2773 4058 5
2773 4876 10
2773 3726 4
2773 5045 9
2773 4693 3
2775 5380 5
2775 2902 3
2775 5609 2
2775 3355 3
2778 4177 3
2778 3189 6
2778 3715 4
2778 5739 7
2778 4812 3
2778 769 5
2778 4022 8
2778 5018 1
2778 3555 6
2778 3537 4
2778 3934 5
2778 4074 1
2778 5063 3
2778 3474 6
2790 4370 1
2790 3542 1
2794 5612 2
2794 5412 1
2794 3048 2
2803 5624 1
2803 5897 1
2806 4636 2
2806 4499 8
2806 5687 8
2806 2623 7
2809 3048 1
2830 4081 3
2830 4032 6
2830 2692 10
2830 4121 8
2830 182 1
2830 2849 1
2844 4600 8
2844 4633 2
2844 5412 4
2849 3359 7
2849 3898 3
2849 5258 4
2849 4802 2
2849 182 6
2849 4095 6
2849 2692 10
2851 4633 9
2851 5267 3
2851 5886 5
2851 3949 5
2851 5721 1
2851 3528 6
2851 5612 2
2851 5413 10
2851 4309 6
2851 4268 3
2851 3342 7
2851 3048 6
2851 4028 6
2851 4758 1
2851 4350 5
5383 3529 6
2857 4819 7
2866 4633 9
2870 4240 9
2457 5864 6
2891 4646 8
2891 3474 3
2897 5872 8
2897 3048 9
2900 3763 10
2900 3014 4
2900 5142 10
2900 5018 1
2900 5432 6
2900 3074 6
2900 4693 8
2902 4786 6
2902 3761 6
2903 3934 6
2907 5306 7
2907 3726 7
2912 5624 6
2919 4029 7
2919 3275 9
2919 3167 1
2919 3670 3
2919 3445 2
2938 4915 1
2938 4189 6
2938 4058 8
2938 3669 6
2941 4665 8
2941 3474 9
2951 3761 7
2957 755 6
2957 1865 3
2957 1298 4
2957 3086 1
2957 5325 10
2957 3395 5
2957 5135 9
2957 5215 5
2957 4521 4
2957 5162 5
2957 4200 2
2960 5215 1
2962 4240 3
2962 4980 6
2964 3263 4
2964 3713 9
2964 3405 10
2964 3854 8
2964 3733 9
2964 4878 1
2984 4693 3
3014 4790 1
3014 3353 8
3014 3479 7
3014 5092 5
3014 4836 8
3014 4278 5
3014 3763 6
3014 4484 9
3014 3950 9
3014 5249 3
3014 4508 5
3014 5340 6
3014 5127 10
3014 3558 4
3014 5800 3
3014 4007 5
3014 4048 6
3014 2045 10
3014 3033 10
3014 3035 8
3014 4829 1
3014 4412 3
3033 3763 9
3033 3558 4
3033 2045 7
3033 4484 9
3033 5127 3
3033 3479 4
3033 755 9
3033 3035 2
3033 3950 9
3033 4829 10
3033 4836 1
3033 4792 8
3035 4790 3
3035 3353 8
3035 4836 3
3035 3763 9
3035 5018 2
3035 4484 2
3035 3950 9
3035 5249 3
3035 5340 10
3035 5127 4
3035 3558 9
3035 2045 8
3035 5063 6
3035 4829 7
3038 3145 3
3038 3949 10
3040 4945 9
3040 5334 3
3040 4958 7
3040 4639 5
366 3435 7
3048 5768 4
3048 5267 7
3048 5244 4
3048 5467 5
3048 4633 2
3048 3949 3
3048 4639 6
3048 4370 9
3048 3529 2
3048 5612 4
3048 5412 3
3048 4268 6
3048 4945 2
3048 4473 2
3048 3774 3
3048 751 9
3048 5872 5
3048 4933 5
3048 3938 4
3048 3542 1
421 755 8
421 5127 7
421 3479 4
421 1354 2
421 4007 7
459 4800 3
3074 4058 7
3074 5306 8
3074 3669 10
3074 5380 6
3074 4921 8
3074 3506 5
3074 1060 10
3074 3726 6
3074 5609 5
3074 4697 10
3074 5800 3
3074 3602 10
3074 2575 5
3074 4475 6
3074 3099 10
3074 5410 3
3074 5906 8
3086 755 9
3086 1865 9
3086 5135 9
3086 1298 7
3086 4521 5
3086 4657 10
3086 4994 5
3086 3374 4
3086 5007 1
3086 5215 1
3086 4566 4
3086 4200 2
1060 3954 4
1060 4297 4
1060 5142 2
1060 3695 6
1060 3761 5
1060 4509 3
1060 4786 10
1060 5102 8
3090 5412 3
3101 4733 1
3101 4707 9
3101 4651 5
3101 5865 7
3101 5327 3
3101 5328 4
3109 2575 2
3109 3726 8
3109 5102 5
3112 3818 4
769 4177 4
769 3189 7
769 3715 6
769 3810 9
769 5739 7
769 4484 2
769 3950 10
769 4812 9
769 3555 3
769 3558 10
769 3537 7
769 3934 8
769 4074 7
769 3388 2
770 4802 6
3141 4958 10
3142 4873 1
3166 3467 4
3167 3275 1
3167 4029 3
3169 3388 4
3169 4019 1
3178 3095 8
3178 5215 5
3183 4636 8
3183 4499 2
3183 5687 9
3183 2623 2
3183 4189 9
3189 3537 4
3189 4074 4
3212 5018 1
3212 3950 4
3241 4172 9
3275 5386 1
3275 4029 8
3287 4521 9
3289 4309 2
3294 4975 4
3316 5555 3
2045 755 1
2045 3353 8
2045 3479 1
2045 4836 4
2045 3763 9
2045 4484 2
2045 4508 2
2045 4750 3
2045 5127 6
2045 3558 3
2045 5800 10
2045 4048 3
2045 4829 3
2045 3203 3
2045 3562 9
3332 5018 6
3332 199 4
3332 3950 8
3332 3388 8
3334 5215 10
3342 5281 8
3342 4765 4
3342 4344 6
3342 3542 6
3342 4370 6
3342 3349 4
3345 3436 7
3349 3745 7
3349 5612 7
3349 5413 6
3349 4344 4
3349 3542 3
3349 4370 8
3353 3763 9
3353 4790 10
3353 4720 2
3353 5127 8
3353 4836 6
3353 5340 7
3355 3733 8
3355 5380 3
3521 4777 3
3370 3670 4
3371 5363 6
3388 5739 8
3388 4582 4
3388 4019 7
3388 4022 4
3388 4007 9
3388 3537 7
3388 3558 2
3388 3474 3
3395 5457 5
3395 5325 6
3395 4114 4
3395 4994 2
3395 4521 10
3396 5142 6
3396 5220 9
3405 4014 10
3405 5722 5
3405 4764 7
3405 3854 2
3405 3669 6
3405 4921 1
3405 4527 5
3405 4189 4
3405 3726 2
3405 4693 7
3405 3733 8
3405 4805 10
2692 182 9
2692 5303 3
3445 4743 7
3445 4094 8
3460 5906 9
3474 3950 3
3474 4402 4
3474 4338 4
3479 5092 9
3479 4836 3
3479 4278 6
3479 3763 8
3479 1354 2
3479 5249 1
3479 4508 3
3479 5127 5
3479 4048 4
3479 3537 10
3479 3558 3
3479 4829 2
3479 4412 4
3479 3941 9
3481 3854 5
3481 4527 2
3490 5215 7
3493 3922 3
3493 5768 3
3493 3774 5
3493 4268 7
3529 3542 1
3529 4370 1
3529 5367 4
2575 4014 9
2575 4921 6
2575 5843 8
2575 4527 8
2575 5142 9
2575 3726 9
2575 5102 6
2575 5410 9
2575 4693 10
2575 4697 5
3537 4177 8
3537 3715 4
3537 3810 3
3537 5739 1
3537 4278 8
3537 3763 1
3537 3950 8
3537 4812 6
3537 3555 10
3537 3558 5
3537 3934 7
3537 3095 3
3537 4074 9
3537 4829 2
3537 4412 1
3542 4027 1
3542 4803 4
3542 4687 7
3542 5339 6
3542 4473 6
3542 5334 1
3555 3950 1
3558 4177 10
3558 755 4
3558 4582 3
3558 4484 4
3558 4750 4
3558 5127 1
3558 4048 8
3558 3095 3
3558 5063 4
3558 3941 10
3562 3763 8
3562 5127 5
3576 5018 2
3576 5906 9
3595 5872 8
3599 5475 2
3602 5142 7
3602 5506 1
3602 3669 6
3602 4939 5
3602 5906 7
3663 5142 6
3663 5220 1
3669 3713 8
3669 4058 7
3669 4633 7
3669 5142 2
3669 3854 6
3669 4527 5
3669 4189 7
3669 3726 2
3669 5102 10
3669 4693 4
3669 3886 3
3669 4313 3
3669 4805 2
3669 5506 9
3670 4959 2
3676 5161 2
3677 4786 8
3677 3761 4
3677 4335 2
3695 4921 7
3695 4451 8
3695 4014 3
3695 4658 2
3695 4018 8
3695 4297 2
3703 4975 10
3703 4497 3
3713 4636 6
3713 4499 2
3713 5687 6
3713 789 1
3713 2623 1
3713 5306 4
3713 5906 8
3716 3888 6
3726 4499 9
3726 5843 7
3726 3733 10
3726 4058 7
3726 5306 8
3726 5045 4
3726 5142 7
3726 5655 7
3726 3854 8
3726 4527 2
3726 5722 1
3726 5102 8
3726 5410 5
3726 4693 3
3726 4697 6
3726 5687 2
3726 4910 2
3726 4876 4
3733 4189 3
3733 5722 9
3733 5761 8
3733 5532 1
3733 4805 3
3733 5306 2
3733 4527 3
3733 5410 5
3745 4473 4
3749 4499 5
3749 5687 10
3755 5313 7
3761 5777 9
3761 3854 7
3761 4658 9
3761 3843 4
3761 5380 9
3761 4527 3
3761 4874 2
3761 4475 4
3763 4278 5
3763 4484 1
3763 5573 6
3763 5249 9
3763 4508 6
3763 3877 1
3763 4048 3
3763 5063 5
3763 4172 3
3763 4829 4
3763 4258 7
3774 3922 1
3774 5244 4
3778 5412 6
3784 4552 5
3786 5457 10
3786 5162 2
3467 5828 1
3805 3886 6
3818 4833 10
3818 5596 3
3818 5872 6
3818 5432 2
3818 5409 8
3833 3886 3
3834 5409 3
3837 4172 2
3837 4240 9
3837 4258 2
3843 4764 5
3843 5800 8
3843 4297 3
3843 4786 5
3847 5506 5
3850 4172 6
3854 5722 9
3854 4527 2
3854 4786 4
3859 4058 9
2623 4499 7
2623 5687 6
2623 4189 1
3882 5380 10
3886 5906 9
3888 4350 6
3888 5612 4
3888 5872 4
3888 5854 9
3888 5409 4
3892 5258 2
3893 4297 2
3920 5768 1
3922 5612 3
3934 5564 5
3946 3956 3
3946 4921 7
3946 4014 6
3946 5306 2
3949 5612 2
3950 4177 6
3950 5573 5
3950 5739 8
3950 4812 3
3950 4582 2
3950 5126 4
3950 4022 10
3950 5018 7
3950 4048 9
3950 3095 5
3950 4074 2
3954 5380 4
3954 4475 2
3954 5609 1
3956 4921 6
3956 5535 4
3956 5142 6
3956 4014 8
3959 5334 1
3961 5267 2
3961 4557 1
3961 5538 3
3987 4014 9
3989 5768 1
4007 4508 6
4007 4829 2
4014 4658 8
4014 4981 5
4014 4018 7
4014 5532 8
4014 5410 7
4018 4921 5
4018 4513 2
4018 4297 4
4018 4891 1
4019 4258 1
4022 199 7
4622 4750 2
4048 755 10
4048 4829 7
4048 4836 10
4048 5825 10
4058 5142 5
4058 4189 3
4074 4959 4
4074 4829 9
4095 182 2
4107 4177 8
4127 4473 3
4127 5872 8
4168 4771 9
4168 5721 1
4171 4833 2
4172 5018 8
4172 4980 6
4172 4240 3
4172 4452 3
4174 5443 6
4174 5363 7
4177 4402 4
4177 4836 7
1298 1865 4
1298 5135 5
1298 5457 5
1298 5787 10
1298 5215 1
1298 4521 4
1298 5162 6
4189 789 2
4189 4697 2
4189 5722 2
4189 4910 5
4189 5045 6
1374 5115 6
1374 3941 6
4218 4344 6
4218 4473 4
4218 5872 6
4222 5363 3
4224 4240 5
4240 4980 7
4240 4258 3
4268 5412 4
4268 5848 10
4268 4933 10
4268 5244 5
4268 5768 4
4274 5102 4
4276 5409 8
4278 755 9
4278 5127 9
4278 4508 8
4278 4829 10
4278 4836 3
4283 5018 1
4297 4981 2
4297 4658 8
4297 5609 4
4313 5906 5
4324 4508 4
4324 4750 7
4339 5906 7
4344 4473 2
4361 5768 6
4370 4027 10
4370 4803 6
4370 4687 6
4370 5339 8
4370 4473 2
4370 5334 8
4378 4750 3
4380 4750 4
4402 5594 5
4402 5519 2
4412 755 9
4412 5127 7
4412 4829 2
4452 5018 10
5655 4499 7
5655 5655 7
5655 5687 5
5655 5122 10
5655 4725 3
5655 5906 7
4473 4614 7
4473 4922 2
4473 5408 8
4473 4639 6
4473 4945 5
4473 5872 8
3095 5018 8
4475 5380 2
4475 5573 6
4475 5142 1
4475 4786 3
4484 5739 5
4484 5249 10
4484 4508 5
4484 4750 4
4484 5126 10
4484 5127 9
4484 4829 5
4495 4777 6
4499 4636 9
4499 5103 9
4499 4781 8
4499 4509 7
4499 4725 8
4499 5906 6
4508 755 9
4508 3304 10
4508 5127 4
4508 4829 6
4508 4836 1
4509 5687 8
4509 4891 3
4509 4781 4
4513 4891 6
4521 755 5
4521 5325 4
4521 4994 1
4521 5135 4
4521 5162 7
4527 5722 4
4527 5777 4
4527 4786 5
4553 4819 2
4553 5500 8
4557 5267 2
755 5092 7
755 1354 4
755 5249 8
755 4829 5
755 3941 8
4585 5215 4
4600 4633 6
4615 5612 10
4629 182 10
4633 5612 4
4636 5687 9
4646 5127 2
4651 4733 3
4651 4707 4
4651 5865 5
4651 5327 9
4651 5328 4
4657 1865 6
4657 5135 5
4658 4921 1
4658 4786 1
3304 4829 10
4681 5412 3
4687 5267 7
4693 5722 2
4693 5532 7
4693 5102 5
4693 5410 6
4697 4725 9
4697 4876 6
4697 5142 5
4707 4733 3
4707 5327 10
4707 5328 9
4725 5122 6
4725 5687 5
4725 5906 9
4733 5865 8
4733 5327 10
4733 5328 10
4743 4758 2
4743 5409 8
4750 5652 3
4750 4829 8
4750 5092 8
4750 5310 10
4752 5122 2
4758 4819 9
4758 4758 8
4781 5687 8
4786 5380 7
4786 5777 7
4800 5394 1
4812 5739 2
4813 5456 5
4819 5500 7
4828 5412 10
4829 5573 9
4829 5739 1
4829 4836 2
4829 1354 1
4829 5249 5
4829 5127 8
4829 5092 9
4833 5534 4
4836 5249 1
4836 5092 6
4852 5306 9
5369 5018 5
4874 5102 6
4915 5506 7
4921 5142 4
4921 4981 6
4921 5532 5
4921 5410 5
4922 5412 4
4922 5413 6
4922 5394 8
4933 5467 4
4958 5412 6
4959 5573 9
182 5258 6
182 5303 10
182 5475 4
4967 5906 8
4975 5702 3
4975 5523 6
5018 5573 10
5018 5126 1
5018 5800 1
5028 5409 3
5037 5220 9
5044 5612 6
5045 5687 9
5045 5532 1
5063 5127 6
789 5122 7
5092 5127 9
5102 5722 10
5102 5380 6
5102 5532 6
5102 1672 6
5102 5830 4
5102 5506 7
5103 5687 10
2837 5332 6
5112 5532 6
5115 5596 4
5115 5432 8
5122 5722 8
5127 1354 5
5127 5249 5
5127 3941 4
5142 5306 10
5142 5380 3
5142 5609 8
5142 5800 1
5142 5410 2
5142 5906 3
5161 1865 6
5162 5457 1
5162 5215 2
5193 5375 3
5215 1865 3
5215 5457 4
5215 5277 2
5215 5889 5
5238 5258 7
5244 5768 6
5258 5327 10
5258 5759 9
5267 5612 5
5267 5412 3
5267 5872 8
5267 5405 6
5306 5535 3
5307 5519 6
5317 5432 9
5327 5865 2
5327 5328 7
5331 5412 5
5332 5759 3
5334 5412 8
1865 5457 4
5363 5443 9
5363 422 5
5367 5624 8
5394 5612 2
5405 5413 8
5405 5631 5
5409 5703 6
5410 5674 6
5412 5883 10
5412 5886 3
5413 5847 7
5413 5631 1
5413 5721 2
5413 5886 6
5432 5800 5
5443 422 3
5457 5787 10
5458 5624 6
5460 5519 5
5467 5768 10
5504 5877 3
5584 5872 4
5612 5883 1
5612 5768 8
5612 5854 8
5687 5906 4
5736 5877 1
5768 5848 6
5800 5897 10
