# Local nodes
3
5
17
23
31
43
51
58
76
78
85
96
112
148
156
161
164
168
192
214
216
226
250
257
270
273
285
293
310
318
320
324
326
340
346
372
377
379
402
406
418
423
430
433
437
443
452
486
491
493
495
497
507
511
512
521
556
566
583
585
591
619
621
625
627
629
631
637
639
645
646
657
671
672
675
689
697
709
710
720
721
725
738
741
749
760
776
778
790
793
796
798
813
819
829
834
835
836
838
839
853
860
861
870
872
882
887
888
892
898
909
919
931
966
979
996
1034
1039
1040
1044
1068
1069
1070
1071
1075
1076
1097
1103
1104
1107
1108
1133
1151
1159
1163
1164
1171
1172
1173
1182
1184
1201
1206
1208
1216
1223
1236
1243
1252
1253
1255
1256
1260
1262
1267
1275
1303
1333
1351
1365
1367
1370
1374
1375
1377
1383
1401
1412
1420
1430
1433
1435
1444
1445
1446
1451
1458
1461
1467
1468
1486
1491
1503
1504
1510
1515
1532
1539
1546
1567
1574
1577
1592
1593
1594
1608
1625
1631
1638
1639
1657
1659
1669
1679
1699
1700
1701
1708
1712
1721
1724
1743
1763
1810
1813
1815
1816
1830
1833
1835
1837
1866
1870
1885
1888
1889
1903
1905
1914
1919
1929
1933
1935
1943
1944
1950
1957
1969
1980
1992
2007
2011
2012
2023
2038
2055
2063
2064
2089
2123
2138
2142
2143
2159
2181
2182
2185
2218
2221
2228
2229
2234
2237
2243
2245
2271
2274
2285
2288
2290
2292
2303
2308
2312
2316
2336
2350
2366
2374
2378
2383
2400
2410
2416
2432
2437
2446
2449
2464
2487
2499
2511
2514
2533
2541
2557
2573
2576
2583
2589
2601
2603
2624
2625
2636
2638
2640
2656
2665
2672
2724
2737
2741
2746
2747
2760
2762
2769
2783
2805
2808
2835
2840
2865
2876
2895
2903
2915
2924
2946
2952
2967
2971
2974
2980
2987
2990
3006
3013
3017
3026
3044
3046
3059
3098
3104
3105
3119
3122
3130
3134
3136
3154
3160
3198
3202
3203
3206
3214
3216
3221
3238
3240
3245
3253
3259
3264
3277
3288
3302
3303
3310
3311
3312
3341
3348
3381
3399
3413
3416
3430
3450
3483
3504
3515
3520
3540
3552
3556
3563
3564
3570
3580
3581
3584
3586
3591
3608
3643
3648
3654
3667
3668
3681
3683
3687
3704
3708
3729
3741
3742
3748
3751
3756
3758
3764
3770
3778
3783
3787
3790
3798
3826
3828
3833
3840
3846
3873
3876
3878
3880
3889
3894
3904
3911
3921
3928
3939
3951
3963
3971
3988
3991
4000
4009
4013
4021
4025
4030
4035
4040
4043
4046
4077
4082
4093
4097
4108
4116
4122
4131
4133
4138
4140
4141
4146
4154
4175
4176
4182
4221
4241
4249
4251
4252
4256
4269
4272
4287
4291
4292
4307
4310
4311
4317
4336
4351
4353
4359
4377
4384
4385
4388
4393
4397
4398
4403
4407
4416
4426
4428
4441
4445
4447
4448
4454
4458
4461
4466
4472
4477
4504
4515
4522
4531
4540
4545
4548
4549
4551
4561
4563
4565
4574
4581
4586
4590
4609
4611
4612
4620
4628
4631
4634
4637
4659
4672
4698
4701
4708
4723
4724
4738
4746
4753
4760
4773
4776
4783
4814
4826
4841
4858
4869
4877
4881
4882
4886
4902
4909
4913
4934
4935
4950
4951
4954
4984
4986
5000
5002
5003
5004
5013
5014
5022
5032
5040
5067
5085
5087
5095
5099
5123
5165
5170
5173
5181
5182
5194
5196
5197
5208
5216
5217
5218
5230
5233
5245
5247
5252
5253
5259
5266
5270
5278
5291
5315
5318
5320
5330
5335
5338
5347
5369
5370
5381
5391
5398
5400
5401
5402
5426
5427
5428
5429
5431
5437
5447
5448
5451
5465
5466
5484
5487
5491
5498
5504
5517
5552
5556
5558
5563
5564
5571
5588
5591
5603
5619
5637
5639
5644
5645
5658
5662
5665
5679
5680
5688
5690
5727
5741
5744
5746
5755
5756
5762
5769
5774
5792
5803
5804
5812
5828
5829
5832
5834
5835
5839
5842
5853
5859
5860
5861
5863
5874
5892
# Ghost nodes
71
79
94
97
98
116
122
142
150
180
191
194
218
253
282
399
450
553
559
561
589
684
694
724
777
821
832
869
978
1003
1011
1017
1028
1077
1109
1190
1197
1199
1259
1309
1324
1387
1432
1449
1471
1500
1541
1549
1575
1596
1644
1744
1791
1796
1803
1822
1864
1909
1910
1964
1965
2013
2015
2045
2074
2189
2209
2239
2327
2346
2371
2406
2435
2479
2522
2535
2562
2612
2643
2647
2678
2698
2733
2778
2800
2880
2887
2897
2900
2923
2944
3001
3010
3014
3035
3051
3087
3089
3099
3127
3151
3159
3172
3174
3181
3241
3262
3326
3374
3377
3387
3402
3453
3467
3471
3529
3576
3595
3617
3684
3747
3782
3801
3850
3886
3912
3931
3934
3940
3941
4024
4047
4056
4142
4208
4210
4231
4253
4271
4316
4329
4378
4395
4482
4528
4550
4621
4639
4767
4801
4829
4864
4906
4923
4945
4958
4964
4987
5018
5062
5064
5066
5068
5072
5115
5127
5132
5185
5267
5294
5408
5412
5544
5578
5612
5631
5661
5704
5715
5716
5717
5748
5758
5800
5855
5877
