# Local nodes
0
25
27
29
48
49
53
55
64
69
72
87
92
98
108
121
128
131
134
138
139
140
144
146
157
169
194
202
227
246
253
275
289
291
297
300
312
314
337
348
356
375
405
420
431
432
445
448
462
463
470
479
480
506
528
545
554
565
602
604
628
630
635
638
648
664
665
676
687
694
698
708
714
718
724
729
731
732
736
754
761
766
768
802
809
825
848
849
855
859
867
868
876
881
885
897
899
920
934
946
949
953
961
975
977
980
982
988
990
993
1001
1005
1035
1038
1046
1050
1054
1058
1067
1085
1088
1096
1113
1126
1136
1137
1138
1142
1165
1170
1178
1220
1222
1224
1234
1259
1261
1265
1270
1279
1282
1284
1306
1319
1327
1329
1332
1335
1337
1344
1348
1350
1355
1359
1368
1373
1389
1399
1426
1457
1466
1473
1475
1477
1500
1524
1525
1527
1533
1545
1547
1558
1568
1572
1576
1578
1580
1583
1586
1597
1600
1604
1621
1622
1628
1632
1646
1650
1656
1660
1666
1675
1676
1684
1687
1702
1713
1717
1719
1720
1726
1742
1765
1776
1779
1790
1796
1798
1831
1841
1849
1867
1868
1908
1909
1928
1931
1939
1952
1963
1972
1975
1976
1981
1985
1988
1993
1996
2000
2003
2006
2015
2028
2046
2048
2049
2050
2051
2073
2074
2086
2088
2099
2103
2108
2110
2116
2145
2169
2171
2177
2186
2190
2194
2204
2205
2206
2230
2247
2249
2251
2256
2260
2261
2264
2286
2297
2315
2334
2337
2343
2354
2370
2384
2391
2398
2435
2436
2443
2452
2463
2470
2492
2494
2504
2507
2523
2524
2527
2540
2542
2544
2549
2554
2555
2558
2564
2566
2567
2569
2585
2587
2600
2610
2615
2616
2630
2639
2644
2647
2659
2660
2663
2674
2676
2698
2702
2706
2713
2721
2729
2730
2734
2745
2755
2759
2764
2766
2788
2792
2800
2802
2821
2826
2846
2852
2857
2862
2864
2871
2890
2893
2899
2901
2908
2910
2913
2916
2917
2922
2930
2973
2979
2982
2983
2998
2999
3003
3005
3011
3015
3018
3021
3025
3053
3058
3064
3077
3087
3089
3093
3099
3115
3121
3124
3128
3129
3135
3137
3140
3143
3157
3162
3170
3171
3192
3194
3195
3197
3199
3208
3217
3218
3224
3227
3234
3235
3242
3250
3256
3260
3307
3309
3326
3327
3328
3330
3361
3369
3372
3374
3377
3389
3401
3406
3407
3410
3415
3421
3429
3431
3442
3444
3446
3447
3453
3454
3489
3494
3526
3538
3557
3579
3585
3588
3596
3599
3612
3619
3622
3651
3656
3657
3662
3665
3684
3694
3718
3722
3744
3747
3753
3760
3762
3769
3789
3802
3803
3817
3820
3823
3841
3842
3845
3851
3852
3874
3881
3883
3884
3898
3905
3906
3910
3918
3923
3929
3948
3982
3985
3992
4006
4017
4020
4028
4031
4033
4047
4070
4075
4106
4121
4132
4145
4148
4149
4155
4157
4161
4162
4164
4165
4178
4185
4197
4198
4214
4215
4226
4233
4235
4237
4238
4243
4253
4261
4293
4298
4306
4308
4318
4320
4321
4342
4347
4358
4368
4379
4391
4392
4395
4396
4425
4435
4437
4438
4443
4498
4501
4502
4523
4530
4537
4543
4568
4580
4598
4616
4623
4630
4641
4662
4665
4670
4674
4680
4688
4689
4690
4702
4712
4715
4716
4722
4726
4727
4749
4761
4780
4791
4797
4801
4804
4810
4816
4818
4822
4824
4825
4845
4851
4852
4854
4856
4870
4904
4905
4907
4911
4914
4915
4919
4924
4925
4929
4936
4943
4957
4963
4970
4971
4974
4978
4987
4992
4999
5021
5024
5048
5056
5057
5058
5060
5064
5065
5073
5089
5093
5100
5107
5109
5111
5145
5154
5158
5171
5185
5186
5187
5192
5198
5202
5237
5242
5263
5265
5273
5282
5284
5286
5292
5294
5301
5308
5312
5337
5354
5372
5382
5395
5397
5406
5418
5440
5446
5450
5455
5493
5497
5511
5513
5514
5521
5526
5531
5566
5574
5595
5599
5601
5621
5648
5651
5653
5667
5669
5676
5681
5683
5689
5695
5732
5748
5752
5754
5758
5760
5763
5779
5785
5806
5817
5844
5849
5855
5862
5866
5876
5884
5885
5887
5893
5903
# Ghost nodes
18
26
61
68
74
77
79
93
99
124
133
155
165
172
190
191
210
220
239
274
277
286
313
413
417
435
442
450
460
469
487
488
519
568
572
578
619
654
671
684
686
688
691
711
727
733
735
743
748
764
772
779
860
869
921
933
937
966
996
1014
1015
1025
1041
1064
1070
1077
1091
1112
1157
1172
1184
1190
1215
1244
1252
1263
1285
1294
1340
1356
1357
1384
1386
1429
1456
1474
1506
1509
1581
1614
1618
1648
1651
1685
1690
1691
1697
1699
1753
1785
1809
1813
1836
1846
1881
1903
1921
1965
1977
1987
1990
2018
2025
2041
2042
2047
2055
2060
2063
2072
2082
2098
2134
2143
2188
2202
2218
2224
2229
2232
2239
2250
2257
2275
2339
2369
2408
2409
2502
2515
2539
2547
2565
2595
2612
2634
2661
2693
2694
2695
2714
2717
2726
2770
2811
2815
2830
2849
2851
2861
2880
2900
2926
2937
2938
2941
2951
2954
3023
3028
3043
3060
3074
3080
3083
3086
3090
3094
3119
3125
3130
3136
3148
3156
3158
3159
3172
3181
3189
3203
3222
3226
3239
3263
3273
3294
3321
3329
3345
3347
3357
3370
3387
3398
3402
3460
3471
3498
3504
3569
3576
3595
3603
3607
3669
3696
3704
3756
3791
3797
3801
3806
3840
3853
3859
3864
3879
3897
3919
3931
3947
3986
4005
4023
4032
4039
4068
4071
4079
4081
4107
4108
4156
4158
4160
4175
4183
4184
4193
4201
4205
4219
4221
4234
4248
4316
4324
4326
4371
4385
4406
4416
4424
4459
4517
4525
4527
4535
4547
4549
4555
4558
4572
4602
4607
4617
4621
4643
4648
4652
4701
4759
4792
4793
4813
4819
4835
4844
4866
4872
4874
4894
4908
4917
4918
4920
4940
4948
4972
4979
4982
5027
5072
5084
5091
5102
5118
5128
5139
5142
5166
5177
5183
5212
5221
5227
5240
5266
5285
5299
5306
5325
5355
5357
5369
5387
5388
5411
5414
5420
5430
5431
5475
5479
5486
5506
5523
5560
5584
5590
5608
5615
5644
5678
5679
5692
5729
5735
5750
5800
5801
5830
5881
5882
5891
5897
5900
5905
