0 1972 8
0 5111 8
0 138 4
0 3053 3
0 1473 2
0 4978 5
0 4523 8
0 2334 9
0 1038 6
0 3923 1
0 3874 7
0 766 2
0 98 4
0 2676 1
0 1547 1
0 3622 9
0 5292 4
0 5455 10
0 2755 10
0 568 9
0 1849 9
0 980 8
0 1578 10
0 4674 9
0 876 2
0 3842 9
0 5866 8
0 3883 8
0 2524 6
0 961 4
0 5154 7
0 3372 3
0 2639 9
0 3099 3
0 2852 5
0 1909 6
0 4537 2
0 1676 9
0 4924 7
0 724 10
0 5855 10
0 4157 8
0 2051 3
0 4630 10
18 2647 8
25 4121 7
25 4987 9
25 1849 5
25 417 3
25 3651 9
25 5758 7
25 2930 3
26 3744 7
27 1952 6
48 1088 3
48 3762 4
48 3802 9
48 2435 10
49 4047 6
49 961 5
49 4623 2
49 3121 5
49 480 4
49 2713 4
49 4801 6
49 5093 5
49 5855 6
49 4443 3
49 5107 4
53 2408 1
53 4722 2
53 3585 1
53 3906 8
55 1224 7
55 3588 5
55 4761 2
55 2755 8
55 1368 5
55 2116 1
55 480 10
55 1500 5
55 2435 5
55 4501 8
55 5763 6
55 5093 10
55 2334 3
55 4185 10
55 4155 3
55 3874 5
55 3760 10
55 2249 4
55 98 3
55 1831 9
55 1344 7
55 3087 2
55 2998 2
55 2015 4
55 3622 3
55 169 10
55 2205 10
55 5785 4
55 2337 4
55 2730 1
55 4749 6
55 1849 8
55 2230 2
55 3140 4
55 3260 7
55 698 9
55 5312 9
55 3753 6
55 2663 8
55 3684 3
55 2759 4
55 470 8
55 1142 8
55 1622 1
55 4047 9
55 961 7
55 1909 8
55 3099 6
55 4870 8
55 4537 1
55 4924 4
55 2647 6
55 3489 4
55 4680 3
55 724 3
55 5855 7
55 4498 1
55 4911 7
61 3140 4
1742 2186 9
1742 3330 4
1742 5091 1
64 194 4
64 4017 8
64 1993 3
64 1583 4
64 5100 5
64 3823 5
68 4674 7
69 1178 10
69 1632 10
69 2086 7
69 4914 10
69 5446 6
69 2764 7
69 5574 6
69 2558 4
69 5763 2
69 3170 9
69 1282 5
69 3263 6
69 2890 1
69 2337 5
69 1137 9
69 1931 2
69 4810 10
69 5779 6
69 3369 2
69 108 2
69 3162 8
69 4598 4
69 5566 3
69 420 1
69 3099 2
69 1466 5
69 4293 1
69 4992 6
69 3982 5
69 2979 10
69 2527 8
69 4804 6
69 5065 1
69 5855 7
69 4253 4
69 297 1
72 3665 5
72 3377 8
72 1632 4
72 5695 7
72 1344 6
72 1720 3
72 5093 1
72 4761 6
72 724 8
72 3170 4
72 2792 5
72 3762 7
72 4185 1
72 2249 9
72 1067 6
72 98 7
72 1796 9
72 3087 1
72 1675 8
72 5817 7
72 4749 5
72 1279 6
72 3489 3
72 169 3
72 1849 4
72 2230 4
72 5885 6
72 2713 3
72 3684 8
72 2759 8
72 4598 3
72 2015 2
72 2524 2
72 1909 8
72 2644 6
72 4537 3
72 2647 4
72 1220 1
72 3374 5
72 5855 3
74 4674 8
77 3526 2
79 1359 4
87 2615 5
87 4395 7
87 3442 7
87 3326 5
87 3389 4
92 648 9
92 3985 9
92 630 7
92 3421 8
92 2354 10
92 867 6
92 1790 10
92 4391 8
92 2108 6
92 3171 6
92 4690 4
92 4791 10
92 565 9
92 3619 7
92 2908 10
92 1284 10
92 1604 5
92 2204 8
92 1259 2
92 2910 7
92 1306 6
92 1597 2
92 5337 6
92 1005 7
92 5024 5
92 2088 2
92 4670 9
92 4780 5
92 1908 3
92 3881 8
92 3307 10
92 3841 1
92 1332 6
92 859 9
92 2398 6
92 4070 9
92 2973 9
92 5514 3
92 3884 3
92 2190 6
92 4825 6
92 3208 1
92 3910 2
92 2048 5
92 2073 1
92 2145 4
92 2463 10
92 134 10
92 2698 7
92 2846 2
93 4395 6
98 1178 4
98 1632 10
98 2788 8
98 3665 8
98 4914 6
98 480 7
98 729 10
98 3260 2
98 1719 5
98 3170 1
98 2792 8
98 5202 6
98 4185 10
98 1344 8
98 1547 7
98 2998 7
98 3622 6
98 4749 9
98 4549 9
98 2890 3
98 3789 7
98 1849 6
98 2230 2
98 961 7
98 3140 9
98 2713 4
98 3369 7
98 4197 1
98 5089 4
98 1558 2
98 5817 3
98 2524 3
98 3099 7
98 1466 10
98 4293 2
98 3374 9
98 2051 1
98 297 2
98 5111 3
98 3377 8
98 4761 10
98 1279 5
98 5093 9
98 2435 10
98 1475 9
98 848 4
98 5695 10
98 121 8
98 4623 9
98 766 8
98 506 10
98 1868 7
98 4020 5
98 2730 10
98 3929 1
98 4674 9
98 3842 7
98 676 5
98 1675 5
98 3263 10
98 4121 4
98 5566 2
98 2639 1
98 4680 5
98 2644 4
98 3753 4
98 2647 4
98 1038 8
98 4498 1
98 2554 9
98 1972 4
98 2555 1
98 3883 2
98 1500 2
98 5574 7
98 4501 10
98 5763 10
98 3087 1
98 3762 10
98 3242 2
98 1684 1
98 885 9
98 1976 9
98 3309 9
98 1796 2
98 5145 8
98 3769 4
98 3489 3
98 1137 10
98 2755 8
98 3576 6
98 5681 7
98 1687 5
98 432 2
98 698 10
98 3684 3
98 876 10
98 2759 6
98 4598 4
98 1142 1
98 4047 5
98 4801 1
98 5154 9
98 2852 3
98 5065 5
98 1220 10
98 4253 8
98 3327 7
98 1224 8
98 3121 8
98 4438 2
98 2676 4
98 2086 8
98 5779 3
98 3694 3
98 3817 9
98 1996 4
98 2600 2
98 4523 3
98 5885 8
98 802 2
98 169 10
98 2116 9
98 5893 5
98 5785 4
98 980 4
98 5855 8
98 4727 9
98 3162 5
98 2015 2
98 2249 4
98 1909 2
98 2979 4
98 1067 5
98 3982 6
98 4537 3
98 4924 10
98 5621 7
98 4175 8
98 724 5
98 4911 5
98 4630 10
99 2398 8
108 885 8
108 2788 2
108 2702 4
108 2086 1
108 479 1
108 5446 8
108 5779 3
108 2585 7
108 2558 2
108 5763 4
108 4856 8
108 2745 5
108 2527 8
108 2171 9
108 1976 2
108 1282 9
108 3263 10
108 3195 8
108 5608 4
108 1279 6
108 2890 6
108 2337 9
108 1137 5
108 2916 3
108 3817 7
108 5065 1
108 1931 4
108 897 2
108 899 5
108 3369 7
108 2540 10
108 3162 3
108 1621 4
108 5574 1
108 3256 1
108 5566 9
108 420 2
108 1466 2
108 4293 6
108 4992 7
108 3982 6
108 2979 2
108 4914 10
108 4804 4
108 5621 7
108 4870 4
108 4253 1
108 297 2
108 5599 8
121 5111 8
121 3665 6
121 1178 6
121 4761 8
121 2555 6
121 885 6
121 1344 4
121 1279 6
121 480 2
121 3694 1
121 4501 8
121 4498 1
121 3170 9
121 2792 7
121 1373 4
121 3242 7
121 4185 4
121 2249 3
121 3087 3
121 169 5
121 5145 8
121 2337 9
121 2730 1
121 1088 5
121 5093 7
121 3789 6
121 1849 8
121 2230 10
121 2015 2
121 698 5
121 2713 9
121 3753 3
121 3684 6
121 5089 1
121 2759 5
121 1558 7
121 1831 4
121 4598 6
121 1142 7
121 3140 4
121 961 7
121 2524 7
121 1909 10
121 3099 7
121 3489 5
121 4537 10
121 3747 4
121 5785 4
121 1220 1
121 724 1
121 5855 3
121 4749 6
121 4911 5
121 5885 6
124 2190 2
128 1666 9
128 5273 3
128 2938 8
128 5060 8
128 4974 3
128 3235 1
128 29 8
128 3224 1
128 2050 2
128 855 2
128 1952 3
128 1477 7
131 565 8
131 3931 5
131 2315 3
138 1972 5
138 5154 1
138 2524 9
138 766 10
138 2676 6
138 4033 1
138 2852 6
138 2639 4
138 676 2
138 5866 8
138 4674 8
138 876 7
138 4924 4
138 4978 5
138 3883 1
138 3622 5
138 4523 4
138 2334 4
138 2051 3
138 4630 1
139 4715 1
139 5669 6
144 356 8
146 5058 2
146 4543 4
146 2634 7
146 4940 1
146 3093 7
146 604 9
146 3622 10
146 1981 5
146 554 8
155 1067 10
155 506 4
155 1928 2
157 1719 3
157 4852 7
157 1088 7
157 2435 7
157 4801 9
157 4165 6
157 5107 4
157 4435 7
165 4395 9
169 1224 2
169 3665 10
169 3588 7
169 1632 8
169 2555 7
169 5695 1
169 1344 10
169 5885 5
169 1279 2
169 3260 4
169 4915 8
169 253 6
169 1475 5
169 4761 2
169 1996 1
169 140 10
169 3170 5
169 2792 8
169 5202 10
169 4523 5
169 4537 10
169 4185 4
169 766 1
169 1067 8
169 1796 10
169 724 8
169 3087 8
169 2998 5
169 1675 5
169 4598 3
169 4749 3
169 2890 8
169 3489 3
169 2730 10
169 480 6
169 5093 1
169 1849 10
169 2230 8
169 3121 7
169 1621 7
169 432 3
169 3140 3
169 4943 3
169 698 1
169 2713 3
169 4924 2
169 5800 3
169 3684 9
169 3883 5
169 2759 8
169 1558 2
169 1831 10
169 5817 9
169 2015 5
169 4047 1
169 5566 7
169 2524 10
169 1909 3
169 3099 4
169 2644 4
169 4501 9
169 2600 2
169 506 7
169 3662 4
169 2647 10
169 5785 6
169 1220 4
169 3374 6
169 5855 9
169 4253 3
169 4498 1
169 4911 10
169 2249 8
172 2698 1
190 5817 9
191 4321 1
194 2218 6
194 4017 8
202 4081 2
202 4032 9
202 4974 2
202 1348 9
202 4358 2
202 1952 4
202 4970 3
202 3224 10
202 3852 4
202 1798 3
202 2630 1
202 4665 5
202 5237 6
202 1126 10
202 2893 5
202 1270 9
202 3234 10
202 4406 5
202 1988 2
202 4459 3
202 2492 3
202 5903 3
202 1085 9
202 1660 9
210 1684 5
220 3923 7
29 4974 10
29 3224 9
29 4243 2
29 855 7
29 4919 3
227 4674 9
227 3842 5
227 2051 1
227 3080 4
239 3326 5
239 4395 5
1005 565 1
1005 1908 7
1005 4530 7
1005 630 10
1005 2354 7
1005 4070 2
1005 3599 7
1005 2108 4
1005 2088 4
1005 2973 9
1005 2698 6
1005 4690 6
1005 4214 7
246 5027 1
246 3898 8
246 4145 2
246 654 5
246 5876 10
246 348 9
274 2470 2
275 2049 7
275 4395 3
275 275 8
275 3722 10
277 2893 3
277 1798 8
277 4243 8
277 3234 5
277 4974 4
286 5312 8
289 4854 1
289 4238 2
289 5513 8
289 3526 3
289 1426 5
289 4948 3
291 3665 7
291 3217 2
291 1719 2
291 3929 10
291 1067 6
291 4852 6
291 2435 9
291 4801 6
291 4165 1
291 724 5
291 5107 9
291 3762 1
291 4435 4
291 5057 5
291 1142 5
297 2764 9
297 1632 2
297 2788 4
297 2086 2
297 479 2
297 5446 10
297 5779 10
297 5574 7
297 420 7
297 5763 5
297 2745 6
297 3256 1
297 3087 8
297 2890 2
297 5785 10
297 5065 1
297 3162 3
297 4598 7
297 961 5
297 5566 7
297 2558 3
297 1466 1
297 4293 3
297 4992 10
297 2979 1
297 2527 5
297 4804 6
297 5621 4
297 724 3
297 4253 10
297 5599 5
300 1988 2
300 1952 4
300 1270 6
312 4908 5
312 4395 1
312 3864 3
312 5056 10
312 708 10
313 4907 1
314 628 10
314 565 9
314 2028 5
314 3307 2
314 4530 9
314 2698 1
337 2006 4
337 4347 8
337 1524 10
337 5876 7
4992 885 9
4992 2788 6
4992 2702 6
4992 2086 6
4992 479 9
4992 5446 10
4992 4810 6
4992 5574 4
4992 420 5
4992 5763 6
4992 4856 6
4992 2745 1
4992 1684 8
4992 1976 10
4992 2540 5
4992 3195 3
4992 4914 4
4992 2890 9
4992 1137 10
4992 2916 10
4992 3817 7
4992 5065 4
4992 1931 9
4992 897 8
4992 5779 2
4992 3369 10
4992 3162 1
4992 4598 8
4992 3256 4
4992 2558 4
4992 1466 4
4992 4293 1
4992 3982 6
4992 2979 7
4992 2527 5
4992 4804 10
4992 5621 2
4992 4870 4
4992 724 10
4992 5855 8
4992 4253 9
4992 5599 3
348 4816 8
356 881 9
356 5897 1
356 4395 6
375 3003 8
375 5648 2
375 2504 1
375 687 10
375 431 7
375 664 7
375 1702 6
405 648 7
405 1138 1
405 4306 9
405 5862 4
405 3841 8
405 4006 1
405 4822 4
405 4226 5
405 5294 4
405 4929 7
413 3557 2
420 885 3
420 2086 4
420 479 6
420 5446 4
420 2558 3
420 5763 7
420 3170 10
420 1046 5
420 1282 8
420 3263 7
420 3195 9
420 4914 9
420 2890 6
420 1137 2
420 2916 2
420 3817 4
420 1931 9
420 3369 3
420 3162 1
420 5154 1
420 1466 4
420 4293 2
420 2979 5
420 2527 1
420 4804 7
420 5065 4
420 4253 1
420 5599 1
431 3003 6
431 3377 2
431 5648 3
431 2504 6
431 1868 7
431 4235 2
431 687 2
431 5089 5
431 664 2
431 5242 1
431 5450 4
431 1702 6
432 1224 3
432 3665 3
432 1719 9
432 1344 5
432 2116 6
432 480 6
432 253 10
432 4501 2
432 4761 2
432 2600 3
432 5093 7
432 3242 3
432 736 3
432 4185 8
432 3018 7
432 1067 7
432 3087 6
432 2998 7
432 5312 4
432 2730 8
432 4749 6
432 1849 1
432 2230 1
432 5885 6
432 4943 3
432 698 9
432 1831 10
432 2260 5
432 961 8
432 1909 6
432 4537 6
432 2647 5
432 5855 2
432 4911 9
435 5621 4
442 3744 3
442 5237 3
448 4797 7
448 2028 3
450 3137 3
460 1684 1
462 2202 1
462 4157 4
462 1965 7
462 5240 4
462 3853 9
462 1578 3
462 2639 7
462 1547 10
462 779 5
462 3401 6
462 3874 7
462 1112 1
462 4183 5
462 5292 5
463 5521 4
463 1244 8
463 4075 8
469 4501 7
470 736 3
470 1224 2
470 809 6
470 1622 3
470 4680 9
470 2899 5
470 3260 7
470 253 2
470 2297 9
470 2205 6
470 3694 1
470 2663 6
470 5158 9
470 5312 9
470 5855 3
470 5308 7
470 4155 3
470 4911 1
470 5186 2
479 1344 2
479 2086 9
479 4914 10
479 5574 5
479 687 1
479 4856 3
479 2745 9
479 3242 1
479 1282 3
479 3263 4
479 3195 7
479 1868 9
479 2890 9
479 2558 4
479 1931 3
479 5089 2
479 3162 4
479 2585 7
479 1466 6
479 4293 5
479 3982 5
479 2979 3
479 2527 5
479 5732 6
479 5065 8
479 4253 2
480 1972 5
480 3665 2
480 1178 2
480 1632 4
480 885 7
480 1344 2
480 2676 5
480 2086 5
480 3883 1
480 1500 6
480 253 1
480 4501 4
480 1719 6
480 4761 6
480 2600 1
480 3170 2
480 2792 3
480 4523 8
480 3242 5
480 4185 3
480 3760 6
480 2249 4
480 1067 7
480 1868 3
480 1675 3
480 2337 3
480 5695 9
480 2116 6
480 5093 8
480 4749 1
480 2230 3
480 2015 10
480 5779 2
480 698 3
480 724 6
480 876 4
480 4924 10
480 3684 5
480 5089 2
480 676 4
480 2759 7
480 4598 7
480 5574 10
480 4047 4
480 961 2
480 2524 1
480 3099 7
480 3489 7
480 3121 3
480 3982 3
480 2979 5
480 2647 8
480 4437 9
480 5785 7
480 4870 9
480 3374 5
480 5855 9
480 2730 1
480 2554 1
480 4911 4
487 1939 9
488 1952 10
488 3744 5
506 3665 1
506 4185 1
506 4761 10
506 2249 3
506 1849 8
506 1279 1
506 1220 10
506 1796 1
506 5885 8
506 698 10
506 2900 1
506 2647 8
506 4749 4
506 5093 10
506 724 7
506 3489 9
506 5695 7
519 3099 8
528 2251 8
3222 2099 3
545 1583 2
554 5058 6
554 3093 5
554 4543 2
554 604 7
565 648 4
565 630 6
565 3421 1
565 2354 5
565 867 1
565 1790 6
565 4391 2
565 2108 6
565 3171 1
565 4690 8
565 2251 5
565 2908 4
565 2028 5
565 2204 4
565 2542 4
565 2910 6
565 1306 6
565 1597 7
565 5337 9
565 4214 8
565 2088 1
565 5024 4
565 1908 3
565 3841 4
565 859 6
565 4530 10
565 3431 5
565 4070 10
565 2973 6
565 5514 1
565 3884 7
565 2190 1
565 3208 3
565 2048 1
565 5282 1
565 2145 6
565 134 2
565 2698 4
572 4915 8
578 3923 7
602 648 8
602 1908 3
602 3208 9
602 859 8
602 630 8
602 3841 7
604 5058 8
604 4543 9
3087 1224 9
3087 1972 2
3087 1178 4
3087 1632 2
3087 885 1
3087 1344 9
3087 3217 10
3087 1279 7
3087 1252 5
3087 3694 2
3087 4235 4
3087 1719 8
3087 1996 3
3087 724 5
3087 3170 3
3087 2792 5
3087 4523 4
3087 2334 10
3087 3242 8
3087 4438 1
3087 3263 4
3087 766 4
3087 3121 10
3087 3665 6
3087 1868 7
3087 4987 7
3087 1675 2
3087 4549 4
3087 3489 1
3087 1137 8
3087 4761 1
3087 2116 8
3087 5093 9
3087 4749 10
3087 1849 10
3087 2230 4
3087 5089 3
3087 2015 5
3087 1500 6
3087 3377 7
3087 4924 3
3087 3684 5
3087 3883 6
3087 5154 8
3087 1831 3
3087 2713 4
3087 4598 2
3087 1142 7
3087 4121 5
3087 3140 2
3087 961 9
3087 5566 1
3087 2524 3
3087 2639 7
3087 3099 5
3087 2852 3
3087 2644 8
3087 4501 8
3087 2554 1
3087 2647 4
3087 5785 9
3087 4175 3
3087 3374 5
3087 5855 2
3087 5111 9
3087 4680 3
3087 5758 8
3087 4911 1
3087 4630 4
619 3099 4
628 2900 8
628 5372 8
628 5282 3
628 2542 3
630 648 7
630 2025 2
630 3985 10
630 2463 2
630 3421 3
630 2354 9
630 867 1
630 1790 7
630 4391 10
630 2108 2
630 3171 1
630 3192 6
630 2706 10
630 4791 8
630 2251 4
630 3619 2
630 3656 5
630 2908 9
630 1284 4
630 2204 8
630 1259 10
630 2910 9
630 1306 3
630 1597 6
630 2999 5
630 4690 6
630 4214 10
630 2088 3
630 5294 7
630 1572 4
630 5185 2
630 5102 4
630 1329 6
630 4670 1
630 4780 1
630 4818 2
630 1908 3
630 3881 4
630 3307 7
630 3841 5
630 1332 5
630 859 9
630 3599 1
630 2343 5
630 2398 7
630 4070 4
630 2857 10
630 3820 3
630 2973 2
630 4308 4
630 5514 2
630 3884 6
630 1650 1
630 2028 1
630 2190 8
630 5337 7
630 3538 7
630 4825 7
630 3208 4
630 2048 1
630 4904 1
630 1779 5
630 5024 9
630 2901 2
630 4039 1
630 2073 5
630 2145 8
630 3669 9
630 134 1
630 2698 4
630 1646 4
635 1136 1
635 4824 4
635 4395 6
638 648 5
638 3656 9
638 4306 10
638 3159 2
638 5862 6
638 3841 2
638 3326 9
638 5142 4
638 2398 10
638 4006 8
638 2463 3
638 5294 5
638 5372 8
638 4929 3
638 3074 6
638 1650 5
638 4791 4
648 3421 5
648 2354 10
648 4316 6
648 849 6
648 2922 5
648 4690 3
648 2251 5
648 3656 8
648 2908 8
648 2028 2
648 1306 7
648 2864 9
648 4214 9
648 2088 6
648 5294 9
648 4670 8
648 1908 8
648 3307 5
648 1332 2
648 859 2
648 4530 6
648 3431 9
648 4070 3
648 5800 7
648 1646 7
648 4308 1
648 3884 3
648 2826 7
648 4825 8
648 3910 5
648 1779 10
648 2698 4
648 2901 7
648 4226 9
648 2073 5
648 5372 1
648 1580 10
664 3003 7
664 5648 9
664 3121 10
664 2504 10
664 4235 6
664 5450 7
664 1702 10
665 2890 7
665 1976 4
665 2540 6
665 5566 9
665 3195 9
665 5779 4
665 2527 1
665 2585 3
665 4253 4
665 5599 1
671 4253 8
676 3121 2
676 2555 2
676 2676 3
676 4033 5
676 2334 7
676 3874 1
676 766 8
676 3622 9
676 5292 4
676 2230 8
676 3140 8
676 2639 8
676 876 5
676 1558 9
676 1831 1
676 4047 1
676 4674 6
676 3099 7
676 1909 7
676 5785 9
676 724 2
676 5855 1
676 4253 6
676 2051 1
684 3099 7
686 4395 5
687 5648 1
687 1142 5
688 1972 2
691 1798 7
694 736 10
694 2507 9
694 5689 1
694 5855 2
694 5266 2
694 3992 5
694 1070 3
694 5729 5
698 3665 7
698 1632 8
698 1368 9
698 1279 6
698 4761 9
698 848 6
698 724 3
698 3170 9
698 5093 4
698 1373 2
698 3242 1
698 2759 7
698 1344 9
698 2249 10
698 1067 8
698 1868 1
698 5145 8
698 2337 4
698 2730 9
698 3789 3
698 1849 5
698 2230 4
698 2015 4
698 2713 1
698 876 7
698 3684 7
698 5089 4
698 4727 1
698 1558 10
698 4598 8
698 4047 9
698 961 7
698 2524 8
698 3099 4
698 3489 1
698 3121 2
698 3747 8
698 2647 1
698 5785 10
698 3374 10
698 5855 2
698 2554 10
698 4911 3
708 3444 4
708 1001 7
708 4318 8
708 2049 8
708 975 1
708 2615 5
708 2616 5
708 3326 8
708 5732 3
708 4395 6
708 4925 1
708 3389 10
711 1660 1
711 3744 5
714 2698 6
718 2549 4
718 1928 2
718 5676 5
724 1178 5
724 1632 7
724 1344 3
724 3665 8
724 4914 4
724 4915 10
724 1719 2
724 3170 6
724 5093 1
724 5202 3
724 736 7
724 3263 2
724 2998 2
724 3622 9
724 4749 3
724 4549 8
724 1849 6
724 2230 1
724 3140 8
724 2713 7
724 4197 1
724 5089 8
724 5817 6
724 2524 3
724 3099 7
724 3374 3
724 5111 6
724 4761 6
724 1279 1
724 1373 10
724 2334 4
724 766 4
724 1868 2
724 2730 3
724 1675 10
724 4121 8
724 4680 5
724 802 9
724 1676 10
724 3662 3
724 2647 10
724 5855 4
724 4498 1
724 2554 4
724 3217 5
724 4033 9
724 1500 7
724 5574 9
724 4501 8
724 5763 10
724 3762 10
724 3242 10
724 1684 2
724 885 2
724 1796 7
724 5679 3
724 3489 6
724 3684 8
724 2759 3
724 4598 2
724 1142 1
724 4047 9
724 961 2
724 5154 9
724 1909 7
724 5785 10
724 1220 2
724 1224 5
724 2644 4
724 4438 8
724 5158 9
724 253 3
724 3694 1
724 3817 7
724 1996 2
724 4523 10
724 4443 6
724 3121 5
724 2116 6
724 3883 3
724 1831 2
724 1622 4
724 2015 10
724 1972 6
724 1067 5
724 2979 2
724 4924 8
724 5621 2
724 4175 4
724 4911 7
724 4630 7
727 4395 9
729 2524 5
729 1368 5
729 2713 8
729 5855 10
729 1373 3
729 1558 2
729 3747 1
731 4342 4
731 4395 4
732 946 3
732 4395 5
732 4318 1
733 3918 5
735 3923 5
736 2116 3
736 4253 2
736 1622 5
736 2230 4
736 4680 2
736 3260 8
736 4915 10
736 253 5
736 5158 8
736 5855 4
736 4443 7
736 5308 5
736 4498 5
736 2554 5
736 5729 9
4530 3985 9
4530 5601 2
4530 3421 3
4530 2354 5
4530 867 10
4530 2108 10
4530 3171 4
4530 3192 6
4530 2922 8
4530 4690 1
4530 2908 10
4530 2204 4
4530 2542 9
4530 1306 4
4530 2864 8
4530 5337 5
4530 4214 6
4530 2088 10
4530 4321 8
4530 1572 10
4530 5185 2
4530 1597 8
4530 1908 2
4530 3841 6
4530 859 4
4530 3599 10
4530 3431 2
4530 4070 7
4530 5475 4
4530 2973 4
4530 2706 4
4530 3884 5
4530 3538 4
4530 4825 10
4530 3208 7
4530 2048 10
4530 5282 5
4530 5024 4
4530 2901 2
4530 2145 5
4530 2698 3
743 3662 10
5060 4974 1
5060 1988 9
5060 3224 9
5060 4243 3
5060 2050 10
5060 1660 9
5060 4358 2
5060 855 3
5060 1952 4
5060 1270 5
748 4395 10
754 5862 10
761 4318 9
761 2615 3
761 2616 10
761 3326 9
761 4342 6
761 4395 9
761 3389 5
761 5800 3
761 5056 3
764 4395 4
4623 1224 5
4623 2644 2
4623 3121 10
4623 885 4
4623 766 6
4623 4914 7
4623 1088 4
4623 4915 7
4623 2230 9
4623 2663 2
4623 4749 10
4623 1466 7
4623 4987 2
4623 4253 4
4623 4498 6
4623 5758 4
4623 5599 10
766 1972 10
766 3665 8
766 3053 10
766 4033 2
766 1473 7
766 4598 9
766 4924 5
766 1996 7
766 4978 4
766 5093 2
766 2334 2
766 3242 3
766 1038 3
766 5885 3
766 2540 7
766 4157 8
766 2676 5
766 3489 5
766 1547 1
766 3622 3
766 5292 3
766 4020 5
766 2337 9
766 5455 6
766 2755 9
766 4641 3
766 980 7
766 3140 2
766 1578 1
766 2569 6
766 2639 7
766 876 2
766 3923 10
766 5866 9
766 3883 3
766 3874 6
766 2759 7
766 1558 2
766 5817 4
766 2524 3
766 2015 9
766 4047 10
766 5154 5
766 3372 6
766 2713 7
766 3099 8
766 2852 8
766 1909 2
766 4537 10
766 1676 2
766 3842 5
766 2647 10
766 5785 6
766 3374 9
766 5855 8
766 4253 9
766 4911 2
766 4630 4
768 4971 10
768 3137 3
768 3218 10
768 4148 1
772 2917 9
772 2334 6
4715 1138 5
4715 2370 2
4715 5849 8
4715 2766 4
4715 5294 5
4715 3415 2
133 3099 5
3121 1178 9
3121 1719 8
3121 885 6
3121 1344 4
3121 3918 1
3121 2435 4
3121 4761 1
3121 2600 8
3121 5093 5
3121 3762 2
3121 3242 6
3121 1046 6
3121 3929 5
3121 4185 8
3121 3760 9
3121 1675 5
3121 1527 5
3121 1142 8
3121 3489 10
3121 3227 7
3121 5893 7
3121 1088 5
3121 4749 10
3121 1849 5
3121 3140 9
3121 4165 1
3121 3684 1
3121 1831 2
3121 4598 4
3121 5021 2
3121 2015 3
3121 4047 7
3121 4801 4
3121 1909 2
3121 3099 1
3121 5754 5
3121 3494 2
3121 4537 7
3121 2647 8
3121 5785 4
3121 5855 10
3121 4437 4
809 2260 4
809 4155 7
809 2230 8
809 4680 5
809 5263 10
809 1500 6
809 2998 7
809 253 10
809 3694 1
809 2205 4
809 5093 1
809 5312 8
809 5308 5
809 3260 6
825 4178 8
825 1270 8
825 1988 2
825 3612 8
825 1348 3
825 1952 9
825 4919 6
825 5237 3
140 2015 4
140 1632 4
140 2524 10
140 4498 4
140 4047 10
140 2639 5
140 3753 4
140 2647 6
140 3684 5
140 3374 1
140 5855 8
140 5785 3
2116 1224 6
2116 1178 4
2116 1719 3
2116 1344 4
2116 5158 1
2116 253 9
2116 3694 1
2116 4761 4
2116 5093 1
2116 5202 7
2116 5308 5
2116 4185 4
2116 3762 3
2116 1067 3
2116 2998 8
2116 2015 3
2116 2297 9
2116 3489 7
2116 2730 4
2116 5263 7
2116 1849 10
2116 2230 6
2116 3140 2
2116 4943 3
2116 5800 2
2116 3684 2
2116 1831 7
2116 4598 7
2116 1142 7
2116 2260 4
2116 4047 3
2116 1909 7
2116 3099 2
2116 2899 6
2116 5785 9
2116 1220 5
2116 5855 7
2116 4498 8
2116 4911 9
2116 5885 4
848 1972 8
848 3665 5
848 2676 6
848 1996 6
848 2600 5
848 5093 9
848 3401 3
848 3053 10
848 5292 3
848 4641 4
848 2917 6
848 1578 7
848 2639 9
848 3883 9
848 2759 9
848 2015 9
848 961 9
848 3099 1
848 4537 2
848 5111 8
848 2051 5
849 3841 6
855 4243 1
855 4974 9
859 2190 10
859 4818 6
859 2088 5
859 4670 8
859 1790 4
859 1779 10
859 2145 5
859 4791 3
859 2698 2
859 1329 1
860 5855 5
5084 5748 9
868 1335 1
869 4347 1
876 1972 3
876 3665 2
876 1632 4
876 3053 8
876 4033 3
876 2524 1
876 1025 4
876 4978 1
876 4523 4
876 2334 1
876 1038 7
876 3874 1
876 2676 10
876 1547 1
876 3622 5
876 5292 1
876 4020 7
876 3489 5
876 5455 3
876 2755 1
876 980 5
876 1578 5
876 2569 10
876 4674 2
876 3842 2
876 1473 7
876 5866 8
876 3684 8
876 3883 7
876 2759 10
876 1831 9
876 3372 2
876 961 2
876 5154 5
876 4157 5
876 2639 7
876 2046 2
876 2852 5
876 1965 10
876 1909 4
876 1676 7
876 3099 8
876 4924 8
876 5855 6
876 4253 1
876 2051 4
876 2554 9
876 4630 10
885 1224 8
885 3665 4
885 1178 9
885 1632 7
885 2555 2
885 1344 6
885 1279 8
885 5779 2
885 253 7
885 4501 8
885 4761 2
885 1996 1
885 3170 10
885 5093 8
885 1373 6
885 2334 4
885 3242 8
885 1849 6
885 1796 4
885 1868 3
885 5608 5
885 5648 8
885 4749 4
885 4914 7
885 2890 10
885 2337 3
885 1088 1
885 3789 8
885 5763 3
885 1931 9
885 2230 2
885 2015 6
885 2639 1
885 3369 3
885 5065 10
885 3684 6
885 5089 8
885 3883 4
885 1831 6
885 4598 3
885 4047 1
885 961 4
885 5566 8
885 2524 7
885 1909 9
885 3099 1
885 3489 10
885 3982 6
885 2979 10
885 3195 6
885 2647 7
885 5785 2
885 3374 10
885 5855 3
885 4253 9
885 4911 4
3136 4801 3
3136 2435 7
3136 5855 9
3136 4253 5
897 2086 9
897 4810 5
897 2527 6
897 5574 1
897 5732 10
897 4856 3
897 4253 1
897 2558 1
899 1282 6
920 4425 6
920 4722 1
921 4145 7
933 3841 8
934 3665 10
934 2930 10
934 2249 10
934 1067 7
934 1849 6
934 3651 1
934 1500 6
934 4501 9
934 4197 5
934 5806 4
937 3099 6
949 1138 1
949 4306 2
949 5862 4
949 2000 10
949 4006 8
949 3656 8
949 4226 4
949 5294 10
949 4929 2
953 1335 7
961 1224 2
961 1972 2
961 1178 7
961 1632 6
961 1344 9
961 2676 7
961 3694 1
961 4761 8
961 3170 7
961 5093 5
961 4523 9
961 5308 4
961 3242 1
961 2759 3
961 4185 7
961 2334 8
961 1831 4
961 1547 10
961 3665 6
961 3622 9
961 1675 5
961 4749 2
961 3489 2
961 5455 3
961 2755 5
961 2644 9
961 1849 4
961 2230 2
961 980 1
961 3140 10
961 1578 2
961 4674 4
961 4924 4
961 5154 6
961 5866 10
961 2713 5
961 3883 1
961 3374 3
961 4727 5
961 3162 6
961 4598 3
961 5263 3
961 4121 2
961 4047 4
961 3053 2
961 2524 3
961 2899 10
961 3099 8
961 1466 7
961 1909 5
961 4537 8
961 2051 8
961 4804 7
961 2647 2
961 5785 5
961 2015 10
961 3684 5
961 5855 2
961 4498 4
961 2554 6
961 4911 7
961 4630 2
975 2049 7
975 2615 5
977 2630 10
980 1972 6
980 2676 9
980 4978 3
980 4523 4
980 2334 3
980 4157 5
980 1547 6
980 3622 3
980 5292 5
980 5866 7
980 2569 10
980 2639 1
980 4924 2
980 3883 1
980 2524 5
980 2015 6
980 5154 5
980 4674 5
980 3099 6
980 2852 5
980 5855 5
980 2051 10
980 2554 8
980 4630 4
988 1270 9
988 1988 2
988 1952 9
988 2099 7
990 1576 7
990 2630 1
993 4347 9
993 5884 9
993 1337 9
993 1234 3
993 4726 5
993 1928 1
996 3089 5
1001 4517 1
1001 1939 6
1001 4023 3
1001 1726 3
1001 5299 6
1014 2186 10
1015 3442 6
1025 3099 9
3159 4226 3
1035 3058 5
1038 1972 5
1038 3372 3
1038 5154 9
1038 2524 2
1038 2676 3
1038 2639 6
1038 5866 1
1038 4674 3
1038 4924 8
1038 4978 4
1038 3883 4
1038 4020 10
1038 4523 8
1038 2759 10
1038 2051 2
1038 4630 10
1041 4674 6
1046 1976 8
1046 1282 8
1046 4761 7
1046 1996 1
1046 2644 1
1054 2674 3
1054 4907 8
1054 5884 9
1054 4726 3
1054 3718 4
1054 1867 6
1058 4395 7
1058 1261 10
1064 3803 5
1067 1972 3
1067 3217 9
1067 1178 8
1067 1632 7
1067 5695 3
1067 1344 3
1067 3665 7
1067 1279 6
1067 1500 6
1067 4915 10
1067 3694 7
1067 4501 4
1067 4761 8
1067 1996 10
1067 3170 2
1067 2792 1
1067 4523 8
1067 2334 4
1067 3242 2
1067 3929 2
1067 4185 9
1067 3762 3
1067 2249 8
1067 1796 1
1067 1675 6
1067 5817 10
1067 3489 5
1067 4498 7
1067 2730 8
1067 5093 2
1067 3789 1
1067 1849 10
1067 2230 7
1067 5681 3
1067 1220 8
1067 3140 9
1067 5806 2
1067 3377 8
1067 3753 10
1067 2663 7
1067 3684 8
1067 2644 10
1067 4598 1
1067 1142 6
1067 4121 3
1067 4047 8
1067 4801 8
1067 2015 6
1067 2524 4
1067 2713 8
1067 3099 7
1067 4680 10
1067 1909 2
1067 5420 8
1067 3747 4
1067 3662 8
1067 4804 9
1067 2647 8
1067 4924 1
1067 5785 10
1067 3374 1
1067 5855 9
1067 5111 8
1067 4749 9
1067 2554 7
1067 4911 7
1067 5885 8
1077 1282 8
1085 4974 7
1085 2256 10
1085 2893 1
1085 3852 2
1085 1798 4
1085 4665 8
1085 1525 5
1085 3197 5
1085 4198 7
1088 3217 7
1088 1719 3
1088 2435 8
1088 3170 9
1088 5093 8
1088 4392 6
1088 3762 6
1088 4443 2
1088 1796 7
1088 2544 4
1088 5057 7
1088 3489 1
1088 3929 9
1088 2015 8
1088 3374 7
1088 4165 9
1088 3684 3
1088 1675 3
1088 4047 10
1088 4801 5
1088 3802 3
1088 5855 7
1088 4911 10
1091 3744 7
1096 3947 7
1096 4395 1
1096 1726 8
1096 1939 5
1112 3099 7
1113 3234 8
1113 4974 4
1113 5511 6
1113 3791 4
1113 5109 3
1113 1651 5
1113 2941 3
1113 1525 3
1113 1952 2
1113 4919 3
3171 1908 10
3171 1939 6
3171 2354 9
3171 4070 6
3171 1726 4
3171 3599 7
3171 2088 5
3171 2698 7
3171 4690 7
3171 4214 1
1126 4379 4
1126 3234 7
1126 4162 4
1126 1952 4
1126 4974 1
1126 2717 3
1126 3021 8
1126 4425 6
1126 2893 4
1126 4243 3
1126 4970 8
1126 3852 4
1126 2630 3
1126 4665 4
1126 1660 2
1126 3197 9
1126 3744 9
1126 5752 6
1126 5237 2
1136 1939 8
1136 1600 2
1136 4342 4
1136 4395 2
1136 3389 10
1136 1726 8
1136 5056 1
1137 3665 4
1137 1178 9
1137 4761 1
1137 2555 2
1137 2702 4
1137 2086 1
1137 5446 3
1137 4810 7
1137 5574 4
1137 3170 2
1137 4856 8
1137 3762 2
1137 1684 9
1137 1831 7
1137 1931 10
1137 2890 8
1137 3489 4
1137 3817 1
1137 1849 7
1137 5779 9
1137 3369 2
1137 3684 7
1137 2759 5
1137 3162 3
1137 2015 7
1137 5566 6
1137 2558 4
1137 1466 4
1137 4293 9
1137 2979 8
1137 5355 5
1137 3195 1
1137 4804 2
1137 2527 10
1137 5065 5
1137 5855 7
1137 4253 3
1137 5599 6
1138 3089 10
1138 3129 4
1138 2452 5
1138 5862 5
1138 2000 9
1138 4006 4
1138 3656 5
1138 4822 3
1138 4226 6
1138 5294 9
1138 5881 5
1138 4929 3
1138 4306 7
1651 3058 4
1142 3217 6
1142 802 5
1142 1344 2
1142 3665 10
1142 1500 3
1142 2435 10
1142 3170 8
1142 4392 3
1142 4443 1
1142 1675 10
1142 4749 5
1142 3489 6
1142 3227 9
1142 2230 9
1142 3140 8
1142 3918 1
1142 4165 6
1142 3883 8
1142 4598 8
1142 4121 7
1142 4047 10
1142 4801 7
1142 1909 9
1142 3099 8
1142 5754 8
1142 5785 4
1142 5855 5
1142 4437 1
1157 4523 4
1165 2257 2
1165 1952 9
1165 1270 3
1170 4395 1
1170 5056 5
1170 4318 5
1172 2698 7
1178 5111 5
1178 3665 3
1178 1632 1
1178 1344 3
1178 2086 4
1178 1279 7
1178 5446 3
1178 5779 1
1178 5574 1
1178 4761 3
1178 1996 2
1178 2979 1
1178 3170 6
1178 2792 4
1178 1373 8
1178 2745 5
1178 3242 2
1178 1684 4
1178 3256 9
1178 4185 1
1178 2788 7
1178 1831 8
1178 5621 5
1178 4749 3
1178 2890 9
1178 3489 3
1178 2730 8
1178 3817 8
1178 5093 1
1178 4987 2
1178 5763 1
1178 1849 4
1178 2230 7
1178 2015 5
1178 3369 10
1178 3684 6
1178 3162 1
1178 4598 10
1178 3140 1
1178 2694 5
1178 4293 1
1178 3982 8
1178 4537 9
1178 3099 9
1178 4804 3
1178 2647 9
1178 5785 1
1178 3374 9
1178 5855 2
1178 4047 9
1178 4253 9
1178 5758 5
1178 4911 5
1184 3099 9
1190 5294 4
4379 1660 4
4379 1952 9
4379 3744 1
1215 3099 5
1220 1632 10
1220 1344 10
1220 1279 7
1220 1500 2
1220 4915 5
1220 4501 9
1220 3170 2
1220 5093 9
1220 4185 2
1220 1796 10
1220 1675 10
1220 4987 4
1220 1849 5
1220 2015 3
1220 2713 3
1220 4197 4
1220 5806 6
1220 4598 1
1220 4121 2
1220 4047 8
1220 1909 5
1220 3099 7
1220 3662 4
1220 2647 4
1220 3374 4
1220 5855 5
1220 4498 2
1220 5758 10
1220 4911 8
1220 5885 7
1222 1987 4
1222 2826 9
1222 5523 6
1222 5354 1
1224 3665 9
1224 3760 10
1224 3260 1
1224 5093 8
1224 5202 10
1224 1373 1
1224 3242 10
1224 1831 6
1224 2205 2
1224 3489 8
1224 5186 5
1224 1849 3
1224 2230 9
1224 2015 7
1224 4598 2
1224 1622 4
1224 4047 2
1224 2524 1
1224 1909 4
1224 3099 8
1224 4680 5
1224 2260 6
1224 2600 1
1224 4437 2
1224 5785 1
1224 3374 4
1224 5855 4
1224 4498 4
1224 4911 3
1699 5855 9
3192 4818 2
3192 4017 3
3192 5430 10
3192 3657 2
3192 2698 5
1717 3043 5
1717 4726 4
1717 2857 5
1234 2674 2
1234 5884 4
1234 3619 7
1234 1337 3
1234 5667 8
1234 4726 5
1234 5198 7
1234 3718 1
1234 5800 3
1234 3043 10
1234 1867 4
1234 4851 8
1234 2857 4
3195 2890 5
3195 2086 3
3195 1931 9
3195 3982 8
3195 2979 10
3195 2527 2
3195 5574 9
3195 3369 6
3195 5065 5
3195 1279 10
3195 4253 5
3195 2558 10
3195 1621 9
3195 5779 6
1867 2674 8
1867 5884 7
1867 3619 2
1867 5192 5
1867 1337 3
1867 3453 8
1867 4726 7
1867 5198 4
1867 3718 9
1867 4851 8
1867 2857 7
1259 4416 4
1259 2145 5
1259 867 7
1259 4904 6
1259 1646 2
1259 4233 6
1259 2698 9
1261 2615 8
1261 4936 7
1261 4318 5
1263 4395 5
1265 3852 4
1265 1357 2
1265 1952 5
1921 5681 10
1270 5048 4
1270 4974 2
1270 5418 3
1270 4234 7
1270 1348 7
1270 1952 8
1270 3744 10
1270 1568 2
1270 3128 7
1270 5382 3
1270 3852 7
1270 4665 8
1270 2003 6
1270 3197 7
1270 4162 2
1270 5511 10
1270 2893 4
1270 4243 4
1270 2523 4
1270 3557 10
1270 5237 7
1270 3234 9
1270 2099 10
1270 4970 7
1270 1660 7
1972 5111 7
1972 3665 3
1972 3377 7
1972 3053 5
1972 4033 2
1972 2524 7
1972 253 2
1972 4978 8
1972 4523 8
1972 2334 1
1972 4185 1
1972 3874 7
1972 2676 2
1972 2998 4
1972 3622 7
1972 5292 6
1972 3489 8
1972 5455 5
1972 2755 2
1972 1578 3
1972 2569 5
1972 2639 9
1972 3842 10
1972 1473 2
1972 5866 2
1972 3883 5
1972 5154 5
1972 2759 1
1972 5800 3
1972 3372 3
1972 5566 7
1972 4157 1
1972 4674 7
1972 2900 7
1972 2852 2
1972 4537 3
1972 1547 8
1972 3099 6
1972 4924 8
1972 5855 9
1972 4253 1
1972 2051 7
1972 4630 2
1279 3665 5
1279 1632 1
1279 1344 8
1279 5779 10
1279 4761 9
1279 3170 7
1279 5093 3
1279 3242 3
1279 5885 1
1279 1796 2
1279 1675 1
1279 3489 3
1279 4749 3
1279 1849 3
1279 4185 1
1279 2713 5
1279 2759 10
1279 1831 4
1279 4598 1
1279 2015 1
1279 4047 4
1279 2524 3
1279 1909 2
1279 3099 7
1279 2527 9
1279 2647 8
1279 5785 5
1279 3374 1
1279 5855 3
1279 4253 4
1279 4911 9
1279 5599 1
1282 1931 2
1282 3162 5
1282 2979 7
1282 2527 10
1282 4804 7
1282 5763 6
1282 1996 1
1282 4253 4
1282 3242 9
1284 2190 3
1284 3208 1
1284 1306 2
1284 1779 1
1284 3421 2
1284 4904 9
1284 1790 3
1284 2145 8
1284 2698 6
1284 4391 7
1294 1928 5
1306 4670 4
1306 4818 10
1306 2088 4
1306 1329 2
1306 5286 7
1306 4391 7
1306 5337 9
1306 1779 5
1306 2145 7
1306 134 6
1306 4690 1
1306 5024 9
1319 2616 7
1327 4318 4
1327 2049 7
1327 2615 6
1327 3326 8
1327 5732 8
1327 1586 4
1327 4342 4
1327 4395 6
1327 2108 2
1329 2190 4
1329 2908 10
1329 867 10
1329 3208 6
1329 2088 1
1329 2048 4
1329 1779 1
1329 5337 4
1329 4070 5
1329 1790 3
1329 4391 10
1329 2145 7
1329 2698 4
1329 4214 9
1332 1908 10
1332 3841 3
1332 867 8
1332 2698 6
2339 2930 2
1335 4716 5
1335 2698 2
1337 2674 8
1337 5884 9
1337 3619 8
1337 5192 5
1337 5198 10
1337 3718 2
1337 3064 5
1340 1597 6
1340 4523 7
1344 3665 10
1344 1632 1
1344 2702 3
1344 2086 2
1344 5574 9
1344 1719 6
1344 1996 8
1344 3170 3
1344 5093 1
1344 3762 5
1344 3242 5
1344 4438 5
1344 4185 8
1344 1831 8
1344 1675 8
1344 4020 4
1344 3489 6
1344 4761 10
1344 4749 10
1344 1849 8
1344 2230 9
1344 1621 4
1344 3140 2
1344 2713 2
1344 3684 2
1344 2759 7
1344 3162 1
1344 4598 9
1344 2015 10
1344 4047 8
1344 5566 5
1344 2524 8
1344 3099 9
1344 1466 6
1344 3982 10
1344 2979 7
1344 3817 5
1344 2647 8
1344 5785 6
1344 3374 5
1344 5855 10
1344 4253 4
1344 4498 1
1344 4911 8
1344 5885 10
1348 3234 5
1348 2134 4
1348 1988 7
1348 4974 4
1348 3557 10
1348 2893 7
1348 4243 10
1348 4970 5
1348 4665 6
1348 2729 4
1348 1952 4
1348 3744 3
1348 5752 10
1350 3058 8
1350 4689 2
1350 3124 4
1350 4974 9
1350 5128 3
1355 3326 10
1355 3389 10
1356 3374 1
1359 3227 4
1359 4801 9
1373 3747 9
1373 5681 5
1373 4047 3
1373 4749 1
1373 5093 6
1373 5855 2
1373 1558 4
1373 5817 9
1373 3789 6
4201 4395 8
1386 4395 8
1389 3115 5
1399 1583 1
1399 4017 9
1426 4306 4
1426 4963 8
1426 4854 2
1426 4238 9
1426 5513 3
1426 5395 1
1426 2169 4
1429 4395 4
1456 3662 6
1456 1597 9
1456 4523 7
1457 4971 8
1466 1632 8
1466 2086 1
1466 5446 6
1466 4810 5
1466 5574 3
1466 4761 9
1466 5763 8
1466 5093 5
1466 2745 3
1466 2527 2
1466 3256 5
1466 1976 3
1466 2788 9
1466 5608 3
1466 4914 2
1466 2890 1
1466 2916 1
1466 3817 8
1466 1931 2
1466 5779 3
1466 3162 5
1466 4598 10
1466 5566 1
1466 4293 9
1466 3982 3
1466 2979 1
1466 5355 5
1466 4804 7
1466 5621 9
1466 4253 7
1466 5599 5
1473 3665 3
1473 3883 3
1473 3874 6
1473 2524 8
1473 2676 9
1473 2639 10
1473 1547 6
1473 4674 7
1473 4924 9
1473 5866 10
1473 4978 7
1473 5093 8
1473 4641 6
1473 5154 2
1473 4523 5
1473 2051 6
1473 4630 4
1474 3744 7
1474 4665 1
1475 1622 10
1475 2015 9
1475 2899 8
1475 5263 1
1475 3260 2
1475 2998 10
1475 253 6
1475 3309 6
1475 5683 10
1475 4185 5
1475 2663 1
1475 5695 10
1475 5093 10
1475 3374 5
1475 5885 6
1477 2470 4
1477 3224 2
1500 3665 5
1500 2555 4
1500 2930 1
1500 4501 10
1500 4523 2
1500 966 6
1500 3762 3
1500 4438 7
1500 2249 1
1500 3651 2
1500 3622 7
1500 4987 6
1500 1849 10
1500 2230 2
1500 2639 10
1500 4197 7
1500 5806 5
1500 4121 1
1500 2015 7
1500 5154 5
1500 2554 7
1500 4924 9
1500 5855 2
1500 4253 2
1500 5758 8
1506 1928 4
1509 4907 8
253 5158 3
253 3260 5
253 3694 6
253 3170 9
253 5093 9
253 4523 8
253 5308 4
253 3948 9
253 1868 4
253 2205 5
253 2015 3
253 5312 6
253 4924 6
253 5089 8
253 3374 5
253 5729 6
253 1622 6
253 4047 2
253 2899 9
253 4680 7
253 3203 4
253 5855 6
253 2554 1
5186 1622 9
5186 4680 9
5186 2663 4
5186 2205 4
5186 4911 9
1525 4974 5
1525 4237 3
1525 2492 8
1525 4665 5
1525 1660 9
1525 4198 7
1525 5903 4
1527 3227 10
1527 4047 7
1527 4801 6
1527 3494 7
1527 2435 9
1527 4443 7
1527 5107 10
4226 3897 3
4226 3619 1
4226 3656 3
4226 3387 8
4226 5862 2
4226 4527 7
4226 5142 4
4226 5294 8
4226 2443 7
4226 3089 6
4226 4306 9
4226 3841 7
4226 4006 5
4226 4822 7
4226 4929 10
4226 1650 4
4226 3129 4
4226 3181 10
4226 2452 4
4226 3326 8
4226 5354 5
4226 3074 5
4226 2857 7
1533 3058 7
1533 4974 1
1533 2492 4
1533 5903 7
1533 3744 7
1533 2523 2
1545 4318 5
1547 3665 1
1547 2676 6
1547 4033 4
1547 4978 2
1547 5093 7
1547 4523 7
1547 2334 5
1547 3923 7
1547 3874 8
1547 3622 9
1547 5455 4
1547 5292 5
1547 4641 4
1547 1578 8
1547 2569 4
1547 2639 5
1547 4924 3
1547 5866 8
1547 3883 1
1547 2759 9
1547 2524 3
1547 5154 5
1547 3372 7
1547 4674 6
1547 2046 6
1547 1676 7
1547 5855 3
1547 2051 7
1547 4630 1
1558 2015 8
1558 1368 10
1558 5681 1
1558 5093 8
1558 4047 8
1558 2713 2
1558 4749 1
1558 5855 8
1558 2759 4
1558 3747 9
1568 5418 5
1568 1988 10
1568 1952 7
1572 2999 3
1572 3820 5
1572 2698 1
1572 4039 3
1576 2630 1
1578 2676 1
1578 4033 4
1578 4978 3
1578 4523 8
1578 3874 1
1578 3053 9
1578 2755 9
1578 3883 3
1578 5866 1
1578 2639 1
1578 4924 10
1578 3684 1
1578 4727 4
1578 5154 5
1578 2524 2
1578 4674 1
1578 2852 1
1578 4537 2
1578 1676 3
1578 5785 6
1578 2051 5
1578 4911 5
1578 4630 6
1580 5601 4
1580 3579 2
1580 3841 5
1580 2343 8
1580 2901 4
1580 4845 10
1580 2088 3
1580 2698 10
1581 4665 5
1583 4017 3
1583 1993 4
1583 4662 5
1583 4308 8
1583 3823 10
1583 5100 2
1586 1600 1
1586 2186 7
1586 4342 7
1597 3421 5
1597 2354 8
1597 867 4
1597 4391 8
1597 2815 1
1597 4835 9
1597 4918 1
1597 4690 10
1597 4158 3
1597 2910 9
1597 2060 10
1597 4214 1
1597 3595 4
1597 4670 6
1597 4818 10
1597 1908 3
1597 5584 9
1597 5560 7
1597 3599 10
1597 4070 4
1597 4071 4
1597 2922 10
1597 2088 7
1597 2698 9
1600 4318 7
1600 2615 7
1600 3326 9
1600 4395 4
1600 3406 8
1604 2190 7
1604 2908 6
1604 2398 4
1604 1779 7
1604 867 4
1604 1790 10
1604 4391 1
1604 2463 2
1604 2698 2
1604 4791 5
1614 5065 1
1618 3018 2
1621 2015 2
1621 3883 5
1621 5855 4
1621 2524 9
1621 1909 4
1621 1931 7
1621 1796 7
1621 4047 7
1621 5574 2
1621 2086 10
1621 3662 3
1621 5093 6
1621 3374 10
1621 2230 10
1621 2337 7
1621 4598 8
1622 5158 2
1622 5263 10
1622 3260 6
1622 4155 4
1622 2297 2
1622 3309 10
1622 3948 6
1622 2998 1
1622 5312 5
1622 5308 7
1622 2205 1
1622 5683 8
1622 2663 5
1622 2899 6
1622 4680 6
1622 5855 10
1622 4911 3
1628 3234 7
1628 4974 5
1632 5111 7
1632 3665 8
1632 4761 1
1632 2555 1
1632 2086 6
1632 3377 5
1632 5574 7
1632 4501 5
1632 5763 10
1632 3170 4
1632 2792 3
1632 3762 4
1632 3789 8
1632 5885 4
1632 2249 9
1632 1796 7
1632 3489 1
1632 4749 9
1632 4020 8
1632 3588 9
1632 2890 9
1632 2337 8
1632 5695 7
1632 2730 5
1632 5093 5
1632 1849 9
1632 2230 3
1632 4185 2
1632 5779 6
1632 2713 6
1632 5800 8
1632 3684 5
1632 3883 1
1632 2759 3
1632 1831 8
1632 4598 9
1632 2015 10
1632 4047 5
1632 5566 5
1632 2524 2
1632 1909 10
1632 3099 2
1632 4870 5
1632 2644 7
1632 3982 5
1632 4537 8
1632 4804 1
1632 2647 9
1632 5785 1
1632 3374 1
1632 5855 2
1632 4253 7
1632 4498 8
1632 2554 9
1632 4911 2
1632 5599 10
1646 3881 9
1646 3841 1
1646 2088 2
1646 2698 4
1648 4395 7
1650 3656 10
1650 5294 9
1650 2698 9
1656 4395 4
1656 3326 2
1656 4318 7
1660 1988 8
1660 4974 6
1660 3744 10
1660 2893 6
1660 5227 6
1660 3852 9
1660 1798 1
1660 3370 6
1660 2862 3
1660 4107 5
1660 1952 2
1660 5237 1
1666 3224 10
1666 4974 1
5212 3744 4
1675 3217 9
1675 3377 1
1675 4761 6
1675 3665 9
1675 2435 8
1675 2792 9
1675 4443 7
1675 3242 8
1675 3789 9
1675 4185 1
1675 2249 9
1675 2998 10
1675 4598 1
1675 4749 4
1675 5145 6
1675 3227 5
1675 2730 8
1675 5893 2
1675 5093 1
1675 3929 6
1675 1849 8
1675 5800 6
1675 3140 3
1675 2713 4
1675 4165 2
1675 3684 3
1675 2759 4
1675 1831 5
1675 5057 6
1675 2015 1
1675 4047 3
1675 4801 9
1675 2524 1
1675 1909 3
1675 3099 4
1675 802 9
1675 2647 3
1675 5785 5
1675 3374 1
1675 5855 1
1675 4498 10
1675 4911 1
1675 5885 1
1676 5154 3
1676 2524 2
1676 2676 3
1676 2639 7
1676 4674 8
1676 3622 10
1676 5866 3
1676 4978 5
1676 2051 7
1676 5455 5
1676 5292 1
1684 1809 2
1684 4761 6
1684 2082 6
1684 2788 4
1684 5446 3
1684 1753 2
1684 3801 2
1684 5574 6
1684 5763 4
1684 1976 1
1684 2041 3
1684 2770 2
1684 4160 6
1684 3489 6
1684 2515 6
1684 5750 1
1684 4068 8
1684 5414 6
1684 1990 9
1684 3369 10
1684 1384 10
1684 1831 2
1684 4598 4
1684 2714 6
1684 4844 6
1684 3099 8
1684 5891 4
1684 4293 9
1684 1909 8
1684 3162 3
1684 3982 4
1684 2979 5
1684 4535 10
1684 4804 8
1684 5621 1
1684 4253 10
1684 4972 3
1684 4602 6
1685 4999 6
1687 3099 8
1687 4761 10
1690 3099 3
1691 3208 9
1697 5732 3
1697 4395 4
1702 3003 7
1702 4047 5
1702 5648 3
1702 3099 1
1702 2504 6
1702 4235 5
1702 5242 1
1702 5450 3
1713 3058 4
1713 4689 7
1713 5109 6
1713 4974 3
1719 4852 8
1719 1996 9
1719 4392 8
1719 3762 6
1719 5107 6
1719 4121 7
1719 4047 4
1719 4801 2
1719 802 2
1719 5855 5
1719 4435 6
1720 3377 8
1720 3489 7
1720 4749 7
1720 2792 5
1726 4318 1
1726 2615 1
1726 2049 6
1726 4395 6
1726 3389 5
1726 5526 7
1726 2194 3
1726 5056 1
1726 3157 4
1765 3803 6
1765 5171 5
1776 5884 3
1776 2502 4
1776 5198 4
1779 2190 1
1779 5337 9
1779 3208 3
1779 3841 4
1779 4670 7
1779 3421 5
1779 867 4
1779 4070 5
1779 1790 5
1779 2908 1
1779 3431 3
1779 2698 9
1779 4690 4
1785 2046 7
1790 4670 3
1790 4818 3
1790 1908 1
1790 3421 8
1790 2354 9
1790 2073 9
1790 2088 1
1790 3599 3
1790 2698 3
1796 5111 8
1796 3217 3
1796 4915 1
1796 4501 2
1796 4761 9
1796 3170 10
1796 2792 6
1796 5202 8
1796 2334 10
1796 3789 5
1796 4185 1
1796 2249 10
1796 4792 9
1796 5844 8
1796 2337 2
1796 5695 2
1796 2730 6
1796 5093 6
1796 4749 7
1796 2230 2
1796 2015 5
1796 2713 2
1796 3753 9
1796 5800 3
1796 5806 6
1796 1831 6
1796 4598 10
1796 3140 8
1796 2524 3
1796 3756 10
1796 3489 8
1796 4537 6
1796 3099 7
1796 2647 9
1796 3374 8
1796 5855 4
1796 4680 4
1796 4498 6
1796 2554 8
1796 4911 8
1796 5885 7
1798 4974 8
1798 5411 5
1798 2893 2
1798 3852 4
1798 3744 3
1798 1975 8
1798 5237 4
1813 3099 7
1831 3665 7
1831 5089 3
1831 3694 9
1831 3170 9
1831 5093 9
1831 3242 7
1831 4438 1
1831 4185 9
1831 1868 1
1831 3622 9
1831 4914 1
1831 4020 3
1831 2337 2
1831 2730 7
1831 3817 6
1831 3929 7
1831 1849 10
1831 2230 6
1831 2015 8
1831 2713 10
1831 4197 8
1831 3684 10
1831 3883 1
1831 2759 3
1831 4598 6
1831 4121 8
1831 3140 8
1831 2524 3
1831 4674 9
1831 3099 5
1831 3489 4
1831 4293 3
1831 2051 6
1831 3662 1
1831 2647 2
1831 5785 1
1831 4680 6
1831 3374 2
1831 5855 3
1831 4047 10
1831 4749 9
1831 2554 6
1831 4911 1
1836 4395 8
1841 2698 1
1846 4243 7
1849 3665 5
1849 2086 7
1849 4501 7
1849 4761 8
1849 3170 8
1849 2792 6
1849 4438 1
1849 4523 8
1849 3242 4
1849 2930 5
1849 4185 9
1849 5806 10
1849 4712 8
1849 4749 3
1849 3489 7
1849 5695 8
1849 2730 2
1849 5093 6
1849 2230 3
1849 2015 8
1849 2713 2
1849 4197 3
1849 5065 9
1849 3684 8
1849 3883 6
1849 2759 8
1849 4598 8
1849 2524 4
1849 4121 1
1849 4047 7
1849 2249 2
1849 1909 10
1849 3099 9
1849 4293 3
1849 2644 6
1849 4537 10
1849 4924 10
1849 2647 3
1849 5621 10
1849 3374 9
1849 5855 2
1849 5885 1
1849 5785 1
1849 4911 9
1868 3377 6
1868 2555 9
1868 4501 9
1868 5763 1
1868 3170 8
1868 3140 5
1868 4749 9
1868 2337 6
1868 3471 7
1868 2639 5
1868 3684 5
1868 4598 8
1868 4047 10
1868 3099 2
1868 5855 1
1868 4253 1
1868 4911 9
1881 4970 4
1903 3377 3
1908 3985 6
1908 1993 7
1908 5286 4
1908 3421 10
1908 2354 9
1908 4391 1
1908 2108 1
1908 4791 10
1908 2251 2
1908 2028 4
1908 2204 4
1908 5337 1
1908 4214 9
1908 2088 3
1908 5024 6
1908 4670 1
1908 4818 10
1908 3841 6
1908 3599 4
1908 2595 3
1908 3931 4
1908 2973 3
1908 2922 7
1908 2190 5
1908 4825 10
1908 3208 10
1908 2734 10
1908 2048 5
1908 4070 2
1908 2145 3
1908 2698 9
1909 3217 4
1909 3665 4
1909 2435 7
1909 1996 5
1909 3170 6
1909 2792 1
1909 5308 2
1909 3242 1
1909 4438 1
1909 4185 4
1909 3789 8
1909 3622 3
1909 4749 4
1909 5158 1
1909 5312 2
1909 4320 1
1909 4549 1
1909 2890 10
1909 3489 10
1909 5695 4
1909 2730 7
1909 5893 9
1909 3817 9
1909 5093 5
1909 3929 5
1909 2230 10
1909 4175 4
1909 3140 1
1909 2713 9
1909 3684 8
1909 3883 4
1909 2759 7
1909 4598 2
1909 5729 8
1909 2260 9
1909 4047 1
1909 2015 7
1909 2524 6
1909 3099 7
1909 4680 10
1909 2979 3
1909 2554 8
1909 5785 3
1909 2647 7
1909 5065 10
1909 3374 3
1909 5855 3
1909 4987 9
1909 5885 9
1909 4498 1
1909 5758 6
1909 4911 7
1909 2249 2
1928 4031 7
1928 3387 2
1928 2695 2
1928 3074 2
1928 5142 5
1928 5306 10
1928 5198 3
1928 2549 9
1928 2188 6
1928 3011 7
1928 2698 9
1928 2937 8
1928 5676 3
1931 2702 9
1931 2086 8
1931 5446 5
1931 4810 8
1931 5574 9
1931 5763 3
1931 2171 7
1931 1976 1
1931 2890 2
1931 3817 5
1931 5779 4
1931 3369 7
1931 2540 4
1931 3162 7
1931 5566 4
1931 2558 7
1931 4293 9
1931 2979 2
1931 2527 6
1931 4804 6
1931 5065 7
1931 4253 9
1939 4979 5
1939 4318 9
1939 2615 4
1939 4219 5
1939 2049 2
1939 4395 6
1939 3389 6
1939 5526 3
1939 3157 9
1952 5273 5
1952 4974 3
1952 5418 9
1952 4234 4
1952 2862 1
1952 3460 5
1952 3744 1
1952 3058 10
1952 3128 9
1952 5382 8
1952 3557 1
1952 5048 5
1952 3224 5
1952 2941 5
1952 3852 8
1952 2630 8
1952 4665 3
1952 2003 9
1952 2523 7
1952 4919 2
1952 4371 5
1952 2134 3
1952 4162 5
1952 4643 9
1952 5511 2
1952 2893 5
1952 4243 9
1952 2492 1
1952 3197 4
1952 4198 4
1952 3025 5
1952 5752 8
1952 5237 2
1952 3234 4
1952 1988 4
1952 4702 3
1952 4358 6
1952 2900 10
1952 5109 7
1952 4459 10
1952 5497 8
1952 2099 8
1952 4970 1
1952 2717 1
1952 2050 9
1952 2983 6
1963 3415 5
1965 3099 8
1965 4395 6
1965 2639 2
1976 2171 2
1976 2086 9
1976 4914 4
1976 5574 1
1976 2558 7
1976 2890 8
1976 3817 2
1976 3369 9
1976 3162 9
1976 4598 8
1976 5566 9
1976 4293 1
1976 3982 9
1976 2979 10
1976 4804 2
1976 5621 4
1976 5855 10
1976 4253 3
1976 5599 4
1977 4395 3
1981 5058 10
1981 4543 3
1985 2615 1
1985 4395 1
1985 5093 8
1987 2698 1
1988 4974 1
1988 4234 2
1988 3744 4
1988 3128 3
1988 5382 7
1988 5048 4
1988 3852 7
1988 5237 3
1988 4665 1
1988 2003 7
1988 3197 2
1988 4162 8
1988 5511 6
1988 2893 4
1988 4243 6
1988 3557 1
1988 2523 9
1988 3234 1
1988 2099 4
1988 4970 2
1993 4616 8
1993 4845 1
1996 3665 7
1996 4761 3
1996 5093 9
1996 3762 8
1996 3242 2
1996 3789 2
1996 4185 1
1996 3760 4
1996 2249 9
1996 2917 8
1996 5145 2
1996 4749 3
1996 5763 10
1996 2230 6
1996 2713 5
1996 2015 2
1996 3099 2
1996 2644 3
1996 5785 5
1996 5855 9
1996 4253 5
2000 3089 3
2000 3129 9
2000 2452 5
2000 5862 1
2000 4006 8
2000 3656 10
2000 5294 1
2000 2443 4
2000 4929 8
2000 4306 3
2006 4971 8
2006 3218 2
2015 4915 5
2015 3170 4
2015 2792 2
2015 5202 7
2015 4185 6
2015 2998 1
2015 4749 8
2015 3789 9
2015 2230 6
2015 3140 10
2015 2713 3
2015 5817 3
2015 2524 6
2015 2899 3
2015 3099 1
2015 2337 7
2015 3377 2
2015 4761 5
2015 1368 10
2015 5093 6
2015 5695 1
2015 2063 3
2015 5369 2
2015 2730 9
2015 2639 10
2015 5263 1
2015 2260 4
2015 4680 7
2015 2647 9
2015 5855 9
2015 4498 10
2015 2554 2
2015 3665 7
2015 2555 3
2015 4501 2
2015 3762 9
2015 3242 2
2015 3309 8
2015 3489 8
2015 5683 4
2015 3684 9
2015 2759 9
2015 4598 8
2015 4047 7
2015 5785 10
2015 4253 6
2015 3588 8
2015 2644 3
2015 2600 4
2015 5885 8
2015 5800 3
2015 3883 10
2015 4727 10
2015 2249 1
2015 4537 10
2015 4911 2
1285 4395 10
2018 3374 6
2025 2698 10
2028 4825 10
2028 3208 3
2028 4797 7
2028 5282 5
2028 2206 10
2028 3841 8
2028 2463 10
2028 2706 1
2028 5372 3
2028 2542 4
2028 5185 3
2028 2398 7
2028 4791 10
2042 3918 2
2046 5154 10
2046 2524 4
2046 2676 2
2046 2852 2
2046 4674 1
2046 4924 2
2046 5866 5
2046 4978 7
2046 4523 3
2046 2051 1
2047 4907 1
2048 4670 5
2048 4818 10
2048 2908 7
2048 3421 10
2048 2354 10
2048 5337 5
2048 4070 5
2048 2088 10
2048 3599 6
2048 5397 2
2048 2698 10
2048 4690 8
2048 4214 1
2049 2186 10
2049 4342 6
2049 2108 8
2049 5526 6
2049 2194 5
2049 3722 9
2050 3224 7
2051 3665 9
2051 3377 9
2051 3053 8
2051 4033 6
2051 4978 3
2051 4523 4
2051 2334 2
2051 2759 2
2051 3923 10
2051 3874 1
2051 4157 6
2051 2676 2
2051 3622 8
2051 5292 10
2051 5455 1
2051 2755 3
2051 2569 6
2051 2639 5
2051 3842 9
2051 5866 8
2051 4727 1
2051 3162 10
2051 5154 4
2051 3372 3
2051 2852 9
2051 4924 3
2051 4253 4
2055 4253 5
2060 4395 3
2063 3374 1
2063 5855 2
2072 3099 5
2073 2190 4
2073 3841 1
2073 3208 9
2073 2088 10
2073 2698 10
2074 2826 3
2074 3859 9
2074 2698 9
2074 5644 1
2086 2171 4
2086 2702 1
2086 5446 8
2086 5779 2
2086 5574 6
2086 4761 5
2086 5763 4
2086 3170 1
2086 5093 5
2086 4856 4
2086 2745 7
2086 2764 2
2086 2540 7
2086 2788 9
2086 5608 3
2086 4914 9
2086 2890 8
2086 2916 4
2086 3817 2
2086 5065 5
2086 4810 10
2086 3369 6
2086 2644 7
2086 3162 3
2086 4598 7
2086 3256 10
2086 2558 8
2086 4293 8
2086 3982 5
2086 2979 8
2086 2527 4
2086 4804 1
2086 5621 8
2086 4870 5
2086 4253 1
2086 5599 1
2088 3985 9
2088 3421 7
2088 2354 7
2088 867 4
2088 4391 6
2088 2108 7
2088 4690 2
2088 4791 7
2088 3619 4
2088 3656 5
2088 2908 9
2088 2204 9
2088 4214 9
2088 5337 8
2088 2706 8
2088 5294 5
2088 4321 2
2088 5185 8
2088 4670 6
2088 3841 8
2088 3599 10
2088 2343 8
2088 2398 10
2088 4070 4
2088 5475 4
2088 2973 5
2088 2922 2
2088 3431 9
2088 3884 10
2088 2190 10
2088 4825 10
2088 3910 7
2088 4904 9
2088 5514 1
2088 2698 9
2088 5024 4
2088 2145 7
2088 2463 1
2088 134 10
2088 2857 9
2098 3197 2
2099 5511 2
2099 5653 2
2103 3489 7
2108 2908 8
2108 2186 7
2108 4070 7
2108 3599 8
2108 2698 9
2108 4690 7
2108 4214 3
2110 4395 8
2110 5056 9
2134 5048 9
2134 4161 2
2134 4970 7
2134 2630 9
2134 4919 3
2143 4395 6
2143 2698 9
2145 2354 4
2145 867 4
2145 2908 3
2145 4214 9
2145 5024 1
2145 4670 5
2145 4818 7
2145 3881 4
2145 4070 1
2145 3884 1
2145 3910 7
2145 2698 2
1050 4801 9
1050 3929 8
1050 4852 8
1050 802 5
1050 3802 1
1050 2435 4
1050 3762 6
1050 4435 5
2169 4238 7
2169 3526 7
2169 4854 8
2171 2890 10
2171 2527 8
2171 2558 8
2171 4253 8
2186 4648 2
2186 4318 10
2186 2615 6
2186 3326 9
2186 5732 1
2186 4395 7
2186 4793 10
2190 4670 7
2190 4818 6
2190 3421 6
2190 2354 1
2190 3599 10
2190 2698 7
2190 4999 8
2194 2615 9
2194 3326 7
2194 5732 8
2194 4395 9
2204 4670 4
2204 2908 3
2204 3421 4
2204 2354 8
2204 4214 8
2204 4070 1
2204 4391 2
2204 3599 4
2204 2922 4
2204 2698 4
2204 4690 2
2204 5024 9
2205 2899 1
2205 4680 8
2205 5263 8
2205 3260 6
2205 2998 2
2205 3694 10
2205 2663 4
2205 5308 2
2205 4155 4
2205 4911 10
2206 2251 10
2206 2734 8
2206 3421 4
2206 2901 2
2206 2698 2
2224 4674 6
2229 3453 7
2230 3665 8
2230 4914 6
2230 3694 1
2230 4761 10
2230 3170 7
2230 2792 4
2230 2334 2
2230 3242 2
2230 4185 10
2230 2249 3
2230 2998 2
2230 4598 1
2230 5158 5
2230 3762 10
2230 2337 9
2230 5695 2
2230 4498 2
2230 2730 1
2230 5093 8
2230 3789 2
2230 5308 8
2230 5089 2
2230 3140 4
2230 3377 1
2230 2663 9
2230 3684 8
2230 3883 6
2230 2759 5
2230 2713 4
2230 5817 6
2230 5263 1
2230 2260 9
2230 4047 8
2230 5885 7
2230 2639 6
2230 3099 4
2230 3489 8
2230 4537 6
2230 5785 4
2230 3374 1
2230 5855 7
2230 5111 3
2230 4253 3
2230 4749 7
2230 2554 8
2230 4911 1
2230 2899 7
2232 2256 9
2239 4845 5
2247 4395 5
2247 4318 2
2249 2930 5
2249 4501 1
2249 3170 6
2249 5093 8
2249 4438 1
2249 5806 7
2249 3651 8
2249 3489 4
2249 2730 2
2249 2639 1
2249 4197 7
2249 3684 5
2249 3883 1
2249 4598 1
2249 4121 9
2249 4047 9
2249 2524 8
2249 2713 9
2249 3099 2
2249 2600 6
2249 3662 1
2249 2647 7
2249 5785 1
2249 3374 3
2249 5855 5
2249 4987 5
2249 5758 3
2249 4911 4
2250 3224 7
2256 4974 6
2256 2893 6
2256 5497 9
2256 5237 1
2260 4680 1
2260 5855 1
2260 3140 7
2260 2554 1
2260 3694 8
2260 5093 3
2260 5312 10
2260 3374 7
2260 3242 8
2260 4047 7
2261 2251 5
2261 2698 7
2264 2630 8
2264 3015 5
2275 3744 10
2286 4801 7
2286 4852 7
2286 2435 9
2286 5855 4
2286 5107 1
2286 4435 8
2297 4047 5
2297 5158 2
2297 3260 8
2297 4915 1
2297 3694 7
2297 2565 2
2297 4680 9
2297 4498 6
2177 2564 5
2177 4148 4
2334 3665 2
2334 2676 4
2334 4033 5
2334 4978 2
2334 4523 4
2334 3242 10
2334 3923 8
2334 3874 4
2334 3622 9
2334 5292 4
2334 2755 6
2334 5866 9
2334 2569 4
2334 2639 3
2334 4924 1
2334 3883 10
2334 4598 5
2334 5154 2
2334 2524 5
2334 4674 5
2334 3099 9
2334 2852 4
2334 4537 1
2334 4079 6
2334 5855 2
2334 5111 2
2334 2554 5
2334 4911 9
2334 4630 7
2337 2555 3
2337 5446 2
2337 5779 6
2337 4761 4
2337 3170 10
2337 3762 3
2337 4185 1
2337 3162 1
2337 5817 1
2337 2890 4
2337 5089 5
2337 2713 6
2337 3883 5
2337 4598 9
2337 4047 6
2337 5566 4
2337 2524 5
2337 3099 2
2337 4537 10
2337 3374 7
2337 4253 9
2337 4911 6
2337 5599 10
2343 2251 7
2343 3579 2
2343 5514 2
2343 2698 3
2354 867 7
2354 4391 7
2354 4690 1
2354 2908 3
2354 4214 6
2354 5024 10
2354 3841 8
2354 3599 7
2354 4070 2
2354 3208 10
2354 2698 4
2369 5294 3
2370 4132 7
2370 5669 6
2384 4852 5
2391 4919 2
2391 3115 7
2398 2251 2
2398 5286 8
2398 4621 6
2398 5301 6
2398 2698 9
2408 2630 8
2408 4970 7
2409 2564 2
2435 3217 10
2435 3377 3
2435 2676 1
2435 4392 8
2435 4443 7
2435 5021 10
2435 2544 9
2435 4852 9
2435 5893 3
2435 3929 6
2435 3429 9
2435 5187 5
2435 4165 1
2435 4320 1
2435 5107 8
2435 4598 10
2435 3140 1
2435 4801 2
2435 3099 10
2435 802 6
2435 3802 5
2435 3494 6
2435 5057 5
2435 5855 9
2435 4253 5
2435 4435 7
2435 4437 3
2436 3446 5
2436 4616 5
2436 2901 8
2436 4149 5
2436 4845 4
2436 2698 10
3387 3011 2
3387 4020 6
3387 3326 7
2443 3089 4
2443 3656 10
2443 4306 3
2443 2452 6
2443 5862 8
2443 4006 6
2443 4822 6
2443 5294 8
2443 4929 10
2452 3129 1
2452 3845 10
2452 3656 7
2452 4822 7
2452 5294 8
2452 3347 4
2463 2251 6
2463 4547 7
2463 5286 10
2463 4621 5
2463 5301 8
2463 2698 9
4193 4253 2
2492 4162 4
2492 4702 10
2492 4974 6
2492 2893 1
2494 5493 10
2494 5440 10
2494 2821 2
2494 4580 3
2507 2800 4
2523 5109 8
2523 4974 2
2523 4568 4
2524 3170 1
2524 2792 4
2524 4185 10
2524 3622 7
2524 4749 8
2524 3140 6
2524 2713 9
2524 4924 8
2524 5817 9
2524 3372 10
2524 3099 1
2524 3374 3
2524 5111 2
2524 4761 10
2524 1368 7
2524 5093 2
2524 5292 3
2524 2730 6
2524 2639 3
2524 3842 10
2524 5566 9
2524 2644 10
2524 2647 3
2524 4498 8
2524 3665 2
2524 2555 3
2524 3762 2
2524 3242 6
2524 3489 8
2524 2755 2
2524 5866 9
2524 2569 3
2524 3684 3
2524 2759 6
2524 4598 5
2524 4047 3
2524 5154 6
2524 2852 4
2524 3588 5
2524 2676 1
2524 4978 6
2524 5885 3
2524 4157 5
2524 5855 6
2524 4537 5
2524 5806 3
2524 4911 7
2527 2764 10
2527 2788 1
2527 2702 4
2527 5446 2
2527 4810 9
2527 2585 2
2527 5763 1
2527 4856 8
2527 2745 3
2527 5608 10
2527 2890 2
2527 2916 4
2527 3817 9
2527 4987 7
2527 5779 7
2527 3369 1
2527 2540 4
2527 5065 1
2527 3162 8
2527 5574 5
2527 3256 3
2527 4914 5
2527 2558 6
2527 4293 5
2527 2979 8
2527 5732 4
2527 4804 1
2527 5621 3
2527 4870 2
2527 4253 7
2527 5758 9
2527 5599 1
2539 4929 4
2540 2890 3
2540 4293 9
2540 4810 1
2540 2979 1
2540 5574 9
2540 2558 9
2540 3369 1
2540 5785 6
2540 4253 9
2540 5599 1
2542 3307 5
2542 2698 6
2544 4801 1
2544 4852 9
2544 4443 4
2544 4435 4
2547 5418 4
2554 3665 6
2554 3588 1
2554 4501 7
2554 5093 6
2554 5308 5
2554 4185 8
2554 2998 7
2554 5312 7
2554 3489 4
2554 3140 2
2554 5800 8
2554 3684 5
2554 2759 6
2554 4047 6
2554 3099 2
2554 5785 1
2554 5855 4
2554 4498 4
2555 4914 3
2555 5648 7
2555 2979 4
2555 3170 6
2555 5093 6
2555 3242 10
2555 3489 4
2555 4810 3
2555 2713 7
2555 3684 9
2555 5089 2
2555 4598 10
2555 4047 8
2555 5566 5
2555 3099 2
2555 4537 7
2555 2647 10
2555 5785 6
2555 3374 1
2555 4911 4
2558 2702 5
2558 5446 1
2558 4810 4
2558 2585 5
2558 5763 1
2558 2745 6
2558 5608 6
2558 4914 8
2558 2890 10
2558 2916 6
2558 3817 7
2558 5065 9
2558 5779 1
2558 3369 9
2558 3162 6
2558 5574 9
2558 3256 1
2558 4870 9
2558 4293 6
2558 2979 8
2558 4804 7
2558 5621 10
2558 4253 9
2558 5599 6
1368 2713 2
1368 3374 10
1368 5817 4
2564 3250 2
2564 982 7
2566 4395 2
2566 3326 6
2567 2890 7
2567 5446 6
2567 4253 8
2569 2676 5
2569 4978 8
2569 4523 1
2569 3923 1
2569 3874 10
2569 5292 10
2569 5866 1
2569 2639 3
2569 4924 6
2569 3883 4
2569 5154 7
2569 4674 7
2569 3099 1
2569 2852 2
2569 3842 4
2569 5855 7
2585 2890 7
2585 4293 7
2585 2979 9
2585 5763 4
2585 4870 5
2585 4253 8
2587 3389 10
2587 2615 4
2587 4395 6
2587 3326 5
2587 4318 6
3596 5237 4
2600 4680 6
2600 4185 10
2600 5855 6
2600 4727 8
2600 4155 7
2600 5263 5
2600 4911 8
2610 3415 2
2610 3905 8
2612 3099 8
3789 3665 10
3789 3170 8
3789 5093 9
3789 3140 10
3789 5681 4
3789 2713 4
3789 5817 6
3789 4047 5
3789 5785 5
3789 3374 7
3789 5855 1
3789 4911 5
2615 5521 3
2615 4342 10
2615 5526 10
2615 5073 8
2615 4395 3
2615 3361 9
2615 3157 10
2615 5056 5
2615 3864 6
2615 4075 7
2615 4908 4
2615 5064 6
2616 5521 7
2616 4075 6
2616 4342 8
2616 4395 4
2616 5064 1
2616 5056 3
2616 3157 2
2630 4974 1
2630 2717 2
2630 2893 9
2630 4243 8
2630 3234 3
2630 4665 9
2630 3158 8
2630 4358 6
2630 3744 6
2634 4253 8
2639 3665 5
2639 2676 8
2639 4033 10
2639 3170 5
2639 2792 1
2639 4523 1
2639 3923 6
2639 3874 9
2639 3053 3
2639 3622 3
2639 5455 7
2639 5292 9
2639 2755 7
2639 5093 6
2639 4674 5
2639 3842 5
2639 5866 4
2639 3883 3
2639 5089 1
2639 4727 9
2639 5388 8
2639 3372 2
2639 5154 5
2639 4157 9
2639 3099 3
2639 2852 10
2639 4537 6
2639 4924 6
2639 4978 9
2639 3374 7
2639 5111 4
2639 4253 7
2639 4911 5
2639 4630 3
2644 3665 8
2644 4761 7
2644 3170 5
2644 5093 1
2644 2792 5
2644 3242 6
2644 3489 8
2644 2713 2
2644 3374 5
2644 2759 3
2644 4598 10
2644 4047 4
2644 3099 7
2644 2647 8
2644 4253 3
2647 3665 1
2647 5446 1
2647 5695 7
2647 2792 6
2647 3242 2
2647 3140 8
2647 5885 4
2647 2890 4
2647 3489 7
2647 2730 2
2647 5093 5
2647 4749 9
2647 4537 5
2647 4185 6
2647 2713 8
2647 3684 9
2647 3883 2
2647 2759 4
2647 4598 1
2647 4047 6
2647 5566 1
2647 3099 1
2647 4870 4
2647 2979 2
2647 4385 3
2647 5785 5
2647 3374 8
2647 5855 6
2647 4253 2
2647 4911 9
2647 5599 9
2659 3099 7
2660 5198 10
2661 4145 1
2663 4680 4
2663 3260 2
2663 4915 3
2663 5312 7
2663 5202 3
2663 5855 2
2663 4498 9
2663 4911 10
2674 5884 7
2674 3619 9
2674 3453 3
2674 5667 2
2674 5192 9
2674 4726 5
2674 5198 2
2674 3718 4
2674 2857 3
2676 3665 4
2676 3053 10
2676 4033 3
2676 4978 10
2676 4523 8
2676 3874 6
2676 3622 10
2676 5292 3
2676 5455 2
2676 2755 1
2676 2917 10
2676 3842 9
2676 5866 2
2676 3883 3
2676 2759 5
2676 3372 1
2676 5154 3
2676 4157 5
2676 4674 7
2676 2852 10
2676 4537 9
2676 3099 9
2676 4924 9
2676 5785 2
2676 5855 10
2676 5111 9
2676 4253 2
2676 4630 3
2693 4674 8
2698 3985 7
2698 2706 3
2698 5523 9
2698 3619 2
2698 4368 1
2698 5185 5
2698 5102 4
2698 5024 2
2698 4006 8
2698 4929 7
2698 3181 10
2698 3538 5
2698 5282 1
2698 2901 3
2698 134 5
2698 4391 9
2698 2908 3
2698 2910 3
2698 4214 3
2698 5294 9
2698 4670 10
2698 4780 8
2698 3294 6
2698 4306 1
2698 3841 6
2698 5475 4
2698 4308 9
2698 3208 6
2698 4070 5
2698 867 7
2698 3669 4
2698 2922 7
2698 4690 7
2698 4791 5
2698 3307 10
2698 3656 1
2698 5862 9
2698 4321 10
2698 3415 10
2698 2857 9
2698 5601 3
2698 3421 1
2698 2864 9
2698 5337 5
2698 4818 3
2698 3881 2
2698 3599 3
2698 3431 9
2698 4621 9
2698 4904 6
2698 2973 9
2698 5514 6
2698 3884 10
2698 4825 4
2702 2890 8
2702 5566 10
2702 4293 9
2702 3982 7
2702 2979 4
2702 5574 5
2702 5621 9
2702 4253 3
2706 2251 6
2706 4818 1
2706 2734 10
2706 5286 3
2706 867 1
2706 4368 9
2713 3665 7
2713 4501 8
2713 4761 4
2713 5695 2
2713 2792 2
2713 4185 6
2713 4749 9
2713 4020 8
2713 5093 9
2713 5800 7
2713 3684 9
2713 3883 7
2713 2759 8
2713 4598 4
2713 4047 1
2713 3489 7
2713 5785 7
2713 3374 8
2713 5855 5
2713 5885 9
3172 3208 7
2717 4970 3
2721 4971 10
2721 4148 3
2726 3099 10
2730 3665 9
2730 3694 4
2730 4761 7
2730 5093 7
2730 2998 6
2730 4020 9
2730 3489 3
2730 5681 4
2730 3684 7
2730 3883 4
2730 2759 6
2730 4598 3
2730 4047 5
2730 3099 4
2730 5785 3
2730 3374 3
2730 5855 9
2730 4498 7
2730 4911 8
2734 5185 5
2745 2890 9
2745 4253 6
2745 5566 9
2745 3263 1
2745 3588 3
2745 2979 9
2745 5355 4
2745 5574 1
2745 5763 10
2745 3256 4
2745 3162 9
2755 4978 6
2755 4523 6
2755 3874 2
2755 3622 6
2755 4641 6
2755 4924 8
2755 5866 4
2755 3883 9
2755 4598 1
2755 3140 9
2755 5154 4
2755 3372 10
2755 4674 8
2755 3099 5
2755 2852 7
2755 2871 1
2755 4630 10
2759 3665 5
2759 3377 2
2759 4033 6
2759 3170 2
2759 5093 3
2759 4523 2
2759 3401 7
2759 5885 10
2759 3622 9
2759 5158 2
2759 3489 9
2759 4749 1
2759 5681 6
2759 4674 4
2759 4924 8
2759 3684 9
2759 3883 8
2759 4727 4
2759 4598 8
2759 4047 4
2759 3099 6
2759 3374 9
2759 5855 9
2764 4914 9
2764 4293 10
2764 4810 5
2764 5574 8
2764 3369 10
2764 5608 10
2764 4253 7
2766 3415 2
2766 5669 1
2788 4761 3
2788 5574 9
2788 5763 1
2788 3170 5
2788 5093 6
2788 3263 2
2788 2890 2
2788 3817 5
2788 3162 10
2788 2979 4
2788 5355 5
2788 5621 8
2788 4253 9
2792 3665 10
2792 3377 3
2792 3170 1
2792 5093 2
2792 4987 3
2792 5817 4
2792 4749 3
2792 3489 3
2792 3684 7
2792 3883 4
2792 4598 9
2792 4047 3
2792 4293 2
2792 4537 8
2792 5785 5
2792 3374 8
2792 5758 1
2800 5689 6
2800 3992 1
2800 4175 4
2802 2901 5
2802 3446 1
2802 4616 9
2802 4845 8
2811 4395 2
2815 4523 4
2821 5748 7
2826 3841 5
2826 5354 5
2830 4121 8
2846 5531 2
2849 3898 3
2851 4028 6
2852 4978 8
2852 5093 5
2852 4523 1
2852 3874 7
2852 5292 5
2852 5455 8
2852 4987 8
2852 4924 8
2852 5866 4
2852 3883 5
2852 5154 1
2852 4674 1
2852 4537 7
2852 4253 5
2852 5758 8
2852 4630 10
2857 4907 6
2857 5884 2
2857 4819 7
2857 4726 8
2857 3718 10
2857 5800 6
2857 4851 2
2861 4132 3
2862 4665 4
2862 3852 8
2864 3841 5
2864 3884 9
2871 5202 8
2871 3260 7
2880 3099 10
2890 5446 8
2890 4810 9
2890 5763 10
2890 3170 4
2890 4856 7
2890 3263 1
2890 4914 3
2890 2916 1
2890 3817 3
2890 5621 3
2890 5779 7
2890 3369 1
2890 5065 1
2890 3162 4
2890 4598 4
2890 5574 5
2890 3256 2
2890 5566 3
2890 4293 3
2890 3982 9
2890 2979 10
2890 4804 10
2890 5785 7
2890 4870 1
2890 4253 8
2890 5599 7
2893 4970 6
2893 4665 10
2893 3744 2
2893 5903 2
2893 5237 3
2899 3260 7
2899 4915 6
2899 3694 9
2899 5093 2
2899 4155 10
2899 5308 7
2899 2998 9
2899 5312 7
2899 4121 2
2899 3140 7
2899 3099 5
2899 4680 5
2899 3374 4
2899 4498 9
2900 4914 4
2900 4132 6
2900 3898 8
2900 5876 4
2901 2251 3
2901 4818 3
2901 4149 7
2901 4396 4
2901 4791 6
2908 3985 7
2908 4391 4
2908 2910 4
2908 5337 8
2908 4214 8
2908 4670 2
2908 3307 2
2908 3841 1
2908 3431 7
2908 2973 6
2908 5514 7
2908 3208 5
2910 4670 2
2910 3208 1
2910 867 3
2910 4391 6
2910 4368 10
2910 5024 8
2913 4395 4
2916 4293 8
2916 4810 4
2916 2979 9
2916 3982 4
2916 3369 9
2916 4253 4
2916 3162 6
2917 5111 4
2917 4121 10
2917 4047 5
2917 5154 9
2917 5855 1
2917 4727 2
2922 3208 3
2922 3985 6
2922 3599 7
2922 3421 5
2922 3841 7
2922 4391 1
2922 5024 6
2504 3003 7
2504 5648 8
2504 4235 2
2504 5450 5
2926 5294 4
2930 4121 3
2930 4438 1
2930 3651 3
2930 4501 4
2930 4197 1
2930 5387 4
2930 5806 4
2930 5855 10
2930 4712 7
2930 5758 5
2938 4915 1
2941 4665 8
2951 5903 4
2954 3820 4
5849 5669 3
2973 4070 10
2973 4214 9
2973 3599 7
2973 4690 10
2973 3696 9
2979 3665 7
2979 4761 4
2979 5446 3
2979 4810 1
2979 5763 2
2979 3170 9
2979 4856 1
2979 3242 2
2979 4914 1
2979 3817 4
2979 5621 9
2979 5779 6
2979 3369 7
2979 5065 6
2979 3162 10
2979 4598 8
2979 3263 2
2979 5574 8
2979 4047 5
2979 3256 8
2979 5566 5
2979 3099 4
2979 4293 4
2979 3982 1
2979 5732 8
2979 4804 1
2979 5785 7
2979 4870 1
2979 5855 2
2979 4253 1
2979 5599 6
2982 5073 6
2982 4395 9
2983 5139 1
2998 5263 2
2998 3260 2
2998 4915 7
2998 3694 4
2998 5093 9
2998 5308 4
2998 4185 5
2998 3309 2
2998 3140 9
2998 3374 2
2998 4047 1
2998 4680 4
2998 5855 4
2998 4498 8
2998 5885 2
2999 4905 2
2999 3599 3
2999 4391 5
3003 5648 5
3003 4235 1
3005 4395 5
3005 3326 1
3005 4318 4
3005 3407 7
134 4670 3
134 3421 3
3011 3398 2
3015 4395 8
3018 5855 6
3018 4761 5
3021 4919 6
3023 4395 9
3025 5418 3
3028 4674 10
3043 5667 6
3043 3718 1
3053 5154 7
3053 3099 1
3053 4674 9
3053 4924 10
3053 5866 3
3053 3883 7
3053 4523 8
3053 4727 5
3053 4630 3
445 3406 1
445 4298 8
3058 4568 2
3058 5109 2
3058 3744 10
3060 4674 5
3064 4851 2
3074 3099 10
3077 3115 10
3080 3842 1
3083 5884 7
3083 4726 5
3086 3374 4
3089 3840 2
3089 3845 4
3089 2218 9
3089 5294 5
3089 3347 6
3090 3656 1
3093 4543 9
3094 4749 2
3099 5357 4
3099 3665 7
3099 3170 9
3099 5093 8
3099 4183 7
3099 4185 9
3099 3622 1
3099 4749 4
3099 5455 2
3099 3140 10
3099 4005 2
3099 4924 1
3099 5089 2
3099 4385 4
3099 3374 9
3099 4759 7
3099 4205 5
3099 5111 7
3099 4761 5
3099 5695 1
3099 3762 9
3099 5292 5
3099 5479 8
3099 4221 1
3099 5566 5
3099 3662 6
3099 5855 10
3099 4498 7
3099 5760 10
3099 4033 2
3099 3853 9
3099 5574 3
3099 5648 5
3099 5763 7
3099 3242 3
3099 5678 8
3099 3851 3
3099 3489 10
3099 3135 3
3099 5681 6
3099 5866 4
3099 3684 6
3099 3769 8
3099 4598 2
3099 4047 1
3099 5154 9
3099 4804 8
3099 5785 9
3099 4253 10
3099 3327 1
3099 3588 3
3099 3226 5
3099 3817 8
3099 4978 7
3099 4523 6
3099 3874 5
3099 5431 7
3099 3504 10
3099 4987 9
3099 5800 10
3099 3883 5
3099 3603 5
3099 4727 7
3099 3162 6
3099 4537 1
3099 5758 2
3099 4175 9
3099 4911 4
3099 4630 7
3115 3410 4
3119 3326 1
3119 5294 4
802 3227 1
802 3217 2
802 3929 10
802 3665 1
802 4197 6
802 4852 6
802 4801 5
802 4435 1
3125 4395 8
3129 4306 8
3129 5862 6
3129 4006 9
3129 4822 2
3129 5294 3
3129 4929 6
3130 4987 8
3130 5758 6
3137 4347 4
3137 3898 8
3137 3218 9
3137 5876 8
3137 4971 5
3137 4148 5
3140 3665 1
3140 5695 8
3140 5089 3
3140 3694 2
3140 3170 1
3140 5093 2
3140 3242 1
3140 4185 3
3140 3309 10
3140 3227 6
3140 3374 6
3140 5683 4
3140 3684 1
3140 3883 5
3140 4598 9
3140 4121 4
3140 4047 5
3140 5785 1
3140 5855 2
3140 4498 8
3140 4911 10
3143 4395 8
3148 4395 6
3156 4674 3
3157 4318 5
3157 3326 4
3157 4395 2
3157 5056 4
3162 4761 6
3162 5446 9
3162 5779 5
3162 5574 4
3162 5763 7
3162 3170 1
3162 3242 5
3162 3256 7
3162 5608 6
3162 4914 5
3162 3817 3
3162 4674 3
3162 3369 10
3162 4598 6
3162 3263 2
3162 5566 5
3162 4293 7
3162 3982 3
3162 5355 10
3162 4804 3
3162 5621 7
3162 5855 6
3162 4253 9
3162 5599 10
3170 5111 8
3170 3665 3
3170 5446 2
3170 3377 9
3170 4501 6
3170 4761 5
3170 5763 9
3170 4498 2
3170 5695 4
3170 3762 1
3170 3256 7
3170 4185 3
3170 5093 5
3170 5885 6
3170 5779 4
3170 5800 3
3170 3684 9
3170 5089 3
3170 4598 6
3170 4047 10
3170 3489 8
3170 4804 6
3170 5785 1
3170 5855 3
3170 4253 2
3170 4749 8
3170 4911 1
3170 5599 8
3189 4674 5
3194 5752 3
3197 3612 5
3197 3852 7
3197 4665 7
3197 4919 10
3199 4919 1
3498 4395 8
3208 3421 10
3208 2251 1
3208 4214 2
3208 4670 1
3208 4818 3
3208 4797 6
3208 3599 2
3208 4070 8
3208 3884 2
3208 3910 6
3217 4852 6
3217 5695 6
3217 4185 3
3217 5021 4
3217 3489 10
3217 3929 9
3217 5800 9
3217 4165 6
3217 5107 9
3217 5057 1
3217 4801 1
3217 3802 4
3217 5855 1
3217 4435 2
3217 4911 7
3218 4347 10
3218 3898 7
3218 5800 3
3218 5651 4
3218 5876 5
3218 4148 2
3224 3235 10
3224 5177 3
3224 3234 1
3224 4358 4
3227 3929 3
3227 3494 9
3227 4852 9
3227 5893 9
3227 3802 5
3227 4801 8
3227 4165 1
3227 4443 4
3227 4435 5
3234 4178 2
3234 4162 3
3234 4324 7
3234 4406 2
3234 4970 8
3234 3852 2
3234 4665 6
3234 4358 8
3234 3612 1
3239 4395 1
3256 4761 8
3256 5446 9
3256 5574 8
3256 3263 8
3256 3369 7
3256 4293 3
3256 3982 6
3256 5621 7
3256 4253 8
3260 5158 3
3260 5263 7
3260 4498 10
3260 5093 10
3260 5202 3
3260 5308 5
3260 4185 9
3260 3309 1
3260 3948 2
3260 5312 1
3260 3489 5
3260 5885 5
3260 5683 5
3260 5800 2
3260 4680 9
3260 5785 5
3260 5855 2
3260 4155 9
3260 4911 5
3263 5446 1
3263 5779 9
3263 5763 9
3263 5065 4
3263 5785 9
3263 5566 3
3263 4293 4
3263 4804 1
3263 5621 7
3263 4253 10
3263 5599 1
3273 3662 1
4502 3447 7
3307 3841 8
3307 5282 10
3307 4070 6
3309 3694 3
3309 4185 4
3309 5093 4
3309 3374 2
3309 4498 7
3321 3401 9
3326 5521 6
3326 5526 7
3326 5118 1
3326 5093 2
3326 5073 6
3326 4261 10
3326 3859 5
3326 3389 8
3326 5056 7
3326 4075 1
3326 5064 7
3326 4652 3
3327 4761 8
3328 4395 3
3329 3401 6
3345 4347 9
2251 5601 1
2251 3841 3
2251 5185 5
2251 4791 1
3357 4395 9
3361 4318 5
3369 4914 1
3369 5446 1
3369 5574 10
3369 5763 9
3369 4749 1
3369 3817 2
3369 5065 10
3369 4810 6
3369 5779 8
3369 4293 7
3369 3982 1
3369 4804 6
3369 5621 3
3369 4253 9
3369 5599 9
3372 4033 4
3372 4978 5
3372 4523 4
3372 4157 1
3372 3622 5
3372 5292 7
3372 5455 6
3372 5866 4
3372 4924 7
3372 5154 9
3372 4674 8
3372 4630 5
3374 3665 5
3374 3377 7
3374 4761 10
3374 5695 1
3374 5202 1
3374 3762 3
3374 3242 2
3374 4185 6
3374 4598 2
3374 4749 2
3374 3588 3
3374 5093 2
3374 5885 1
3374 5683 6
3374 5369 1
3374 5800 6
3374 3684 1
3374 5817 6
3374 5263 5
3374 4047 5
3374 4680 4
3374 4501 7
3374 4537 1
3374 3489 4
3374 5855 6
3374 4253 4
3374 4498 2
3374 4911 1
3377 4501 7
3377 5093 1
3377 4020 4
3377 3489 4
3377 4674 9
3377 5800 5
3377 3684 7
3377 5089 7
3377 4801 5
3377 5785 5
3377 5855 5
3377 4253 2
3389 4318 2
3389 4342 7
3389 5526 6
3389 4395 10
3401 4020 1
3401 4727 6
3402 3841 6
3406 3803 4
3406 4298 5
3407 4395 8
3415 3905 6
3415 5669 9
3421 3985 7
3421 867 7
3421 4391 1
3421 4214 9
3421 5024 3
3421 4670 6
3421 4818 5
3421 3841 7
3421 3599 8
3421 4070 7
3429 5855 4
3429 4801 7
3431 4818 8
3431 3841 5
3431 4070 9
3431 4214 10
3431 4690 6
3444 4318 8
3446 4149 8
3446 4845 10
3446 4616 8
3447 4395 9
3447 5800 8
3453 4907 10
3453 4726 8
3453 3718 2
3454 4395 9
3460 5418 1
3489 3665 10
3489 3982 2
3489 3694 7
3489 4761 9
3489 5202 2
3489 4523 6
3489 5308 9
3489 3242 8
3489 4185 4
3489 3622 6
3489 4020 9
3489 5695 1
3489 3817 7
3489 5093 4
3489 4749 9
3489 5681 2
3489 4924 7
3489 5800 5
3489 3684 10
3489 3883 2
3489 4598 4
3489 4047 9
3489 5154 4
3489 4501 1
3489 4537 7
3489 5785 7
3489 5855 3
3489 5885 10
3489 5284 8
3489 4911 3
3494 5893 7
3494 4801 3
3203 5855 3
3526 4306 6
3526 4963 9
3526 4854 5
3526 4238 1
3526 5513 3
3526 5395 6
3526 5486 2
3538 4818 4
3538 4017 5
3538 5100 8
3538 3657 8
3569 3744 4
3579 4149 9
3585 4722 1
3588 4047 1
3588 3684 7
3588 5855 1
3588 4598 3
3595 3662 5
3595 4523 6
3599 3985 9
3599 4391 8
3599 5024 5
3599 4039 7
3599 4321 3
3599 4214 3
3599 4904 8
3599 5475 2
3599 3820 9
3607 4907 7
3612 4974 2
3612 4919 4
3619 5884 3
3619 4726 8
3619 5669 1
3619 4851 3
3622 3665 4
3622 4033 4
3622 4978 8
3622 4523 7
3622 3874 7
3622 4395 10
3622 5292 2
3622 5455 8
3622 5866 4
3622 4674 6
3622 4924 3
3622 3684 2
3622 3883 6
3622 4598 1
3622 5154 8
3622 4157 5
3622 5855 10
3622 4630 7
3242 3665 8
3242 4761 8
3242 5093 5
3242 4185 7
3242 4749 5
3242 5763 8
3242 3684 5
3242 3883 5
3242 4598 10
3242 4047 4
3242 4293 4
3242 3982 8
3242 4537 6
3242 5785 5
3242 5855 10
3242 4253 3
3242 5599 2
3651 4121 2
3651 4712 7
3651 4197 1
3651 5758 9
3651 4987 1
3656 3841 3
3656 5294 5
3662 4185 10
3662 4761 10
3662 5584 3
3662 4749 10
3662 5800 8
3662 5855 3
3662 5183 10
3662 5695 10
3662 5202 7
3665 4915 9
3665 4185 2
3665 4749 5
3665 4641 7
3665 4047 10
3665 4924 2
3665 5817 5
3665 4235 2
3665 4761 3
3665 3923 1
3665 5292 7
3665 4020 8
3665 4121 8
3665 4674 9
3665 4680 10
3665 5855 9
3665 4498 3
3665 5111 6
3665 4033 4
3665 4501 2
3665 3684 3
3665 4598 6
3665 5785 4
3665 4438 4
3665 4523 2
3665 5885 6
3665 5093 6
3665 3883 4
3665 4727 4
3665 4537 5
3665 4911 9
3684 3694 8
3684 4501 10
3684 4761 9
3684 4523 9
3684 4438 2
3684 4185 7
3684 5806 6
3684 5817 3
3684 4549 6
3684 5093 9
3684 4749 3
3684 5681 4
3684 4924 9
3684 3883 5
3684 4598 8
3684 4121 3
3684 5566 10
3684 5089 8
3684 4537 4
3684 3747 1
3684 5785 6
3684 4175 4
3684 5855 1
3684 4047 4
3684 4911 2
3684 5885 3
3694 4761 9
3694 5263 2
3694 5695 9
3694 5093 1
3694 4185 8
3694 4598 7
3694 4047 3
3694 4680 9
3694 5785 4
3694 5855 5
3694 4253 1
3694 4498 1
3694 5885 4
3704 3747 10
3718 4907 9
3718 5884 8
3718 4726 4
3718 5198 1
3722 4395 3
3744 4974 4
3744 5072 1
3744 5118 4
3744 4917 7
3744 4525 6
3744 3852 8
3744 4665 1
3744 3879 5
3744 4813 2
3744 4198 1
3744 4459 3
3744 4970 4
3747 5855 5
3753 4761 7
3753 5855 9
3760 4801 5
3760 5785 6
3760 5855 9
3760 4443 4
3762 4438 2
3762 4501 8
3762 5093 4
3762 5021 7
3762 5187 3
3762 4598 9
3762 4047 2
3762 4801 1
3769 4761 7
3797 4198 2
3802 5893 4
3802 4801 7
3802 3929 4
3802 5093 5
3802 4852 6
3802 5855 2
3802 4392 3
3802 4435 7
3802 5107 10
3803 5171 1
3803 4298 3
3806 4298 1
3806 4674 5
3817 4761 10
3817 4914 4
3817 5446 5
3817 5574 9
3817 5763 9
3817 4598 10
3817 4293 6
3817 3982 2
3817 4804 2
3817 5621 6
3817 4253 4
5089 4501 9
5089 5763 5
5089 4749 1
5089 4598 1
5089 4047 10
5089 5855 7
5089 4253 1
5089 4911 2
3823 4017 7
3841 4316 1
3841 4690 2
3841 4214 8
3841 4670 10
3841 4070 1
3841 5800 3
3841 4308 1
3841 3884 4
3841 4825 10
3841 3910 2
3841 5372 3
3842 5111 1
3842 5154 6
3842 5866 6
3842 4674 7
3842 4978 1
3842 4157 4
3852 4243 9
3852 4023 3
3852 4665 7
3852 5882 5
3852 4358 8
3874 4978 10
3874 4523 7
3874 5292 6
3874 4924 7
3874 3883 10
3874 5154 3
3874 4674 3
3874 4630 7
3881 4904 10
3881 867 2
3881 4233 6
3883 4157 9
3883 4978 7
3883 4523 10
3883 4185 5
3883 5292 8
3883 5455 2
3883 5093 10
3883 4749 7
3883 4253 1
3883 5885 6
3883 5866 2
3883 4924 1
3883 4727 9
3883 5817 5
3883 4598 3
3883 4047 7
3883 5154 8
3883 4537 5
3883 5785 7
3883 5855 2
3883 5111 5
3883 4943 3
3883 4498 8
3883 4911 5
3883 4630 3
3884 4818 5
3884 5286 8
4598 5446 7
4598 4185 2
4598 4749 5
4598 4293 9
4598 4761 1
4598 5093 3
4598 5695 3
4598 5566 4
4598 4680 4
4598 5855 8
4598 4498 7
4598 5758 5
4598 4235 1
4598 5763 8
4598 4047 6
4598 4804 7
4598 5785 10
4598 4253 7
4598 5779 6
4598 5885 2
4598 4987 9
4598 3982 5
4598 4537 2
4598 5621 2
4598 4911 10
3906 4722 7
3910 4670 2
3910 4391 5
3918 5885 1
3918 4555 2
3919 4907 10
3923 5154 6
3923 5166 6
3923 3986 7
3923 4894 9
3923 4219 5
3923 4924 1
3923 5455 10
3929 4392 8
3929 4443 9
3929 5021 2
3929 5057 1
3929 4852 10
3929 5893 6
3929 4164 3
3929 4165 8
3929 4047 1
3929 4801 6
3929 4435 8
3948 5885 1
3948 4680 4
3948 5202 9
3948 5312 2
3948 4155 8
3982 5446 2
3982 4810 8
3982 5574 4
3982 4761 5
3982 5763 1
3982 4856 4
3982 4914 1
3982 5065 3
3982 5566 8
3982 4293 2
3982 4804 8
3982 5621 3
3982 4253 10
3982 5599 10
3985 4214 3
4017 4662 5
4017 4308 3
4017 5100 3
4020 5885 3
4020 4749 2
4020 5855 4
4028 5221 3
4028 4395 6
4031 5354 2
4033 5292 2
4033 4924 3
4033 4047 10
4033 4674 6
4033 5855 8
4033 5111 8
4033 4630 7
4047 4185 4
4047 4749 5
4047 4924 5
4047 5817 1
4047 4761 9
4047 5093 1
4047 5855 8
4047 4498 7
4047 4121 7
4047 5065 2
4047 5158 9
4047 4537 3
4047 4523 6
4047 5885 3
4047 5785 1
4047 4175 6
4047 4911 9
4070 5286 9
4070 867 10
4070 4391 6
4070 5337 2
4070 4214 2
4070 4670 2
4070 4818 3
4070 5024 6
4075 4318 6
4075 4395 8
4106 5354 10
4107 4674 10
4108 5064 10
4121 4501 10
4121 4185 6
4121 4197 4
4121 5806 4
4121 4712 7
4121 5785 8
4121 5855 10
4121 5758 2
3158 4970 6
4132 5406 9
4145 5800 2
4148 4347 9
4148 5800 2
4148 5876 4
4148 4971 9
4148 982 10
4149 4616 3
4155 5308 9
4155 5263 4
4155 5093 7
4155 5312 6
4155 4680 6
4155 4911 5
4155 5729 8
4156 4537 8
4157 5154 9
4157 4978 5
4157 4674 9
4157 4924 1
4157 4523 10
4161 4919 4
4161 4974 8
4162 4974 7
4162 5903 3
4164 4801 2
4164 5057 3
4165 4852 2
4165 4801 1
4165 4443 6
4165 4435 4
4175 5855 10
4178 5497 8
4178 4974 10
4184 4347 6
4185 4915 6
4185 4761 6
4185 5093 7
4185 5202 7
4185 5885 4
4185 5817 2
4185 4749 8
4185 5785 3
4185 5855 6
4185 4498 10
4185 4911 2
4197 5111 10
4197 4761 6
4197 4712 7
4197 4501 6
4197 4749 4
4197 4987 1
4197 5758 7
4198 4974 4
4198 4665 8
4214 4391 6
4214 5337 1
4214 5024 3
4214 4825 6
4215 4919 3
4235 5648 2
4235 5855 3
4238 4306 2
4238 4963 6
4238 4854 7
4238 5513 4
4238 5800 8
4243 4459 5
4243 4970 8
4243 4358 8
4248 4665 2
4253 4914 9
4253 5446 9
4253 5093 4
4253 4924 7
4253 4293 7
4253 5732 3
4253 4761 7
4253 4856 8
4253 5785 6
4253 4674 9
4253 5388 1
4253 5566 3
4253 4870 3
4253 5855 2
4253 5758 5
4253 5111 10
4253 5574 10
4253 4501 9
4253 5763 9
4253 4810 7
4253 4804 1
4253 5065 6
4253 5599 4
4253 5779 4
4253 4523 2
4253 4987 3
4253 5355 7
4253 5621 6
4261 4395 6
4293 5446 7
4293 5763 6
4293 4856 9
4293 4914 7
4293 5566 5
4293 4804 5
4293 5621 5
4308 4818 3
4308 5100 4
4316 4391 4
4318 5521 1
4318 5526 8
4318 4342 6
4318 4688 1
4318 4395 9
4318 5056 10
4318 5064 3
4320 4443 6
4320 4801 3
4320 5107 5
4324 4974 2
4324 5497 6
4326 4674 2
4342 5732 1
4342 4395 8
4342 5526 6
4347 5651 1
4347 4971 1
4347 982 7
4358 4974 10
4358 4970 7
4358 4665 6
4368 867 4
4368 4818 2
4391 5024 7
4391 4690 6
4391 4670 3
4391 4818 6
4391 867 10
4392 4852 10
4392 4801 3
4392 4437 1
4392 5107 8
4392 4435 7
4392 5057 6
4395 5521 4
4395 5526 10
4395 5285 3
4395 4936 2
4395 5748 9
4395 4866 2
4395 5692 8
4395 4872 1
4395 4688 6
4395 5584 8
4395 5595 4
4395 5325 5
4395 5064 9
4395 4607 3
4395 5073 1
4395 4617 2
4395 5615 6
4395 5900 5
4395 4824 3
4424 3124 4
4425 4665 5
4425 4974 3
4435 5893 2
4435 4801 7
4435 5107 2
4435 5057 3
4437 5885 3
4437 4801 7
4437 5855 3
4437 4443 3
4438 4501 10
4438 5806 8
4438 5855 4
4443 5021 2
4443 4801 9
4459 4974 1
4498 5695 2
4498 4761 8
4498 5093 9
4498 5202 4
4498 4749 3
4498 5683 4
4498 5729 9
4498 5785 6
4498 5855 2
4498 5885 4
4501 4761 10
4501 5093 2
4501 5806 8
4501 5387 9
4501 4712 5
4501 5855 6
4501 4987 4
4501 5758 4
4501 4911 6
4523 4978 9
4523 4920 6
4523 5292 8
4523 5455 8
4523 4749 5
4523 5584 1
4523 5866 10
4523 5154 9
4523 5855 4
4537 4761 1
4537 5093 7
4537 5866 3
4537 4727 5
4537 5154 7
4537 5785 5
4537 5855 6
4537 5111 1
4543 5058 5
4549 5855 7
4558 4674 7
4568 4974 1
4572 5681 9
4580 4957 3
4602 4974 4
4616 5800 9
4616 4845 5
4621 4845 9
4621 4791 6
4630 5111 4
4630 4978 8
4630 5292 5
4630 4924 8
4630 5855 2
4641 4727 5
4652 5294 6
4665 4974 9
4665 4919 3
4665 4970 1
4665 5882 9
4670 867 10
4670 4690 7
4670 5337 8
4670 5024 7
4674 4978 1
4674 5292 5
4674 5455 9
4674 5866 2
4674 5154 9
4674 4924 3
4674 5735 10
4674 5905 10
4680 5308 6
4680 5885 3
4680 4943 6
4680 5855 1
4680 4911 4
4689 5109 3
4690 5337 3
4690 5024 8
4701 5185 7
4702 5903 9
4702 5511 7
4726 5884 7
4726 5667 9
4726 5192 10
4726 5800 3
4726 4851 4
4727 5111 5
4727 5093 9
4727 5292 3
4749 4915 10
4749 5093 1
4749 4987 5
4749 5817 7
4749 4924 3
4749 5785 7
4749 5758 2
4749 4911 10
4749 5885 6
4761 5111 5
4761 5446 10
4761 4915 10
4761 5574 5
4761 5093 10
4761 5817 5
4761 5158 7
4761 5621 4
4761 5681 6
4761 5355 3
4761 4804 5
4761 5785 8
4761 5855 9
4791 5286 5
4791 5301 1
4801 5021 9
4801 4852 9
4801 5893 7
4801 5187 3
4801 5800 4
4801 5107 9
4801 5057 4
4801 5754 3
4801 5855 9
4804 4914 2
4804 5446 9
4804 4810 4
4804 5574 7
4804 5763 4
4804 5779 2
4804 5566 7
4804 5621 8
4804 4870 4
4810 4914 5
4810 5574 1
4810 5566 3
4813 5294 10
4818 867 1
4818 5337 6
4818 5024 7
4818 5185 2
4818 5514 3
4851 4907 6
4851 5192 3
4851 5667 3
4851 5198 9
4851 5800 6
4852 5893 1
4852 5306 9
4852 5107 7
4852 5057 6
4854 4963 3
4854 5513 6
4854 5395 3
4856 5566 6
4856 5621 10
5369 5748 3
4870 5574 4
4870 5599 5
4874 5681 7
4874 5903 4
4874 4987 1
4907 5884 10
4907 5198 3
4907 5139 4
4911 5093 3
4911 5202 8
4911 5158 1
4911 5695 2
4911 5065 6
4911 5855 9
4911 5111 4
4911 5785 1
4911 5885 4
4914 5574 9
4914 5763 7
4914 5621 3
4914 5785 5
4914 5855 1
4915 5506 7
4915 5695 10
4915 5093 5
4915 5885 8
4915 5683 3
4919 5273 10
4919 5265 5
4919 5497 6
4924 4978 9
4924 5292 6
4924 5455 10
4924 5866 5
4924 5154 7
4924 5855 8
4925 5056 8
5817 5093 8
5817 5855 6
5817 5885 3
4963 5513 1
4970 5048 9
4970 4974 4
4970 5418 8
4974 5072 3
4974 5048 8
4974 4982 4
4974 5237 5
4974 5109 2
4974 5903 3
4978 5292 1
4978 5866 4
4978 5154 9
4978 5855 9
4987 5093 8
4987 5855 3
4987 5806 3
5024 867 1
5057 5893 10
5065 5779 2
5065 5574 5
5065 5763 4
5065 5621 6
5065 5785 6
5065 5855 2
5065 5599 2
5093 5202 1
5093 5111 8
5093 5263 8
5093 5566 3
5093 5855 1
5093 5308 7
5093 5312 5
5093 5681 10
5093 5785 1
5093 5158 3
5093 5885 5
5093 5800 6
5093 5758 7
5100 4662 8
5109 5511 1
5109 5801 2
5111 5866 3
5111 5785 2
5154 5292 2
5154 5455 7
5154 5866 6
5154 5785 6
5154 5855 3
5158 5754 8
5158 5202 8
5158 5855 10
5158 5308 5
5185 5286 1
5192 5884 7
5192 5667 8
5198 5884 2
5202 5885 6
5202 5785 6
5202 5855 5
5242 5648 1
5263 5729 1
5284 5855 9
5292 5455 10
5292 5866 9
5294 5800 10
5308 5312 6
5308 5729 5
5308 5855 8
5312 5855 2
5312 5729 1
5354 5800 10
5355 5574 3
5355 5763 9
5420 5760 4
5440 5493 10
5440 5748 7
5446 5779 8
5446 5574 2
5446 5763 7
5446 5566 6
5450 5648 6
5455 5855 4
5493 5748 8
5566 5763 6
5566 5779 3
5566 5599 7
5574 5763 6
5574 5779 7
5574 5800 10
5574 5621 9
5574 5599 6
5590 5903 7
5595 5732 3
5599 5800 10
5621 5779 7
5621 5763 7
5621 5732 3
5648 5754 1
5653 5752 10
5667 5884 9
5679 5855 9
5681 5830 4
5683 5855 4
5683 5729 8
5695 5885 9
5748 5800 8
5754 5855 8
5758 5806 8
5758 5855 8
5763 5779 5
5785 5779 9
5785 5855 9
5785 5885 8
5800 5855 5
5800 5884 7
5800 5885 8
5862 5887 1
