0 568 9
1 4413 4
1 4896 8
1 5471 8
1 3531 2
1 1965 4
1 2565 10
1 3317 8
1 5565 2
1 2448 7
1 955 1
1 3699 3
1 519 8
1 3849 9
1 5557 7
1 1618 3
1 3779 10
1 3550 7
1 3866 9
1 5729 10
9 3008 2
10 5708 6
11 4967 5
18 155 6
25 417 3
224 4714 4
224 3030 3
224 1820 2
224 3443 3
224 4898 6
224 196 5
224 5549 2
224 475 8
35 3008 8
36 5539 1
44 4541 6
44 4739 9
44 3283 4
44 5789 10
44 1226 9
44 3126 4
44 2175 7
44 4855 3
44 162 5
44 2842 6
44 3618 9
44 5719 2
44 3924 1
44 2273 1
44 5474 2
44 2469 3
44 1890 1
44 4487 6
44 2798 9
44 3027 10
44 4593 6
44 1009 6
44 5825 5
44 3601 3
44 4100 7
44 2395 10
44 1698 9
44 2396 10
44 4144 5
44 1778 1
44 155 8
44 2372 5
44 472 7
44 2326 7
44 1978 2
44 4520 5
45 4714 2
45 196 8
45 1820 7
45 3443 7
47 3008 4
59 4898 5
59 3030 9
60 2736 10
60 1385 9
60 519 4
60 4632 3
60 5168 9
60 5554 9
60 3367 3
60 2565 10
60 1025 8
60 3211 8
60 2948 5
60 3696 9
60 426 4
60 1215 10
60 5557 6
60 3550 5
60 5729 10
61 3403 1
61 3611 3
61 2104 8
61 541 9
61 1785 3
61 3853 9
61 3367 10
61 4439 4
61 1025 9
61 1836 4
61 3671 5
61 3609 2
61 568 1
61 5055 1
61 2202 4
61 3696 9
61 3506 4
61 2522 3
61 2948 1
61 2736 10
61 4815 6
61 3108 1
61 1511 7
61 2612 9
61 3226 1
61 2034 5
61 3329 10
61 1215 8
61 3117 4
61 531 8
61 3094 6
61 5321 7
61 5357 9
61 5108 3
61 5086 5
61 4156 5
61 3140 4
61 3321 7
61 3452 4
61 4519 6
61 1965 8
61 5420 1
61 2168 6
61 1540 2
61 2072 10
61 779 5
61 4314 10
61 4759 8
61 4205 4
1742 5091 1
93 522 4
93 3611 3
93 3329 5
93 4337 1
93 3506 3
93 700 3
93 757 10
93 1122 3
93 5545 5
93 2168 6
93 1761 6
93 3671 9
93 3644 6
93 3080 3
93 3356 9
93 5108 6
93 2202 1
93 4156 2
93 3853 6
93 5678 3
93 426 3
93 4395 6
93 5533 4
93 4815 9
93 1511 3
93 4217 4
93 4323 9
93 568 2
93 3944 8
93 3957 10
93 5188 3
93 2425 5
93 5019 1
93 2933 4
93 3603 8
93 5357 1
93 4754 1
93 133 9
93 2522 10
93 4201 6
93 3321 10
93 519 2
93 1059 9
93 1965 8
93 5240 8
93 1582 4
93 2612 5
93 5324 8
93 1573 8
93 1540 4
93 4079 5
93 2673 10
93 3185 4
93 4205 3
94 1575 2
94 1594 4
94 529 9
94 2841 2
94 2253 8
94 2371 2
94 1347 7
94 4099 4
94 3457 2
94 1989 10
94 2993 9
112 1822 5
114 2932 2
114 3379 3
115 529 4
115 3977 10
115 118 10
115 2993 5
115 4096 9
118 3379 9
126 1904 2
129 474 4
129 2811 2
137 1938 9
137 5471 10
146 2634 7
147 2911 3
151 1014 4
151 2993 10
155 4541 8
155 185 5
155 2811 5
155 3283 7
155 5789 4
155 2054 2
155 2175 9
155 162 3
155 2842 4
155 4739 6
155 5719 7
155 3835 2
155 1067 10
155 506 4
155 2381 10
155 2273 6
155 508 5
155 5474 7
155 1006 10
155 4487 2
155 2469 8
155 1263 8
155 1928 2
155 171 6
155 2798 7
155 3027 6
155 3576 8
155 315 7
155 1009 3
155 5825 2
155 3601 6
155 4100 1
155 2395 8
155 5848 3
155 2396 8
155 3126 1
155 4144 6
155 179 1
155 1778 2
155 1965 1
155 3924 1
155 2372 3
155 5324 6
155 472 8
155 1698 4
155 2326 6
155 1978 1
159 3008 4
159 5708 3
162 3618 4
162 4541 10
162 4739 7
162 3027 7
162 4144 2
162 1778 4
162 2372 7
162 1009 7
162 3126 3
162 2469 1
162 4855 2
162 5825 10
162 1698 5
162 2396 1
162 1978 8
171 2469 2
171 3027 9
171 1698 6
179 1250 7
179 395 2
179 3305 8
179 4789 7
179 2948 5
179 1590 5
179 1397 1
179 190 6
179 911 7
179 4333 8
179 5718 10
179 2942 1
179 2379 7
179 2141 7
179 384 3
179 2736 4
179 901 4
179 1571 3
179 3768 4
179 1770 5
179 4193 1
179 1982 6
179 1983 8
179 3229 7
179 2634 2
179 2035 6
179 5684 3
179 531 9
179 435 5
179 3094 2
179 5321 7
179 1436 1
179 878 10
179 5055 9
179 5086 2
179 1971 8
179 3995 3
179 5705 5
179 3182 9
179 1965 6
179 999 8
179 3637 5
179 5355 1
179 2612 7
179 4202 7
179 2925 3
179 4883 8
179 1145 10
179 4228 9
185 4487 1
185 5719 9
185 3027 10
185 944 3
185 1778 1
185 315 9
185 1009 7
185 1150 4
185 2326 1
185 2469 8
185 5825 1
190 2104 1
190 5357 3
190 579 9
190 3009 9
190 1112 7
190 3094 4
190 1403 4
190 5554 5
190 5730 5
190 999 8
190 1450 10
190 5557 10
190 2880 3
190 3080 1
190 4183 8
190 1983 6
190 5055 4
190 3696 10
190 2379 10
190 2817 8
190 2726 2
190 1690 10
190 3305 10
190 3506 4
190 5678 6
190 426 2
190 2736 6
190 901 10
190 3108 5
190 1590 5
190 4789 4
190 4193 3
190 3226 1
190 3955 1
190 2034 9
190 3229 8
190 4721 6
190 3367 7
190 937 7
190 5168 9
190 4005 9
190 1215 5
190 5479 7
190 4883 5
190 1025 7
190 2948 2
190 5321 2
190 3603 3
190 2868 10
190 133 1
190 5086 2
190 5817 9
190 3609 5
190 1395 2
190 3117 2
190 5705 10
190 519 3
190 1965 2
190 4583 10
190 3211 4
190 1770 3
190 2612 5
190 4519 5
190 530 8
190 4796 8
190 1145 4
190 5420 4
190 3315 8
190 4759 6
190 3866 7
191 2209 1
196 678 8
196 3655 9
196 1820 1
196 4898 5
196 4567 3
196 2295 6
196 3030 7
196 4899 9
196 5549 1
196 5389 10
207 3955 3
207 618 10
207 1862 10
207 3609 9
207 3566 7
209 3379 2
209 626 2
209 3977 3
218 5091 4
218 518 4
218 1575 3
218 529 6
218 425 9
218 1014 3
218 2253 10
218 2371 6
218 2993 7
218 2491 3
218 3757 5
218 1553 8
218 4820 4
218 5800 7
218 2841 2
218 5025 6
218 935 10
218 2211 5
218 5369 3
218 5606 8
218 4096 9
1324 1965 1
227 3080 4
231 5539 3
239 2209 1
239 3811 10
240 575 1
240 4312 3
240 4762 1
240 3008 7
240 2440 10
240 5078 5
240 3296 1
240 3291 10
240 2705 5
1006 464 1
1006 3576 8
244 1982 6
244 395 5
244 5705 2
244 955 7
244 384 2
244 4333 8
244 911 8
247 2816 5
247 5020 9
247 3517 7
247 2561 10
247 3943 5
247 2371 9
247 846 2
247 2859 4
247 5268 4
247 5169 9
247 5152 2
247 461 6
247 5080 7
247 2796 9
247 3813 1
247 3863 1
247 1514 7
262 3008 4
265 3008 2
265 5708 1
269 3008 10
269 5708 9
280 2209 3
287 3008 8
287 2556 10
287 5222 6
287 4462 7
287 369 4
287 1836 10
287 5632 9
287 3811 2
287 2040 10
287 2027 10
287 1382 5
302 541 10
302 579 10
302 2948 10
302 5554 3
302 1025 10
302 2880 6
302 4183 6
302 5055 1
302 3696 3
302 3506 8
302 426 3
302 4815 4
302 2612 6
302 3226 3
302 2034 8
302 3367 10
302 531 2
302 3094 1
302 5321 7
302 5357 1
302 1215 9
302 133 5
302 5086 7
302 519 7
302 4467 9
302 1965 5
302 5730 4
302 2736 9
302 4759 3
302 4205 7
315 4541 5
315 4739 1
315 3027 2
315 4144 7
315 1778 1
315 2469 4
315 5825 6
315 4100 9
315 2326 4
315 5719 6
343 2440 2
343 1149 1
343 3008 4
350 2911 1
2176 3977 5
369 5670 8
369 3008 2
369 740 9
369 369 6
369 5890 7
369 2027 10
369 2994 2
384 1250 7
384 395 4
384 3305 4
384 4789 1
384 1590 9
384 911 9
384 5718 8
384 3995 6
384 2379 6
384 4583 7
384 3621 2
384 1571 2
384 3768 1
384 1770 6
384 4193 2
384 1983 3
384 1998 5
384 2634 9
384 530 4
384 435 3
384 901 2
384 878 10
384 5086 1
384 1971 5
384 3182 5
384 1397 9
384 5355 4
384 4333 3
384 2141 6
384 2925 9
384 5684 2
384 4228 7
386 2215 9
394 1836 10
395 1250 6
395 1971 6
395 3305 8
395 4789 1
395 1590 6
395 1450 10
395 911 3
395 5718 2
395 1998 6
395 2379 9
395 4583 9
395 3621 6
395 1571 6
395 3768 5
395 1770 10
395 4193 2
395 1982 5
395 1983 9
395 3229 6
395 2634 5
395 2035 5
395 530 1
395 435 8
395 901 3
395 1938 6
395 878 4
395 3995 9
395 5705 5
395 3182 2
395 1397 9
395 5355 5
395 4333 6
395 2141 7
395 2925 10
395 5684 6
395 4228 6
417 4741 10
417 5430 5
417 2339 4
417 5387 9
417 469 8
419 541 9
425 1276 10
425 4096 8
426 3329 3
426 541 6
426 3566 9
426 1025 10
426 2880 7
426 2559 3
426 3696 5
426 2817 9
426 3506 1
426 4815 5
426 1571 8
426 3768 4
426 618 4
426 2612 10
426 3226 2
426 5125 7
426 2034 3
426 4721 8
426 2634 4
426 3957 8
426 1215 7
426 5479 4
426 531 6
426 3367 9
426 133 10
426 5086 5
426 5388 3
426 4156 4
426 3117 5
426 519 2
426 1965 5
426 1396 6
426 3211 1
426 4217 3
426 2736 7
426 4796 3
426 937 5
426 4759 7
426 4205 1
426 1450 6
435 1250 10
435 3305 10
435 4789 2
435 1590 8
435 911 8
435 5718 10
435 1998 4
435 2379 5
435 4583 2
435 1571 7
435 3768 7
435 1770 2
435 4193 3
435 1983 9
435 3229 9
435 2634 3
435 2035 1
435 530 5
435 901 2
435 1938 8
435 878 3
435 5034 7
435 3995 8
435 5705 7
435 3182 2
435 999 6
435 1397 10
435 5355 5
435 4333 5
435 2141 8
435 2925 9
435 5684 4
435 5621 4
435 4228 1
442 1836 1
442 2371 10
458 3002 10
458 1898 4
458 3008 6
458 1635 6
461 5080 3
461 2810 3
461 2816 7
461 5268 3
462 2202 1
462 1965 7
462 5240 4
462 3853 9
462 779 5
462 1112 1
462 4183 5
469 1965 4
469 1112 8
469 2339 2
469 2612 4
472 4739 1
472 3027 9
472 2842 6
472 1009 2
472 2273 10
472 4847 6
472 508 9
472 2175 5
472 2395 7
472 4855 1
472 1698 9
472 2469 6
472 5848 8
474 1264 7
474 2811 5
474 3765 5
475 4714 4
475 678 2
475 3655 1
475 2423 9
475 4898 1
475 4567 6
475 2295 5
475 3030 10
475 1802 10
475 5389 5
478 2040 3
478 4380 3
478 1836 4
478 1507 2
478 3008 3
482 1190 1
482 5471 9
505 1938 3
508 4487 8
508 3283 5
508 5719 3
508 4739 3
508 3027 2
508 3924 9
508 1778 4
508 4144 8
508 1009 3
508 1698 2
508 3601 8
508 2798 5
508 4100 4
508 2326 3
508 2469 6
508 5789 9
508 2842 10
518 4096 1
519 3403 1
519 5357 2
519 2880 5
519 4183 6
519 2612 3
519 5272 10
519 4642 1
519 568 5
519 3367 10
519 5086 7
519 5729 7
519 1938 10
519 3452 4
519 3099 8
519 4202 10
519 4759 4
519 4205 1
519 1450 1
519 3009 9
519 5554 10
519 1025 5
519 5557 8
519 1122 9
519 1571 9
519 571 1
519 4217 10
519 1385 5
519 3387 6
519 937 7
519 5479 2
519 133 4
519 5388 9
519 1395 8
519 1965 6
519 3211 3
519 4496 5
519 2925 3
519 2072 4
519 779 2
519 3279 5
519 4500 3
519 1590 4
519 2559 8
519 5678 9
519 2565 7
519 1511 7
519 2276 3
519 1995 7
519 1983 10
519 1998 10
519 4796 7
519 3317 8
519 1215 8
519 530 6
519 531 9
519 2948 8
519 878 8
519 5055 5
519 700 3
519 5420 1
519 1145 7
519 2673 10
519 3329 8
519 541 3
519 4439 7
519 3955 8
519 1904 10
519 2202 5
519 4156 6
519 2379 5
519 5430 7
519 955 7
519 3506 5
519 3699 8
519 2736 6
519 4815 1
519 4721 9
519 2339 9
519 5168 9
519 5800 10
519 3603 8
519 3696 6
519 5705 5
519 2209 10
519 5355 6
519 1540 9
522 3611 5
522 4337 9
522 4439 7
522 3965 4
522 5545 10
522 3671 3
522 3644 10
522 3356 2
522 2202 4
522 5533 6
522 1573 5
522 4642 1
522 3957 5
522 5188 5
522 2933 6
522 5108 9
522 3321 7
522 3452 3
522 1059 7
522 5240 10
522 3108 9
522 4519 5
522 2673 1
522 3185 5
529 1366 9
529 3028 10
529 2932 7
529 1014 3
529 4820 4
529 5144 4
529 3269 7
529 3870 5
529 4096 7
531 5357 3
531 579 5
531 3009 5
531 2948 6
531 1025 5
531 2880 2
531 700 3
531 4183 2
531 5718 9
531 1145 10
531 3367 3
531 2726 6
531 1690 2
531 3506 7
531 5678 7
531 3609 1
531 4815 7
531 2612 4
531 3226 8
531 3955 7
531 2034 10
531 1215 6
531 5479 10
531 4883 6
531 3094 7
531 5321 4
531 1436 9
531 5055 6
531 133 4
531 5086 3
531 5729 3
531 3117 8
531 5705 2
531 4789 7
531 3211 6
531 1397 2
531 4205 5
531 2736 1
531 1112 2
531 4759 1
531 1965 10
533 5670 8
533 3008 10
548 5699 1
562 5705 10
562 2634 2
562 5355 6
562 2925 7
562 530 6
562 1938 6
562 878 2
562 3679 10
568 3611 4
568 3329 6
568 5357 4
568 3853 3
568 1025 3
568 1215 9
568 2202 10
568 2726 2
568 3506 4
568 1511 10
568 2612 3
568 4796 7
568 3367 1
568 5479 7
568 3094 6
568 5321 1
568 3603 2
568 4754 5
568 133 9
568 5086 7
568 3321 1
568 2209 3
568 1965 2
568 3211 4
568 4201 3
568 2736 9
568 5904 1
568 4314 9
568 4759 4
568 4205 10
571 1571 8
575 669 9
575 3008 1
579 541 8
579 4500 9
579 2559 3
579 4759 1
579 3696 10
579 3506 4
579 4815 2
579 3955 8
579 2034 7
579 2634 3
579 1215 3
579 3117 7
579 3603 8
579 3367 4
579 5388 7
579 700 7
579 2209 5
579 1965 6
579 2736 9
579 3609 2
587 2081 8
587 1507 7
587 994 8
587 669 8
587 3209 10
587 3379 4
594 1120 1
594 4045 7
594 1836 6
594 3008 1
599 3379 5
599 2215 7
618 5357 2
618 2817 1
618 3566 3
618 5502 6
618 1862 2
624 4282 2
624 5708 1
626 1553 8
626 3457 7
626 1394 1
641 2911 6
2078 1382 1
2078 1924 9
2078 1836 1
2078 3008 7
660 2209 2
668 5388 8
669 5012 4
669 994 5
669 3113 2
669 831 6
669 4069 10
669 1836 4
669 5846 5
669 3551 4
669 2040 8
669 5379 1
669 2069 7
678 1820 6
678 4714 2
678 3443 5
678 5549 6
690 1938 3
694 5729 5
696 1553 3
696 2253 1
696 2371 10
696 1106 10
696 3457 10
696 3977 3
696 4096 6
700 3329 6
700 541 10
700 3965 10
700 3644 2
700 4183 5
700 2202 5
700 5357 9
700 3506 6
700 5678 6
700 2565 7
700 5729 9
700 2612 8
700 1573 2
700 3955 3
700 1215 9
700 4883 8
700 772 7
700 779 4
700 3603 2
700 3367 4
700 133 10
700 3696 3
700 2209 1
700 1965 4
700 1396 9
700 4217 5
700 4079 10
700 2673 8
700 4205 5
3108 3696 1
3108 4439 5
3108 1785 7
3108 5479 5
3108 2072 1
3108 1511 8
3108 4205 2
705 3379 6
712 1382 8
712 3291 3
712 3008 4
713 1149 3
713 1189 3
713 2027 5
713 3008 5
713 2163 3
734 541 9
736 5729 9
740 2994 4
740 4179 5
740 3008 2
740 5890 4
747 2371 4
747 1014 1
747 3379 9
747 4793 2
756 2850 6
757 3356 3
757 4642 5
757 5019 4
757 4519 8
757 4759 8
757 1965 2
757 3957 6
757 5188 10
757 1025 1
757 2168 8
757 4201 10
757 5545 9
757 3321 2
757 4439 6
757 1761 8
757 2673 5
757 5108 10
757 1511 1
757 2522 2
758 1619 6
758 1320 4
772 3329 7
772 2917 9
772 2334 6
772 3506 3
772 1573 10
772 3321 9
772 4079 8
772 2673 1
772 3644 1
772 4217 6
775 5120 10
779 4519 5
779 133 2
779 2104 8
779 5240 8
779 1122 3
779 1785 9
779 1215 10
779 2736 6
779 4815 9
779 4496 1
779 1511 2
779 4205 1
779 3696 8
782 4299 4
782 3068 1
782 3008 9
133 4217 9
133 1396 5
133 541 8
133 886 8
133 2948 6
133 1403 8
133 5554 9
133 3211 4
133 1025 4
133 2880 10
133 2937 2
133 2202 4
133 3696 6
133 2726 3
133 3506 2
133 1122 5
133 1785 9
133 4815 3
133 4183 4
133 1511 3
133 2612 1
133 3226 4
133 3955 4
133 955 2
133 937 2
133 1215 2
133 3094 4
133 5357 3
133 1690 7
133 5388 10
133 4156 2
133 2620 4
133 3099 5
133 1965 10
133 5240 6
133 5420 6
133 4496 5
133 4519 10
133 2736 4
133 4759 3
133 4205 1
2106 2040 6
2106 1836 6
2106 4380 9
2106 5261 8
2106 3008 8
826 5304 3
826 3575 3
826 1089 6
826 4977 5
826 3908 3
826 5699 2
831 5846 7
846 1543 4
846 3517 2
846 2371 7
846 5268 9
846 2859 9
846 2109 3
846 5152 2
846 2796 7
846 2816 3
846 1514 3
856 1553 4
856 4356 7
856 3379 7
5084 1965 5
5084 2326 4
5084 3811 6
873 541 10
876 1025 4
876 1965 10
5360 5699 9
5360 4453 5
886 4323 5
886 3696 9
886 1785 7
886 937 3
886 3317 10
886 5009 7
886 1122 6
886 4496 1
886 4183 1
901 1250 1
901 5718 1
901 4759 9
901 5705 9
901 3229 4
901 1397 1
901 5355 7
901 4333 9
901 1590 1
901 2736 5
901 3768 6
901 530 9
901 878 5
908 4299 3
908 3068 7
908 3008 10
5541 4417 2
911 4789 9
911 1590 6
911 2379 2
911 1571 8
911 3768 9
911 5819 2
911 1770 6
911 4193 9
911 1982 9
911 1983 2
911 3229 5
911 530 1
911 1938 6
911 878 7
911 5705 1
911 1397 3
911 5355 8
911 4333 7
911 2925 10
911 4228 8
914 3008 5
918 5025 4
926 3977 9
929 3068 10
929 5670 4
929 1848 5
929 3008 10
929 3029 4
929 5350 7
929 4299 6
935 4648 4
935 2561 2
935 3379 4
935 3977 8
937 5554 7
937 999 7
937 1862 1
937 2559 2
937 3696 5
937 2817 4
937 1690 5
937 3506 4
937 1122 6
937 1785 2
937 4815 2
937 2612 1
937 3226 1
937 3955 9
937 2034 9
937 4721 5
937 3367 9
937 3572 8
937 2948 9
937 1215 7
937 3609 4
937 3099 6
937 1965 1
937 3211 7
937 4496 6
937 2072 10
937 3009 5
937 4759 7
937 4205 1
944 4593 6
944 2175 7
944 2396 9
950 2687 9
950 3068 7
950 3008 3
950 2163 3
950 5353 4
950 5120 10
950 1823 7
950 3510 1
950 4250 2
950 4299 9
950 2027 3
950 1649 7
950 3870 9
984 2932 4
984 5144 8
984 3269 7
989 1920 9
989 3008 2
989 3068 4
989 1308 2
989 3900 4
989 4299 9
989 2027 5
994 4653 8
994 3113 9
999 3117 3
999 3696 8
999 1965 10
999 1122 5
999 5730 2
999 1025 1
999 2736 5
999 1690 8
999 4183 6
1002 1413 5
1009 4541 7
1009 4739 3
1009 3283 6
1009 1226 1
1009 3126 10
1009 2175 6
1009 4855 6
1009 5719 10
1009 2381 4
1009 2842 7
1009 5474 6
1009 1890 2
1009 4487 1
1009 2798 7
1009 3027 1
1009 4593 10
1009 2469 2
1009 5825 6
1009 4100 8
1009 1698 8
1009 2396 9
1009 4144 8
1009 1778 10
1009 1748 6
1009 2326 6
1009 1978 1
1009 4520 2
1014 1746 10
1014 4356 8
1014 1553 8
1014 2186 10
1014 5606 1
1014 2203 7
1014 2841 9
1014 4820 2
1014 5539 7
1014 3977 6
1014 4096 3
1014 2993 7
1014 5011 9
1025 4413 8
1025 541 10
1025 4500 2
1025 1785 9
1025 3506 8
1025 3866 1
1025 5554 5
1025 1245 9
1025 5557 9
1025 3080 8
1025 3696 7
1025 2726 9
1025 3853 3
1025 5678 3
1025 2736 10
1025 4815 3
1025 4217 10
1025 3226 10
1025 3955 7
1025 2034 4
1025 4796 6
1025 3957 9
1025 5168 10
1025 4005 3
1025 1215 4
1025 5479 3
1025 3117 1
1025 3367 3
1025 5388 1
1025 4156 5
1025 3321 3
1025 3099 9
1025 1965 5
1025 5420 4
1025 1540 9
1025 2072 1
1025 4314 6
1025 4759 2
1025 4205 10
1032 1506 5
1059 3356 6
1059 3321 10
1059 2202 5
1059 3452 5
1059 4337 7
1059 1785 2
1059 3957 1
1059 5188 10
1059 2168 3
1059 5545 5
1059 4642 2
1059 5533 5
1059 3611 10
1059 3671 5
1059 5108 2
1059 1511 5
1059 2522 6
1061 541 7
1067 5420 8
3403 2202 9
3403 4439 10
3403 5188 9
3403 3185 8
3403 5545 3
3403 2072 5
3403 3611 6
3403 4874 1
3403 2425 7
3403 4525 1
3403 3671 10
1089 3575 6
1089 4977 8
1089 3908 3
1089 5699 6
1089 4453 9
1089 4769 9
1109 3608 3
1109 4356 1
1109 5144 8
1109 3269 7
1109 4096 8
1112 3329 9
1112 541 7
1112 3009 10
1112 5554 7
1112 3211 4
1112 1215 6
1112 5055 10
1112 3696 2
1112 4156 8
1112 3506 8
1112 1122 7
1112 4217 2
1112 3955 3
1112 2034 5
1112 4721 7
1112 3367 2
1112 5387 3
1112 3603 5
1112 5729 7
1112 3609 9
1112 2209 6
1112 3099 7
1112 1965 4
1112 5420 1
1112 4496 8
1112 2736 4
1112 4759 1
1112 4205 4
1115 1904 6
1120 4045 4
1120 1920 6
1120 3008 4
1120 1149 9
1122 1403 5
1122 3962 3
1122 3080 6
1122 4183 10
1122 4741 7
1122 2202 7
1122 3696 8
1122 2726 3
1122 1690 9
1122 955 7
1122 1822 2
1122 1785 8
1122 4815 5
1122 1511 6
1122 2612 4
1122 4323 9
1122 2118 8
1122 3367 4
1122 4883 2
1122 1436 9
1122 3609 5
1122 1465 3
1122 1965 5
1122 1396 3
1122 4796 1
1122 3866 7
1122 4759 8
1122 4205 4
1129 4413 8
1129 1385 4
1129 5471 5
1129 1965 2
1129 3317 10
1129 2448 4
1129 1215 9
1129 1822 8
1129 2565 4
1129 1618 7
1129 3779 1
1129 3550 2
1129 5729 5
1137 5355 5
1145 5357 9
1145 541 5
1145 3305 1
1145 3009 8
1145 4789 1
1145 5554 1
1145 1590 10
1145 2880 8
1145 530 8
1145 2034 8
1145 5718 9
1145 3696 6
1145 2379 10
1145 2736 1
1145 1571 1
1145 3768 8
1145 2612 9
1145 4193 4
1145 3226 6
1145 3955 8
1145 1983 5
1145 3367 2
1145 2634 3
1145 1215 7
1145 5479 1
1145 4883 10
1145 3094 4
1145 878 7
1145 5055 1
1145 3117 5
1145 5705 10
1145 1965 6
1145 1396 5
1145 3211 6
1145 1397 9
1145 5355 8
1145 4333 1
1145 4202 3
1145 2072 7
1145 4759 8
1149 1920 8
1149 3008 9
1149 5120 1
1149 1286 8
1149 4068 6
1149 3653 9
1149 4647 7
1149 1848 9
1150 1506 5
1150 5719 6
1150 1778 4
1150 4100 4
1150 2326 2
1150 2695 10
1169 2687 8
1169 3068 7
1169 3008 2
1169 2163 1
1169 3638 4
1169 4299 1
1169 3236 1
1184 2880 3
1189 1920 10
1189 3008 1
1189 5078 7
1189 3638 9
1189 2027 1
1189 1649 9
1189 3236 10
1192 4960 9
1199 4193 10
1215 4796 3
1215 2104 3
1215 5357 7
1215 3009 5
1215 2948 6
1215 3211 5
1215 3696 1
1215 1385 9
1215 1450 1
1215 3603 10
1215 2880 1
1215 3080 5
1215 4183 8
1215 5163 5
1215 2559 10
1215 541 10
1215 1904 9
1215 3506 4
1215 5678 9
1215 3609 7
1215 3699 6
1215 2072 2
1215 4815 5
1215 1540 2
1215 2565 6
1215 3768 6
1215 1511 10
1215 4217 3
1215 3226 9
1215 1995 2
1215 2034 4
1215 3315 9
1215 3955 8
1215 2634 8
1215 2339 8
1215 5168 4
1215 4005 10
1215 3367 8
1215 5479 1
1215 4883 3
1215 3094 1
1215 5321 4
1215 1436 7
1215 4967 2
1215 5055 4
1215 1690 5
1215 5086 4
1215 5388 4
1215 5729 1
1215 4500 10
1215 4156 3
1215 3117 3
1215 2209 1
1215 3099 5
1215 1965 1
1215 1396 1
1215 5420 5
1215 2942 9
1215 2612 4
1215 3329 5
1215 2736 3
1215 1871 8
1215 4721 4
1215 4759 3
1215 5557 7
1215 3866 3
1215 4205 8
1221 1965 7
1226 4739 6
1226 3027 7
1226 4144 6
1226 2396 6
1226 2381 1
1226 2842 5
1226 2469 6
1226 1978 9
3192 5430 10
1238 3356 9
1238 5108 5
1238 3644 1
1238 3611 3
1238 2209 3
1238 3853 8
1238 5188 2
1238 2202 1
1238 3603 10
1238 4314 10
1238 4754 7
1238 3185 6
1240 3008 6
1245 5019 3
1245 1965 5
1245 5188 4
1245 2168 8
1245 4201 8
1245 4575 2
1245 1761 9
1245 4759 1
1250 5705 2
1250 1983 7
1250 3229 8
1250 3305 6
1250 4789 6
1250 3315 3
1250 1397 2
1250 4333 9
1250 2035 7
1250 2736 7
1250 2379 3
1250 530 3
1250 5355 7
1250 4193 10
1263 541 4
1264 2266 3
1264 2811 2
1264 3765 9
1276 2066 7
1276 2371 7
1276 2904 4
1276 2313 8
1276 2125 9
1276 4153 7
1276 3977 6
1276 3379 2
1276 2993 2
1276 4096 4
1286 5120 4
1287 2238 3
1287 3008 2
1287 2705 8
1295 3008 10
1296 1956 9
1308 4299 1
1308 3623 7
1308 3008 10
1308 3068 10
1311 4453 10
1311 3575 6
1311 2360 1
1317 3008 4
1326 3008 1
1328 4413 1
1328 4796 5
1328 5471 3
1328 3317 7
1328 2448 9
1328 3699 10
1328 2948 6
1328 2565 5
1328 1618 3
1328 5729 10
2339 4323 7
2339 5430 7
2339 3211 3
2339 5554 8
2339 5479 3
2339 2948 2
2339 2736 5
2339 2930 2
2339 5387 5
2339 5420 10
2339 3367 3
2339 2612 10
2339 4183 3
2339 3696 8
1336 4714 5
1336 4898 6
1336 3443 7
1336 3030 8
1340 541 1
2560 5729 7
1372 541 4
4201 2168 9
4201 5361 4
4201 3853 6
4201 2415 1
4201 2522 1
4201 4395 8
4201 3979 10
4201 3944 9
4201 3957 10
4201 4645 5
4201 3603 2
4201 4754 3
4201 4405 9
4201 3321 6
4201 2209 2
4201 5324 10
4201 2072 10
4201 4079 3
4201 5904 1
4201 4314 8
1380 3008 2
1382 5379 3
1382 5261 7
1382 3008 5
1382 1826 1
1382 3638 1
1382 3286 7
1382 2027 2
1382 5034 4
1382 3870 3
1382 3236 5
1385 5163 8
1385 1983 8
1385 5471 4
1385 3317 8
1385 1822 1
1385 2448 3
1385 2736 7
1385 5554 9
1385 2565 6
1385 5729 5
1390 2209 9
1395 5357 5
1395 1965 5
1395 4632 7
1395 2448 1
1395 2072 4
1395 1822 5
1395 4759 9
1395 3696 10
1396 4323 8
1396 2276 1
1396 3367 10
1396 5357 6
1396 1965 7
1396 4496 5
1396 2612 4
1396 3211 3
1396 2736 5
1396 3696 10
1396 1995 6
1396 2942 8
1396 4183 1
1396 5272 5
1397 3305 5
1397 3009 8
1397 4789 4
1397 3094 3
1397 1590 9
1397 530 8
1397 1983 4
1397 5718 6
1397 1998 4
1397 2736 5
1397 1571 10
1397 3768 4
1397 1770 5
1397 4193 2
1397 2034 5
1397 3229 2
1397 3315 3
1397 2634 2
1397 5479 1
1397 4883 8
1397 5321 10
1397 878 5
1397 5055 8
1397 5086 2
1397 3995 5
1397 3117 3
1397 5705 3
1397 3211 10
1397 5355 3
1397 4333 7
1397 2141 3
1397 5684 4
1397 4228 1
1397 4759 3
1403 1982 6
1403 3696 1
1403 1785 7
1403 4496 10
1403 1690 3
1413 3251 3
1413 3146 8
1413 5699 4
1413 3544 2
1413 3908 8
1415 3959 7
1415 1718 9
2209 5357 5
2209 3853 5
2209 4645 4
2209 3955 10
2209 5557 3
2209 2880 10
2209 4183 3
2209 3696 6
2209 1964 8
2209 3506 6
2209 2415 3
2209 4549 6
2209 2612 2
2209 4642 7
2209 5188 8
2209 4005 7
2209 5479 3
2209 3094 7
2209 5321 5
2209 4754 6
2209 4156 5
2209 4519 4
2209 1965 3
2209 3211 7
2209 4217 9
2209 5904 2
2209 3609 8
2209 4205 6
1419 5848 4
1429 541 7
2933 3356 6
2933 3644 5
2933 2202 4
2933 3452 10
2933 1785 2
2933 3957 8
2933 2168 6
2933 2522 2
2933 5545 4
2933 5533 10
2933 3611 10
2933 3671 9
2933 5108 5
2933 3185 4
2933 4205 7
1447 5825 1
1450 3955 8
1450 3611 7
1450 3367 1
1450 2559 6
1450 1965 7
1450 4796 6
1450 3211 10
1450 2612 10
1450 2736 3
1450 1862 6
1450 3696 4
1450 4759 3
1450 4217 10
1450 5729 10
1454 2911 10
1456 541 10
1460 3008 4
1465 4496 7
1466 5355 5
1474 4356 1
1485 3766 1
1506 5800 2
1506 1928 4
1507 3068 10
1507 5670 8
1507 3008 9
1507 1836 6
1507 3113 3
1507 4299 8
1507 2027 6
1507 3870 3
1511 4217 8
1511 3611 7
1511 5357 9
1511 1785 3
1511 5675 6
1511 5557 1
1511 2880 7
1511 3644 6
1511 3080 3
1511 3696 10
1511 1690 3
1511 5678 6
1511 4815 9
1511 5533 9
1511 2612 4
1511 2034 10
1511 3094 6
1511 1436 1
1511 5055 4
1511 2522 8
1511 5388 2
1511 1965 9
1511 2168 7
1511 4496 2
1511 1540 5
1511 4759 1
1511 4205 9
1514 5169 7
1514 1543 8
1514 2816 4
253 5729 6
1531 2273 8
1531 5848 2
1531 2396 1
1531 1698 9
1540 2104 3
1540 5357 8
1540 1761 6
1540 1904 1
1540 2559 1
1540 2726 9
1540 5678 1
1540 2612 6
1540 4796 7
1540 3367 4
1540 2948 1
1540 5055 4
1540 5086 3
1540 3321 8
1540 1965 7
1540 3211 5
1540 2072 5
1540 4205 3
1543 2203 1
1543 2371 9
1543 5268 9
1543 2859 4
1543 3517 4
1543 2796 3
1200 5020 3
1200 3977 9
1553 1575 4
1553 3977 4
1560 2040 1
1560 2037 8
1560 1920 9
1560 3008 7
1571 1971 9
1571 3305 9
1571 4789 1
1571 1590 6
1571 2880 3
1571 4183 2
1571 5718 8
1571 3679 2
1571 2379 4
1571 2736 3
1571 3768 9
1571 2612 6
1571 4193 8
1571 3226 8
1571 3955 1
1571 1983 6
1571 3229 5
1571 2634 1
1571 5684 2
1571 3094 10
1571 5321 10
1571 1938 10
1571 878 3
1571 5055 2
1571 5086 1
1571 3117 2
1571 5705 7
1571 1965 3
1571 3211 6
1571 5355 7
1571 4333 4
1571 2925 4
1571 530 5
1571 4759 7
1573 3356 3
1573 4642 2
1573 3611 9
1573 3329 8
1573 3644 7
1573 3957 1
1573 3506 6
1573 2168 1
1573 2522 3
1573 5545 5
1573 3671 2
1573 5108 6
1573 3185 7
1573 3321 1
1575 4648 10
1575 1746 4
1575 2371 3
1575 1614 5
1575 2491 1
1575 2288 5
1575 2932 6
1575 5379 9
1575 3269 8
1575 4096 5
1582 3356 4
1582 3321 9
1582 3644 5
1582 2168 5
1582 5545 6
1582 5108 10
1582 2522 2
1590 1971 6
1590 4789 4
1590 5718 5
1590 3995 1
1590 2379 7
1590 4583 8
1590 2911 8
1590 3768 10
1590 2612 3
1590 4193 7
1590 1983 3
1590 3229 6
1590 2035 1
1590 530 4
1590 3094 9
1590 5321 9
1590 1938 2
1590 878 5
1590 5055 3
1590 1770 5
1590 5705 5
1590 3182 10
1590 1965 9
1590 5355 2
1590 4333 8
1590 2141 1
1590 2925 1
1590 5684 8
1590 4228 3
1590 4759 9
1614 3255 7
1614 5065 1
1614 4096 4
1618 4413 7
1618 3779 8
1618 3018 2
1618 3200 9
1618 4632 5
1618 3317 6
1618 2448 3
1618 3699 8
1618 2565 7
1618 4128 8
1618 3531 5
1618 3279 8
1618 2010 4
1618 3550 9
1618 5729 5
1619 368 5
1619 2291 6
1619 3008 2
1635 3008 2
1649 1920 7
1649 3008 3
1649 3638 9
1649 3068 10
1649 3463 7
1649 5350 7
1649 4299 9
1649 2027 6
1649 3870 9
1649 3236 10
1655 5268 2
1667 4137 7
1667 3653 5
1667 1920 4
1667 3008 7
1690 541 6
1690 1785 3
1690 4183 6
1690 3696 2
1690 2817 1
1690 4796 7
1690 4815 9
1690 1982 8
1690 955 9
1690 4883 7
1690 1436 5
1690 5729 2
1690 5705 9
1690 3099 3
1690 1965 6
1690 3211 3
1690 4496 5
1690 2736 7
1690 1394 4
1690 4205 2
1705 3728 9
1705 4750 2
1705 5652 9
1707 2911 5
1718 1836 7
1718 5120 6
1718 3291 9
1718 2192 3
293 2733 9
1746 2932 6
1746 2371 8
1746 5144 2
1746 4960 7
1746 3269 6
1748 3027 8
1748 5825 9
1748 5474 7
1748 2326 4
1748 2469 4
1748 2175 7
1761 3356 8
1761 3321 7
1761 3611 9
1761 2104 2
1761 5188 6
1761 2168 7
1761 2522 6
1761 5545 4
1761 5533 1
1761 3671 8
1761 5108 9
1761 3185 4
1762 5138 8
1762 3765 9
1769 4714 5
1769 3030 5
1769 1820 3
1769 4898 5
1769 3443 5
1769 5549 7
1770 4789 4
1770 1983 5
1770 2379 6
1770 2911 8
1770 3768 2
1770 2034 2
1770 3229 5
1770 2634 3
1770 530 2
1770 1938 8
1770 878 7
1770 5705 6
1770 3182 9
1770 5355 1
1770 4333 2
1770 2925 9
1770 2736 3
1770 4228 1
1778 4541 3
1778 4739 2
1778 3283 10
1778 5789 6
1778 1698 9
1778 2175 4
1778 2842 5
1778 3618 8
1778 5719 9
1778 3924 8
1778 4487 9
1778 2798 2
1778 3027 9
1778 2469 6
1778 4100 5
1778 5825 9
1778 4144 5
1778 2372 10
1778 5324 2
1778 2326 8
1785 2046 7
1785 3080 7
1785 2202 2
1785 3696 1
1785 2726 9
1785 4323 4
1785 2034 10
1785 3603 1
1785 5108 1
1785 3117 3
1785 1965 1
1785 5420 7
1785 4496 8
1785 4519 10
1785 2072 8
1785 4205 8
1802 4898 8
1802 2423 3
1802 3030 4
5231 1872 4
5231 2497 9
5231 2705 9
1820 2207 5
1820 4714 10
1820 3443 5
1820 3655 6
1820 4898 6
1820 4567 5
1820 2295 10
1820 3030 6
1820 4899 4
1820 5549 9
1820 5389 9
1822 5163 7
1822 4413 3
1822 3611 9
1822 3531 2
1822 3317 2
1822 2448 4
1822 1374 10
1822 3849 9
1822 4672 1
1822 2511 3
1822 4496 4
1822 4951 9
1822 5729 8
1823 3068 6
1823 3008 6
1823 4173 7
1823 3638 10
1823 4299 5
1823 3236 4
1826 3653 8
1826 3008 5
1836 1920 6
1836 3008 10
1836 2705 10
1836 4299 3
1836 2027 3
1836 5379 4
1836 4395 8
1836 3188 9
1836 5890 6
1836 4750 6
1836 2612 10
1836 3236 10
1836 4640 9
1836 2594 4
1836 3295 7
1836 5350 8
1836 2069 1
1836 3068 9
1836 5705 2
1836 2429 3
1836 3638 9
1836 2101 8
1848 3068 10
1848 4762 8
1848 3008 8
1848 2093 7
1848 4299 5
1848 5890 9
1848 2225 4
1850 2932 1
1862 3955 6
1862 1965 9
1862 5502 9
1862 2612 2
1871 2485 3
1871 5134 3
1871 4205 1
1872 763 2
1872 5120 2
1872 3008 7
1890 4739 10
1890 3027 5
1890 2396 4
1890 2469 3
1890 2842 8
1890 5825 5
1890 1978 7
1896 3008 9
1898 3008 3
1904 5357 1
1904 3094 10
1904 5675 1
1904 2880 8
1904 4205 3
2291 3008 10
2291 1320 7
2291 3419 10
2291 5708 2
2291 368 3
1907 5604 2
1909 5729 8
4647 3510 3
4647 5353 3
4647 3008 9
1924 5670 9
1924 3008 7
1924 2440 3
1924 5120 6
1924 5708 3
1924 3638 7
1924 5840 4
1924 5350 6
1924 3870 5
1924 3236 2
1938 1971 2
1938 4789 3
1938 2937 3
1938 2379 7
1938 3621 3
1938 3679 2
1938 4193 7
1938 2298 10
1938 3315 7
1938 5718 6
1938 2141 2
1938 530 6
1938 5321 6
1938 5705 9
1938 3182 8
1938 4883 6
1938 3637 3
1938 5355 2
1938 4333 9
1938 4202 5
1938 5684 6
1938 4759 7
1956 4714 4
1956 5654 7
1956 3443 3
1965 5357 3
1965 2948 8
1965 2880 5
1965 4183 10
1965 3305 7
1965 2513 3
1965 2612 5
1965 4467 1
1965 2034 3
1965 3531 2
1965 4005 6
1965 3367 1
1965 3094 4
1965 4754 7
1965 5086 6
1965 5729 10
1965 3099 8
1965 5730 9
1965 2733 4
1965 4759 8
1965 4205 3
1965 3009 2
1965 5737 10
1965 5554 8
1965 2817 2
1965 2118 4
1965 4395 6
1965 4217 10
1965 2634 8
1965 2639 2
1965 5387 6
1965 5388 8
1965 3117 7
1965 5479 3
1965 3211 8
1965 4496 2
1965 2736 3
1965 4413 9
1965 4500 10
1965 4789 7
1965 3849 7
1965 2868 9
1965 2565 2
1965 2942 2
1965 3226 8
1965 4323 2
1965 1995 5
1965 3229 1
1965 3315 4
1965 3576 8
1965 3957 1
1965 4883 10
1965 5321 7
1965 4967 6
1965 5055 9
1965 4519 2
1965 3866 6
1965 5420 2
1965 3329 1
1965 541 3
1965 5557 9
1965 3955 10
1965 5163 2
1965 3696 10
1965 4796 7
1965 3506 9
1965 3699 4
1965 1003 10
1965 2072 8
1965 4815 1
1965 4721 10
1965 4900 9
1965 4175 10
1965 5168 6
1965 5800 5
1965 3603 6
1965 4156 8
1965 3321 5
1965 5705 8
1965 5355 10
1965 4079 3
1965 3609 2
1971 4789 1
1971 5718 1
1971 2379 7
1971 2141 9
1971 4193 7
1971 3229 1
1971 2634 9
1971 530 10
1971 878 9
1971 5705 5
1971 3182 8
1971 3211 8
1971 5355 10
1971 4333 9
1971 4202 1
1971 2925 6
1971 2736 6
1978 2798 4
1978 4739 5
1978 3027 3
1978 4144 7
1978 2842 1
1978 5474 1
1978 4100 9
1978 2175 6
1978 2469 9
1978 4487 5
1982 5705 10
1982 3229 6
1982 955 10
1982 5355 7
1982 4333 10
1982 1394 6
1982 878 3
1983 4789 6
1983 4541 7
1983 5718 4
1983 3995 9
1983 2379 9
1983 2141 4
1983 2736 3
1983 3768 4
1983 2612 1
1983 4193 5
1983 2034 10
1983 3229 9
1983 2634 9
1983 5479 4
1983 5684 3
1983 878 10
1983 5055 4
1983 3117 7
1983 5705 6
1983 2035 4
1983 3182 6
1983 4883 5
1983 5355 1
1983 4333 9
1983 4202 10
1983 2925 3
1983 530 6
1983 4228 3
1983 4759 7
1995 3211 9
1995 5554 7
1995 3367 2
1995 3226 9
1995 5675 1
1995 4759 1
1995 4183 4
1995 5729 4
1998 4583 8
1998 4789 4
1998 4333 8
1998 5479 1
1998 2736 5
1998 3768 4
1998 878 7
1998 5355 3
1998 2612 7
2010 3699 10
2010 5471 1
2013 541 1
2019 5261 2
2019 3295 10
2019 3008 10
2027 3075 10
2027 1920 5
2027 4762 9
2027 3008 6
2027 3419 10
2027 3589 8
2027 2129 8
2027 4299 1
2027 5379 4
2027 2994 9
2027 3998 10
2027 5120 7
2027 5509 10
2027 3900 3
2027 3291 4
2027 5222 6
2027 3155 10
2027 3236 5
2027 2163 1
2027 5078 3
2027 569 2
2027 3068 8
2027 2040 2
2027 3600 2
2027 4457 4
2027 4534 2
2027 4380 1
2027 3638 1
2027 5846 6
2027 3870 2
2027 5840 4
2031 3008 10
2034 3329 3
2034 541 8
2034 2948 5
2034 5557 7
2034 4183 9
2034 5357 4
2034 3367 1
2034 3305 8
2034 3506 7
2034 5678 4
2034 3609 3
2034 2072 2
2034 4815 7
2034 2565 4
2034 3768 4
2034 4789 4
2034 4193 7
2034 3226 5
2034 3955 6
2034 4900 7
2034 2634 1
2034 4005 2
2034 5479 10
2034 4883 2
2034 3094 9
2034 5321 8
2034 3696 5
2034 5055 3
2034 5729 3
2034 3117 2
2034 5705 9
2034 3211 1
2034 2612 1
2034 2736 4
2034 4759 9
2035 3305 1
2035 4333 10
2037 5078 3
2037 3008 10
2040 5670 3
2040 3008 9
2040 3102 2
2040 3870 6
2054 4144 4
2054 4739 3
2054 3027 9
2054 3924 6
2054 3283 3
2054 2469 3
2054 5324 5
2054 1698 2
2054 2798 10
2054 4855 6
2054 5789 10
2054 5825 5
2059 2904 3
2060 541 9
2066 2904 6
2066 2472 5
2066 4153 5
2066 3379 4
2066 2125 4
2067 4730 3
2069 5012 1
2069 3008 4
2072 3329 3
2072 3506 9
2072 3944 8
2072 5420 9
2072 4183 10
2072 3696 6
2072 3853 6
2072 4815 4
2072 2612 6
2072 3226 1
2072 3955 10
2072 2118 10
2072 3367 10
2072 3609 9
2072 3957 6
2072 3603 9
2072 5055 10
2072 5729 2
2072 3321 9
2072 3452 9
2072 3099 5
2072 5240 4
2072 3211 6
2072 4217 1
2072 4519 9
2072 4314 7
2072 4759 2
2081 3008 10
2081 3113 5
2093 2440 10
2093 3008 1
2094 2371 3
2097 4967 10
2100 2238 9
2101 3811 8
2104 3609 2
2104 3696 10
2104 4337 4
2104 4519 4
2104 4156 8
2104 3367 4
2104 2726 10
2104 2736 5
2104 5533 1
2104 2425 5
2104 4205 4
2104 3329 4
2111 2911 8
2113 3696 9
2113 2448 2
2113 3550 4
2118 3696 2
2118 4796 2
2118 4496 1
2118 3609 3
2125 2371 3
2125 2904 4
2125 2472 10
2125 3379 6
2125 3977 9
2129 4101 7
2129 3008 2
2129 5708 7
2141 3305 5
2141 4789 1
2141 5718 2
2141 3995 8
2141 2379 10
2141 3768 5
2141 4193 3
2141 3229 10
2141 2634 6
2141 530 10
2141 878 1
2141 5705 10
2141 3211 2
2141 5355 4
2141 4333 9
2141 2925 3
2141 2736 2
2156 4299 8
2156 3068 4
2156 5120 6
2160 541 2
2163 3068 1
2163 3008 10
2163 5353 2
2163 3510 10
2163 4299 8
2163 3870 6
2168 3611 2
2168 4439 4
2168 5545 10
2168 3644 5
2168 3356 6
2168 2425 8
2168 2202 7
2168 5533 3
2168 5188 10
2168 5019 4
2168 5108 2
2168 3321 1
2168 5240 7
2168 2673 5
2168 3185 7
2175 4739 9
2175 3283 9
2175 5789 3
2175 1698 9
2175 5719 9
2175 3924 2
2175 2842 6
2175 4487 2
2175 2798 2
2175 3027 6
2175 2469 7
2175 4100 8
2175 4144 2
2175 2372 10
2175 2326 1
2175 4520 4
2179 3068 7
2179 5593 7
2179 2440 10
2179 3638 9
2179 4299 3
2179 3236 1
2186 4648 2
2186 4793 10
2202 3611 2
2202 4337 9
2202 4439 3
2202 3965 9
2202 5545 4
2202 3671 6
2202 3644 7
2202 3080 9
2202 3356 7
2202 2425 3
2202 3853 4
2202 5533 4
2202 4642 8
2202 3957 9
2202 5188 6
2202 3321 1
2202 5108 10
2202 2522 1
2202 3452 10
2202 5240 2
2202 4496 7
2202 5904 9
2202 2673 10
2202 4314 8
2202 3185 5
2203 2215 10
2203 2932 10
2203 5144 6
2203 3909 10
2203 3269 3
2203 4792 5
2207 5549 1
2208 5654 1
2208 3616 10
5324 4487 2
5324 5719 3
5324 4144 8
5324 3853 1
5324 5789 1
5324 5825 4
5324 2842 3
5324 4645 7
5324 2798 3
5324 1698 2
5324 2326 4
5324 3979 6
5324 5904 1
5324 4100 10
5324 4314 1
5324 4754 9
2211 3379 2
2211 4111 8
2211 4709 1
2211 4096 10
2215 4356 4
2215 3565 2
2215 4239 5
2215 3379 10
2215 4096 4
2217 541 5
2225 5261 1
2225 3008 7
2225 4282 9
2225 5210 1
2225 2272 9
2225 5120 8
2225 5632 8
2225 3149 3
2225 5622 3
2225 4083 7
3356 3611 10
3356 4337 1
3356 5545 2
3356 3671 4
3356 3644 4
3356 2425 6
3356 5533 4
3356 3957 9
3356 5188 3
3356 5019 8
3356 5108 8
3356 2522 3
3356 3321 3
3356 3452 8
3356 5240 8
3356 2673 2
3356 3185 1
2253 3269 9
2253 5144 9
2266 2811 9
2272 5708 8
2272 3008 7
2273 2798 9
2273 4593 8
2273 2842 6
2273 2326 3
2276 2612 6
2276 2942 8
2295 4714 1
2295 3443 9
2295 5549 4
2297 2565 2
3367 5357 4
3367 3009 3
3367 3572 8
3367 2948 5
3367 5678 3
3367 3603 4
3367 2880 9
3367 4183 5
3367 2559 8
3367 3696 2
3367 2817 10
3367 4500 4
3367 3506 5
3367 4815 3
3367 5729 10
3367 4217 7
3367 3226 9
3367 3955 4
3367 4721 9
3367 4900 10
3367 3329 6
3367 4005 9
3367 5479 4
3367 4883 5
3367 3094 3
3367 5321 3
3367 1436 4
3367 5055 8
3367 5086 4
3367 4156 9
3367 3609 3
3367 5420 6
3367 4496 1
3367 2612 8
3367 3211 8
3367 2736 6
3367 4796 5
3367 4759 4
3367 5557 10
3367 3866 10
2096 2735 1
2096 5699 2
2096 4453 3
2326 4541 4
2326 4739 5
2326 3283 6
2326 5789 3
2326 1698 10
2326 3924 9
2326 2842 2
2326 2798 9
2326 4593 8
2326 2469 1
2326 5825 6
2326 4100 8
2326 5848 6
2326 2396 5
2326 4144 10
2326 2372 8
2334 4079 6
2360 5699 9
2360 3575 1
2371 3457 1
2371 2491 2
2371 2816 5
2371 2841 9
2371 2993 1
2371 5144 1
2371 5025 3
2371 5169 3
2371 4622 2
2371 3269 6
2371 3756 7
2371 3757 5
2371 4484 1
2371 3517 6
2371 3779 6
2372 4541 7
2372 3027 3
2372 2842 2
2372 5825 9
2372 2396 9
2379 5357 4
2379 3305 1
2379 3009 7
2379 4789 1
2379 5718 4
2379 3768 2
2379 2612 4
2379 4193 5
2379 3229 10
2379 2634 2
2379 530 6
2379 878 6
2379 5705 3
2379 3211 7
2379 5355 3
2379 4333 6
2379 4202 10
2379 2925 9
2379 2736 7
2381 3027 10
2381 2469 7
2386 2911 6
2395 3027 2
2395 3283 7
2395 4593 7
2395 2469 1
2396 4739 5
2396 5789 1
2396 1698 3
2396 5719 8
2396 3924 7
2396 2842 7
2396 4487 4
2396 2798 2
2396 3027 4
2396 4593 1
2396 2469 7
2396 5825 8
2396 3601 4
2396 4100 8
2396 4144 4
2399 2553 7
2415 3979 3
2415 3853 7
2415 4645 5
2415 3603 4
2415 4314 2
2423 4898 6
2423 3030 5
2425 4156 9
2425 3644 5
2425 3965 10
2425 2522 1
2425 5545 3
2425 3321 8
2425 5533 6
2425 3611 8
2425 3671 10
2425 5108 2
2425 3185 5
2425 3452 2
2437 2522 4
3387 4314 6
2440 3008 7
2440 5120 10
2440 5078 4
2440 4748 5
2440 4624 3
2448 4413 9
2448 4632 2
2448 2877 7
2448 3962 7
2448 3849 5
2448 4128 3
2448 3550 8
2448 4741 7
2448 955 6
2448 3699 5
2448 2565 9
2448 4896 3
2448 4796 4
2448 3531 3
2448 3317 1
2448 5565 6
2448 5737 5
2448 5729 2
2448 2620 10
2448 5009 3
2448 5471 4
2448 4759 8
2448 3279 8
2450 4417 8
2460 4299 2
2460 3068 1
2460 5120 8
2460 3008 5
4193 3009 7
4193 4789 6
4193 5718 3
4193 3768 9
4193 2612 6
4193 3229 3
4193 2634 5
4193 530 8
4193 3094 8
4193 5321 7
4193 878 4
4193 5055 5
4193 5705 3
4193 3211 6
4193 3637 1
4193 5355 6
4193 4333 3
4193 2925 1
4193 2736 2
4193 4228 3
4193 4253 2
2482 3008 10
2485 4496 7
2491 4099 3
2496 3937 2
2496 4096 9
2496 4960 4
2496 4941 1
2497 763 9
2497 5120 2
2497 3008 10
2497 5858 5
2498 4714 7
2498 3443 1
2513 4815 3
2513 5388 6
2522 3611 10
2522 4439 3
2522 5545 4
2522 3644 10
2522 5533 4
2522 5188 1
2522 5019 4
2522 5108 3
2522 3321 3
2522 5240 3
2522 2673 3
2522 3185 6
2553 5652 1
2556 5261 1
2556 3008 2
2559 4500 6
2559 5357 3
2559 4721 8
2559 2817 6
2559 5420 10
2559 3955 10
2559 3609 9
2559 2612 2
2561 2816 8
2561 3977 10
2565 5357 9
2565 3094 3
2565 3849 8
2565 5557 7
2565 3550 1
2565 5163 2
2565 4156 10
2565 4796 1
2565 5678 8
2565 3699 8
2565 3779 10
2565 2612 1
2565 3226 4
2565 3531 10
2565 5168 5
2565 2948 1
2565 5055 9
2565 5729 2
2565 3609 3
2565 5420 7
2565 4217 8
2565 4632 10
2565 5471 2
2565 4759 10
2565 4205 9
2580 5144 10
2594 5120 7
2594 3291 7
2596 3008 10
2612 5357 4
2612 4967 9
2612 5272 1
2612 4754 8
2612 5729 3
2612 3099 8
2612 4759 9
2612 4205 8
2612 3009 7
2612 5554 8
2612 4217 9
2612 2634 10
2612 5387 5
2612 5388 9
2612 3117 9
2612 3211 7
2612 4496 6
2612 4500 3
2612 4789 3
2612 3768 5
2612 2942 4
2612 3226 6
2612 3955 6
2612 4796 5
2612 3957 5
2612 4883 10
2612 2948 10
2612 878 8
2612 5055 4
2612 4519 8
2612 3866 9
2612 5420 8
2612 2673 5
2612 3329 1
2612 541 7
2612 4156 7
2612 3315 2
2612 3506 1
2612 2736 5
2612 4815 4
2612 4721 6
2612 5168 1
2612 3603 5
2612 3696 8
2612 5705 10
2612 5355 8
2612 530 3
2612 4175 10
2612 3609 3
2620 5471 6
3909 2932 3
2634 3009 1
2634 4789 1
2634 4333 5
2634 5718 3
2634 3995 10
2634 5819 6
2634 3226 5
2634 3955 7
2634 3229 5
2634 4883 9
2634 5479 5
2634 5684 4
2634 3094 1
2634 5321 8
2634 878 10
2634 5055 9
2634 5086 2
2634 4253 8
2634 5705 2
2634 3182 10
2634 3211 4
2634 5355 10
2634 2925 9
2634 530 6
2634 4759 4
2639 5388 8
2673 3611 3
2673 3329 6
2673 5545 6
2673 3671 2
2673 3644 1
2673 4642 5
2673 3957 2
2673 3321 6
2673 5108 7
2673 4217 10
2673 3185 5
2687 3008 4
2705 4380 9
2705 5120 10
2705 4068 7
2726 2851 6
2726 541 7
2726 5554 1
2726 3211 8
2726 3099 10
2726 4496 4
2726 4205 6
2726 3696 1
2728 5169 3
2728 3977 2
2728 5152 3
2733 4815 6
2733 5388 2
2735 5699 8
2735 3575 4
2736 541 7
2736 3009 5
2736 4632 9
2736 2877 2
2736 3995 7
2736 5730 5
2736 4299 2
2736 5557 5
2736 2880 1
2736 4183 3
2736 4759 6
2736 5357 6
2736 2817 3
2736 4417 7
2736 3305 8
2736 3506 6
2736 4815 2
2736 4721 6
2736 3768 9
2736 4789 1
2736 3226 9
2736 3566 2
2736 3955 6
2736 3315 5
2736 3094 5
2736 4005 9
2736 5479 8
2736 3068 10
2736 2948 1
2736 5321 5
2736 878 1
2736 5055 3
2736 3696 6
2736 3117 5
2736 4156 6
2736 3211 8
2736 4333 7
2736 4883 7
2736 5471 3
2736 5272 5
2736 3866 5
2736 4217 7
2745 5355 4
2754 3727 8
2754 5708 8
2754 3168 9
2754 3821 10
2754 4101 7
2754 5379 2
2757 3977 1
2765 5848 5
2787 4137 7
2787 3008 2
2788 5355 5
2796 2816 9
2796 3517 3
4896 4413 4
4896 4796 4
4896 5737 3
4896 5471 3
4896 3317 5
4896 5729 2
2810 5020 9
2811 3765 7
2811 4395 2
2815 541 5
2816 3863 8
2816 5020 6
2816 3517 2
2816 3943 6
2816 2859 6
2816 5268 4
2816 5169 1
2816 5152 8
2816 5080 3
2816 3813 2
2817 3955 7
2817 3696 5
2817 4500 9
2817 4721 1
2817 4796 7
2817 3609 2
2822 5549 6
2841 2932 9
2841 5144 4
2841 3269 6
2841 4096 6
2842 4541 5
2842 4739 10
2842 3283 5
2842 5789 3
2842 1698 2
2842 5719 6
2842 3924 4
2842 5474 5
2842 5825 4
2842 4487 8
2842 2798 9
2842 3027 5
2842 2469 8
2842 3601 3
2842 4100 9
2842 5848 9
2842 4520 4
2845 1920 1
2845 4066 8
2845 3008 2
2845 5077 9
2850 4898 8
2850 3030 3
2850 5549 10
2859 3943 3
2859 5169 3
2868 3315 2
2868 4156 7
2868 3696 9
2877 3866 10
2877 3849 8
2880 3125 2
2880 541 8
2880 5554 8
2880 5420 5
2880 3696 4
2880 3506 10
2880 5678 1
2880 4815 6
2880 4217 4
2880 4467 4
2880 3955 4
2880 5479 4
2880 3603 7
2880 4156 4
2880 4519 9
2880 5730 10
2880 3099 10
2880 3211 6
2880 4205 6
2900 2932 8
2900 5359 10
2904 4648 2
2904 4585 1
2904 3379 3
2911 3182 6
2911 4789 9
2911 4333 8
2911 5867 10
2911 530 7
2911 3768 5
2925 4789 1
2925 5554 1
2925 5718 8
2925 3621 8
2925 3768 10
2925 3679 7
2925 3229 2
2925 3315 9
2925 5684 9
2925 5321 7
2925 878 8
2925 5705 4
2925 3182 7
2925 4883 2
2925 3637 5
2925 5355 1
2925 4333 1
2925 4202 4
2925 530 7
2925 4759 10
2930 5387 4
2932 5606 6
2932 3757 7
2932 3766 2
2932 5800 5
2932 4960 4
2932 5379 9
2932 3269 1
2942 3226 9
2942 4467 8
2942 4789 1
2942 4333 3
2942 4900 1
2942 5055 7
2942 4183 8
2942 5272 2
2948 3329 4
2948 541 9
2948 3211 9
2948 3849 5
2948 3696 9
2948 4156 7
2948 4796 7
2948 4815 3
2948 3226 5
2948 3955 2
2948 5479 2
2948 3609 10
2948 3094 4
2948 5357 4
2948 5729 5
2948 3117 7
2948 5705 6
2948 5420 5
2948 4217 10
2948 4759 7
5786 3008 8
2469 4541 3
2469 4739 2
2469 3283 10
2469 5789 4
2469 4855 5
2469 3618 9
2469 5719 1
2469 3924 10
2469 5474 6
2469 4487 1
2469 2798 7
2469 3027 1
2469 4593 9
2469 5825 10
2469 4100 2
2469 3126 9
2469 4144 2
2469 1698 7
2469 4520 6
2973 3696 9
2993 4096 2
2993 4888 9
2993 4111 8
2993 5539 8
2993 4960 7
2993 5144 8
2993 3269 7
2993 5011 6
2994 4179 10
2994 5379 1
3002 3008 7
3004 5539 2
3008 3075 9
3008 4179 1
3008 569 5
3008 4462 3
3008 3522 5
3008 3168 5
3008 4088 10
3008 4742 2
3008 3998 9
3008 3900 1
3008 4001 10
3008 3236 6
3008 3155 8
3008 5641 6
3008 3727 5
3008 3750 5
3008 4101 10
3008 4380 7
3008 4381 2
3008 3102 5
3008 4105 5
3008 3638 2
3008 5846 1
3008 5199 7
3008 5012 1
3008 4762 2
3008 3188 4
3008 5840 3
3008 4299 9
3008 763 10
3008 3645 1
3008 3016 4
3008 4457 2
3008 3291 9
3008 3653 2
3008 5210 5
3008 4493 9
3008 3029 1
3008 5814 4
3008 3296 5
3008 5034 8
3008 4312 7
3008 3209 2
3008 3463 6
3008 5488 4
3008 3477 2
3008 1920 2
3008 5670 10
3008 4365 7
3008 3945 10
3008 5047 6
3008 4137 7
3008 3485 7
3008 5723 6
3008 3133 8
3008 368 2
3008 5632 10
3008 3314 3
3008 4045 7
3008 5593 7
3008 4054 10
3008 4436 1
3008 1320 1
3008 3419 10
3008 3589 7
3008 3149 8
3008 5607 7
3008 4468 9
3008 5379 10
3008 3697 7
3008 5509 3
3008 5077 7
3008 3507 1
3008 5078 8
3008 3510 4
3008 5890 2
3008 5831 4
3008 3702 10
3008 3295 5
3008 4068 6
3008 3433 1
3008 3066 6
3008 5350 5
3008 5256 2
3008 4534 6
3008 5707 7
3008 5353 7
3008 4827 1
3008 4460 9
3008 4173 6
3008 4066 7
3008 5622 4
3008 3710 1
3009 4217 6
3009 5357 1
3009 541 4
3009 3696 4
3009 5819 2
3009 3226 9
3009 530 1
3009 3094 4
3009 5321 5
3009 878 8
3009 3117 1
3009 4789 6
3009 3211 6
3009 5355 2
3009 4202 10
3009 4883 4
3016 4299 5
3016 3068 7
3016 5670 4
3016 3295 1
3027 4541 3
3027 4739 7
3027 3283 2
3027 5789 5
3027 4855 1
3027 5719 4
3027 3924 9
3027 5474 6
3027 4487 4
3027 2798 10
3027 4593 4
3027 5825 3
3027 4100 6
3027 3126 10
3027 4144 6
3027 1698 7
3027 4520 4
3030 3201 2
3030 3443 6
3030 4714 9
3030 4899 5
3068 5670 6
3068 4762 7
3068 3419 5
3068 4299 2
3068 5379 7
3068 569 2
3068 5120 3
3068 3998 10
3068 5509 3
3068 3507 3
3068 5222 3
3068 3653 2
3068 3623 7
3068 3600 1
3068 3068 5
3068 4045 5
3068 4380 3
3068 3209 10
3068 4250 4
3068 4457 5
3068 5846 1
3068 5840 4
3074 3506 5
3075 1920 1
3079 3835 2
3080 3696 7
3080 4496 5
3080 3211 7
3080 3842 1
3080 5321 5
3080 5055 6
3080 4205 4
3094 5086 1
3094 5729 6
3094 4759 3
3094 4217 1
3094 5388 3
3094 3211 9
3094 3305 10
3094 4789 2
3094 5678 2
3094 3768 8
3094 3117 5
3094 878 5
3094 541 3
3094 3696 2
3094 4796 9
3094 3699 8
3094 4815 8
3094 3603 2
3094 4156 10
3094 5705 9
3094 5355 3
3094 3609 7
3099 5357 4
3099 4183 7
3099 4005 2
3099 4759 7
3099 4205 5
3099 5479 8
3099 3853 9
3099 5678 8
3099 3226 5
3099 3603 5
3102 3510 4
3102 3870 8
3117 5357 5
3117 4789 1
3117 3211 3
3117 4183 5
3117 3696 6
3117 3506 9
3117 4815 10
3117 3226 1
3117 3315 6
3117 5479 10
3117 4883 10
3117 5321 10
3117 5055 2
3117 5705 9
3117 4759 1
3125 4900 5
3125 4395 8
3125 5730 3
3125 4467 2
3126 4739 10
3126 4144 7
3126 5825 7
5846 4299 3
3133 3133 7
3133 5222 7
3133 4462 10
3146 3544 3
3146 3908 9
3149 5210 2
3155 5708 2
3162 5355 10
530 4789 1
530 5718 1
530 3679 10
530 3305 6
530 3621 1
530 3768 9
530 4883 6
530 878 10
530 5705 7
530 3182 2
530 3637 6
530 5355 6
530 4333 1
530 4202 5
530 5684 1
530 4228 1
3168 5708 7
3182 3229 5
3182 3211 6
3182 4333 4
3182 4228 8
3182 5705 5
3182 878 8
3182 5355 1
3182 4789 8
3185 3611 6
3185 4337 1
3185 3965 3
3185 5545 9
3185 3671 6
3185 3644 4
3185 3853 2
3185 5533 5
3185 3957 6
3185 5188 2
3185 5019 3
3185 5108 1
3185 3321 2
3185 3452 3
3185 5240 3
3185 4314 10
3200 5471 2
3200 5737 1
3200 4005 6
3200 5729 10
3201 4898 6
3209 3638 10
3209 3113 9
3209 4299 5
3209 3236 1
3210 4096 7
3211 4217 9
3211 3329 5
3211 541 6
3211 4500 7
3211 5554 4
3211 5557 3
3211 4183 8
3211 3696 4
3211 4721 5
3211 3506 1
3211 4815 3
3211 3768 4
3211 4789 4
3211 3226 6
3211 4796 6
3211 5168 3
3211 4005 3
3211 5479 2
3211 3609 10
3211 5321 5
3211 3603 6
3211 878 10
3211 5055 8
3211 5086 9
3211 4156 7
3211 5357 9
3211 5420 3
3211 4759 7
3211 4205 1
541 5357 3
541 4835 5
541 4183 7
541 4920 2
541 5718 2
541 5055 3
541 3752 3
541 4158 8
541 3506 2
541 5678 2
541 4815 5
541 3595 7
541 4789 7
541 3226 6
541 3955 10
541 5584 9
541 5560 5
541 5538 1
541 5479 2
541 4883 7
541 5396 4
541 5321 9
541 1436 6
541 5086 3
541 3609 7
541 4071 6
541 5543 4
541 4872 9
541 5615 7
541 4759 2
541 4205 4
3226 4500 6
3226 4183 1
3226 3696 9
3226 4156 9
3226 3506 4
3226 4815 3
3226 3768 3
3226 3955 3
3226 4796 5
3226 3609 2
3226 4967 1
3226 5388 7
3226 5729 1
3226 5705 9
3226 5420 4
3226 4217 9
3226 4759 1
3226 4205 6
3229 4789 7
3229 5718 9
3229 3995 9
3229 3768 3
3229 4467 5
3229 878 9
3229 5729 8
3229 5705 6
3229 5355 3
3229 4333 7
3229 4228 8
3236 4380 6
3236 5670 1
3236 569 7
3236 5078 3
3236 5353 3
3236 3811 10
3236 5708 7
3236 4282 7
3236 5199 5
3241 3977 10
3251 4259 1
3251 4769 6
3268 4967 2
3269 5606 7
3269 4301 5
3269 5359 4
3269 3766 3
3269 3707 5
3279 3550 5
3279 5471 8
3283 4541 9
3283 2798 2
3283 4739 8
3283 3924 7
3283 1698 7
3283 4100 1
3283 5825 1
3283 4487 8
3286 5708 8
3291 4640 8
3291 4173 6
3291 5379 3
1320 368 1
1320 5708 8
1920 5670 9
1920 4762 8
1920 3419 7
1920 5840 6
1920 5379 4
1920 4088 6
1920 4457 4
1920 4748 10
1920 5210 10
1920 569 9
3305 4789 6
3305 5718 4
3305 5321 8
3305 878 1
3305 5055 8
3305 5705 5
3305 5355 4
3305 4333 2
3306 4356 2
3315 3696 8
3315 4789 6
3315 4333 10
3315 5321 6
3315 878 7
3315 4183 4
3317 4413 4
3317 5737 8
3317 5554 6
3317 4128 2
3317 3550 3
3317 5163 7
3317 4741 10
3317 3699 9
3317 5471 3
3317 5565 2
3317 5729 1
3317 5705 1
3317 3779 9
3321 3611 9
3321 4337 2
3321 4439 6
3321 3671 7
3321 3644 6
3321 3401 9
3321 3506 5
3321 5678 2
3321 4815 10
3321 5533 10
3321 4642 7
3321 3957 2
3321 5188 2
3321 5108 6
3321 5240 7
3321 5545 6
3321 4217 3
3321 4079 2
3329 5557 10
3329 3401 6
3329 3644 9
3329 3696 9
3329 3506 9
3329 5678 6
3329 4323 7
3329 3955 10
3329 3957 10
3329 5479 2
3329 5086 8
3329 4217 4
3329 4079 9
3329 4759 6
3329 4205 9
4519 5545 1
4519 3603 7
4519 4759 1
4519 4183 7
4519 3696 1
3379 4356 6
3379 3565 3
3379 4998 4
3379 4709 3
3379 4111 9
3379 3673 2
3379 3675 3
3379 4239 3
3379 3977 1
3379 5389 7
3379 3757 8
3419 5120 10
3419 5708 7
3419 4001 7
3419 4299 2
3433 4827 2
3443 3655 5
3443 4898 9
3443 4567 8
3443 4899 10
3443 5549 2
3443 5389 1
3445 3589 4
3452 3957 1
3452 4439 1
3452 5188 1
3452 5545 1
3452 3611 1
3452 3671 5
3457 5606 6
3457 4485 5
3457 3757 9
3457 3977 8
3457 4096 3
3463 763 1
3463 5858 9
3506 5554 4
3506 3644 7
3506 4183 1
3506 3696 4
3506 4721 2
3506 3853 10
3506 4815 7
3506 3955 10
3506 4796 6
3506 4005 5
3506 3957 10
3506 3603 1
3506 5357 6
3506 4156 10
3506 4217 8
3506 4079 8
3506 4314 5
3506 3609 7
3507 4299 4
3507 5708 2
3510 4827 4
3510 3870 2
3517 5268 4
3517 3863 8
3531 4413 1
3531 5471 9
3531 5729 3
3539 5539 2
3544 4259 4
3544 5699 5
3544 3908 9
3550 5163 10
3550 4413 6
3550 5471 4
3550 5009 6
3550 3699 3
3550 3962 8
3550 3849 9
3550 4128 7
3550 3779 3
3550 5729 10
3566 3696 5
3575 5699 10
3575 4453 10
3589 5708 7
3600 5261 3
3600 3697 7
3600 5120 3
3600 5708 1
3600 4493 7
3600 4299 1
3601 4739 3
3601 4144 8
3601 4855 5
3603 3611 2
3603 5357 1
3603 3853 7
3603 4645 3
3603 3955 7
3603 5557 1
3603 4183 2
3603 3696 2
3603 4156 5
3603 4642 8
3603 5188 6
3603 4005 2
3603 5479 6
3603 5321 8
3603 4754 7
3603 5729 5
3603 4217 1
3603 5904 9
3603 4314 4
3603 3609 5
3603 4205 1
3609 4500 3
3609 5554 10
3609 4183 10
3609 3696 9
3609 3955 3
3609 5321 1
3609 5729 2
3609 5420 7
3609 4496 7
3609 4759 10
3611 5357 10
3611 4439 10
3611 3965 5
3611 5545 1
3611 3671 5
3611 3644 6
3611 4754 10
3611 4337 7
3611 3853 3
3611 5533 8
3611 4642 10
3611 3979 8
3611 3957 8
3611 5188 1
3611 5108 4
3611 5240 1
3611 4217 7
3611 4314 10
3908 5699 4
3908 4769 4
3618 4541 6
3618 4083 9
3621 4333 10
3621 3768 2
3621 5355 1
3621 5705 10
3623 4299 10
3637 4333 6
3638 4380 5
3638 5670 7
3638 569 5
3638 5078 2
3638 5353 3
3638 3811 2
3638 5708 3
3638 4282 8
3638 5199 10
3644 4337 5
3644 5545 1
3644 3671 2
3644 5108 6
3644 3853 10
3644 5533 1
3644 4642 6
3644 3957 3
3644 5188 1
3644 4754 8
3644 5240 6
3644 4217 7
3644 4079 4
3644 4314 2
3644 4205 7
3645 763 5
3645 5858 3
3653 4299 4
3655 4714 9
3655 5549 2
3671 4337 10
3671 4439 4
3671 5545 3
3671 5533 9
3671 4642 2
3671 3957 1
3671 5188 3
3671 5019 9
3671 5108 4
3671 5240 7
3673 3977 2
3679 5705 1
3679 5355 9
3679 878 1
3696 4323 9
3696 5357 1
3696 5554 4
3696 5730 5
3696 4183 10
3696 4741 10
3696 4156 2
3696 4721 7
3696 4815 1
3696 4217 10
3696 3955 1
3696 955 1
3696 5168 3
3696 4005 4
3696 4883 7
3696 5321 3
3696 5055 2
3696 4500 8
3696 1436 1
3696 4496 4
3696 4796 5
3696 5420 2
3696 4759 1
3696 5557 1
3696 3866 3
3697 4173 2
3697 5261 8
3699 4413 10
3699 3779 9
3699 5471 7
3699 5675 7
3699 5729 10
3706 5261 9
3707 5144 7
3707 4096 5
3727 5708 3
3728 5478 3
3728 5652 9
3757 4096 3
3766 5144 3
3766 4960 6
3768 5357 9
3768 4789 1
3768 5718 4
3768 5479 4
3768 5321 10
3768 878 6
3768 3995 7
3768 5705 5
3768 5355 2
3768 4333 4
3768 4228 2
3779 5163 2
3779 4413 8
3779 5471 3
3779 5420 5
3779 4096 9
3779 5729 3
3811 5261 10
3811 4585 8
3811 5350 3
3811 5034 3
3821 5708 10
3849 955 5
3849 4632 7
3849 5737 8
3849 4205 2
3849 5729 7
3850 3977 5
3853 3944 1
3853 5545 10
3853 4768 6
3853 5361 4
3853 4642 7
3853 3979 4
3853 3957 4
3853 5188 7
3853 4645 4
3853 4754 1
3853 4405 8
3853 4079 8
3853 5904 4
3866 4205 6
3866 5554 1
3866 4496 2
3866 5420 9
3866 4759 8
3866 5729 9
3870 4380 1
3870 5078 4
3870 4762 5
3870 5120 3
3870 3900 7
3870 4457 6
3890 4066 3
3890 5077 9
5545 4337 4
5545 4439 5
5545 3965 9
5545 5019 2
5545 5533 1
5545 4642 8
5545 3957 2
5545 5188 1
5545 5108 9
5545 4754 3
5545 5240 7
3924 2798 5
3924 5719 1
3924 4739 10
3924 4144 5
3924 1698 7
3924 4100 6
3924 5789 8
3924 5825 4
3924 4487 1
3937 4960 4
3943 5020 5
3943 5268 8
3944 5361 8
3944 3979 1
3944 4645 7
3944 5904 5
3944 4314 8
3944 4754 6
3955 4500 1
3955 5557 3
3955 5554 10
3955 4183 6
3955 4721 2
3955 4005 3
3955 5479 5
3955 5321 10
3955 5357 7
3955 5055 8
3955 5086 2
3955 5388 5
3955 4156 4
3955 5420 3
3955 4217 8
3955 4759 6
3957 4337 3
3957 4439 9
3957 3965 5
3957 5533 4
3957 4642 5
3957 5188 10
3957 5108 6
3957 5729 6
3957 5240 10
3957 4759 3
3962 4274 3
3962 955 6
3962 5471 4
3962 4496 3
3962 4815 6
3965 4642 9
3977 5020 9
3977 4730 3
3977 5396 3
3977 5666 10
3977 1394 1
3977 5598 9
3979 5361 3
3979 5188 3
3979 4645 3
3979 5904 3
3979 4314 7
3979 4754 5
3979 4405 3
3981 4356 1
3995 5705 10
3995 4583 2
3995 4333 2
3995 878 1
3995 5355 10
3995 4789 9
3998 4299 2
4001 368 6
4005 5737 8
4005 4796 5
4005 5729 8
4005 5420 1
4005 5134 2
4005 4759 4
4005 4205 10
4045 5120 1
4045 4493 10
4045 4299 3
4048 5825 10
4051 5699 8
4061 5539 5
4079 5678 2
4079 4217 6
4080 4496 1
4083 4282 8
4088 4299 7
4096 4792 4
4096 4960 3
4096 4793 10
4096 5666 10
4096 5606 5
4100 4541 6
4100 4739 10
4100 1698 2
4100 2798 6
4100 5825 10
4100 4144 8
4101 5708 2
4128 4413 2
4128 5420 10
4128 5729 10
4137 5261 6
4137 5670 2
4144 4541 10
4144 4739 5
4144 4855 4
4144 5474 1
4144 4487 1
4144 2798 6
4144 4520 7
4155 5729 8
4156 5357 8
4156 4183 5
4156 5055 10
4156 5678 2
4156 4815 10
4156 5479 9
4156 5321 10
4156 5086 3
4156 5729 3
4156 4537 8
4156 4759 9
4156 4205 2
5604 5848 5
4173 5261 3
4183 4217 9
4183 5554 6
4183 4967 6
4183 5388 7
4183 5420 10
4183 4496 9
4183 4759 2
4202 5705 3
4205 4217 1
4205 4500 5
4205 4439 10
4205 5554 1
4205 5678 6
4205 4815 6
4205 955 9
4205 5188 7
4205 5565 2
4205 4883 8
4205 1436 5
4205 5388 9
4205 5729 4
4205 4496 2
4205 5420 10
4217 4439 5
4217 5678 6
4217 4642 6
4217 5168 7
4217 5479 6
4217 5321 1
4217 5055 9
4217 5086 1
4217 5729 1
4217 4759 8
4228 5705 10
4228 4789 1
4228 4333 1
4228 878 5
4228 5355 7
4250 4299 8
4253 5388 1
4253 5355 7
4259 4769 5
4268 5848 10
4282 5509 10
4299 5670 8
4299 4762 5
4299 5379 3
4299 5120 4
4299 5509 5
4299 5222 3
4299 569 3
4299 4380 4
4299 4457 2
4299 5840 4
4301 5144 3
4314 4642 2
4314 4768 1
4314 5361 7
4314 5342 2
4314 5188 7
4314 4645 9
4314 4754 8
4314 4405 6
4323 955 8
4323 5554 7
4323 4496 6
4323 4815 1
4333 4789 8
4333 4967 7
4333 5718 4
4333 4583 7
4333 5819 1
4333 5684 10
4333 878 10
4333 5055 7
4333 5705 7
4333 5355 9
5086 4883 2
5086 5388 2
5086 5705 8
5086 5355 4
4380 5261 3
4380 5652 10
4380 4750 4
4413 955 3
4413 5471 8
4413 5565 7
4413 5737 7
4413 5729 4
4417 4937 3
4417 5708 2
4417 5890 9
4417 4946 2
4439 4642 1
4439 5108 5
4453 5699 8
4462 5222 2
4467 5420 10
4467 5730 2
4467 4967 3
4468 5708 2
4487 2798 4
4487 4739 3
4487 5825 1
4487 1698 1
4487 4855 6
4496 4796 8
4496 4741 9
4496 955 4
4496 4815 7
4496 4883 9
4496 1436 7
4496 4759 1
4498 5729 9
4500 5357 8
4500 4796 8
4500 5502 4
4500 5055 4
4501 5387 9
1698 4541 8
1698 4739 8
1698 5789 8
1698 4855 9
1698 5719 6
1698 2798 6
1698 4520 9
4520 2798 1
4520 4739 6
4520 4855 6
4520 5825 3
4541 4739 2
4541 4855 5
4541 5474 3
4541 4593 7
4541 5825 2
3522 5632 2
3522 5708 8
4567 4714 6
4567 5549 7
4583 5705 4
4583 4789 8
4583 4759 4
368 5708 6
4593 4739 3
4593 5474 1
4593 5825 6
4593 5848 3
763 4827 6
763 5858 7
4632 5471 2
4632 5729 2
4640 5120 5
4642 5108 8
4642 5188 2
4642 4754 4
4642 5240 6
4645 5361 5
4645 5904 1
4645 4754 8
4704 5765 6
4714 4898 4
4714 4899 2
4714 5549 9
4714 5389 7
4721 4815 3
4721 4759 7
4739 5789 8
4739 4855 9
4739 5719 8
4739 5474 4
4739 2798 6
4741 955 8
4741 5471 6
4741 5430 5
4741 5554 5
4741 5420 5
4741 5729 6
4750 5652 3
4754 5188 4
4754 5904 6
4759 5357 10
4759 5554 3
4759 4789 10
4759 4796 4
4759 5479 8
4759 4883 1
4759 5321 8
4759 878 2
4759 5055 6
4759 5388 5
4759 5729 10
4759 5705 5
4759 5355 9
4759 5420 5
4761 5355 3
4762 5379 9
4768 5904 7
4769 5699 7
4789 4967 1
4789 5718 10
4789 5819 5
4789 5479 4
4789 4883 10
4789 5321 9
4789 878 8
4789 5055 1
4789 5705 8
4789 5355 3
4789 5684 1
4793 5268 3
4796 5357 1
4796 5737 5
4796 5471 10
4796 4883 5
4796 5321 9
4796 5729 3
4796 5420 10
4815 5675 2
4815 4883 1
4815 5357 2
4815 5388 4
4815 5430 7
4827 5353 10
4855 2798 6
4883 5055 9
4883 878 10
4883 5729 8
4883 5705 3
4883 5355 10
4888 5765 7
4888 4960 2
2798 5789 9
2798 5719 4
2798 5825 3
2798 5848 8
4898 4899 7
4900 5554 5
4900 4967 2
4900 5388 5
4960 5765 8
4967 5272 5
4967 5055 1
4967 5906 8
4977 5699 2
5005 5699 4
5009 5471 7
5009 5729 4
5012 5708 2
5019 5108 4
5020 5169 3
5020 5080 2
5047 5708 10
5055 878 2
5055 5388 10
5055 5729 6
5055 5705 9
5066 5144 4
5077 5120 10
5091 5800 8
5108 5533 3
5108 5188 4
5108 5240 2
5120 5379 9
5144 5606 6
5152 5268 9
5152 5169 10
5168 5420 2
5168 5729 10
5169 5268 6
5188 5533 10
5210 5261 2
5240 5533 6
5261 5708 2
5263 5729 1
5308 5729 5
5312 5729 1
5321 878 1
5321 5388 5
5321 5355 1
5321 5705 6
5350 5708 9
5355 5574 3
5355 5763 9
5355 5718 3
5355 5819 1
5355 5479 4
5355 5684 7
5355 878 3
5355 5705 10
5357 5678 5
5357 5471 4
5357 5388 7
5357 5729 9
5357 5420 9
878 5718 8
878 5479 7
878 5684 2
878 5705 6
5361 5904 7
5379 4457 7
5379 5708 10
5379 5699 2
5379 5840 6
5379 569 8
5388 5800 5
5389 5549 2
5420 5760 4
5420 5557 9
5420 5479 9
5420 5729 2
5430 5675 10
5449 5502 10
5471 5737 8
5471 5729 9
5472 5699 4
5474 5825 4
5479 5554 6
5509 5840 9
5539 5800 7
5554 5730 6
5557 5729 7
5565 955 9
5565 5729 7
5632 5708 10
5675 5678 9
5678 5729 8
5683 5729 8
5684 5705 1
5705 5718 3
5705 5819 3
5708 5723 5
5708 5840 6
5719 5825 7
5729 955 9
5768 5848 6
5789 5825 5
